Experiment	Sweeper	
Saved Date	30.06.2023 20:25:13	
User		
Date		
Start time	30.06.2023 20:13:08	
Sweep channel: Name	Output 2 (V)	
Sweep channel: Start (V)	-200E-6	
Sweep channel: Stop (V)	1E-3	
Sweep channel: Points	601	
Sweep channel: Max slew rate (V/s)	Inf	
Sweep channel: Initial settling time (s)	20E+3	
Sweep channel: End settling time (s)	2E+0	
Sweep channel: Backward sweep	TRUE	
Sweep channel: Number of sweeps	2	
Sweep channel: Reset	FALSE	
Step channel 1: Name	Output 3 (V)	
Step channel 1: Start (V)	50E-3	
Step channel 1: Stop (V)	50E-3	
Step channel 1: Points	2	
Step channel 1: Max slew rate (V/s)	10E+0	
Step channel 1:  Initial settling time (s)	2E+0	
Step channel 1: End settling time (s)	2E+0	
Step channel 1: Backward sweep	FALSE	
Step channel 1: Reset	FALSE	
Sweep Type	2D-Both RT	
Acquire channels	Input 1 (V);LI Demod 3 X (V)	
Filter type	None	
Order		
Cutoff frq		

[DATA]
Output 2 Setp. (V)	Input 1 [00001] (V)	LI Demod 3 X [00001] (V)	Input 1 [00002] (V)	LI Demod 3 X [00002] (V)	Input 1 [00001] [bwd] (V)	LI Demod 3 X [00001] [bwd] (V)	Input 1 [00002] [bwd] (V)	LI Demod 3 X [00002] [bwd] (V)
-199.99999E-6	40.733248E-3	765.31083E-6	40.425081E-3	834.90822E-6	40.520091E-3	772.08778E-6	40.650956E-3	866.56108E-6
-197.99999E-6	40.612005E-3	791.98036E-6	40.461782E-3	901.04289E-6	40.571727E-3	858.90444E-6	40.753234E-3	804.35659E-6
-195.99999E-6	40.491167E-3	902.67434E-6	40.544834E-3	838.29195E-6	40.656187E-3	915.85814E-6	40.745478E-3	786.13689E-6
-193.99999E-6	40.456582E-3	901.47962E-6	40.634621E-3	769.45580E-6	40.700521E-3	843.83349E-6	40.755745E-3	800.30534E-6
-191.99999E-6	40.518172E-3	804.45554E-6	40.610608E-3	814.72949E-6	40.757276E-3	776.35917E-6	40.853426E-3	878.16542E-6
-189.99999E-6	40.704742E-3	787.52072E-6	40.672164E-3	886.93609E-6	40.825762E-3	806.09636E-6	40.892687E-3	866.44077E-6
-187.99999E-6	40.800225E-3	865.82010E-6	40.749952E-3	846.87129E-6	40.889710E-3	900.82258E-6	40.903877E-3	786.46123E-6
-185.99999E-6	40.867895E-3	903.19628E-6	40.776469E-3	764.46304E-6	40.780600E-3	877.77403E-6	40.862557E-3	765.65065E-6
-183.99999E-6	40.849332E-3	799.78432E-6	40.790740E-3	786.92689E-6	40.749896E-3	759.35520E-6	40.843792E-3	818.16170E-6
-181.99999E-6	40.838677E-3	730.97023E-6	40.827800E-3	859.26830E-6	40.774234E-3	751.27982E-6	40.851329E-3	877.15156E-6
-180.00000E-6	40.871277E-3	817.20576E-6	40.932797E-3	870.66152E-6	40.818449E-3	849.04907E-6	40.785305E-3	857.03464E-6
-177.99999E-6	40.872570E-3	885.14766E-6	41.046109E-3	798.38792E-6	40.824197E-3	871.13224E-6	40.847920E-3	780.38347E-6
-176.00000E-6	40.781308E-3	836.30666E-6	41.151151E-3	766.29728E-6	40.825464E-3	811.22899E-6	40.822916E-3	748.16291E-6
-174.00000E-6	40.750269E-3	737.01888E-6	41.163169E-3	851.92954E-6	40.851407E-3	727.59943E-6	40.838197E-3	799.71598E-6
-172.00000E-6	40.764425E-3	778.79039E-6	41.089367E-3	886.32817E-6	40.831372E-3	811.62731E-6	40.786300E-3	906.99067E-6
-170.00000E-6	40.908683E-3	889.61149E-6	40.991001E-3	825.84203E-6	40.913273E-3	900.19370E-6	40.806990E-3	881.61341E-6
-168.00000E-6	41.037768E-3	863.18224E-6	40.893517E-3	761.35289E-6	40.987596E-3	870.15785E-6	40.740013E-3	806.41021E-6
-166.00000E-6	41.062482E-3	756.50332E-6	40.894557E-3	809.42636E-6	41.033093E-3	764.80216E-6	40.668339E-3	747.14725E-6
-164.00000E-6	41.079190E-3	768.91802E-6	40.860575E-3	892.85697E-6	41.017789E-3	756.39761E-6	40.671386E-3	792.56995E-6
-162.00000E-6	40.954139E-3	866.33151E-6	40.842678E-3	840.31129E-6	40.979851E-3	839.81286E-6	40.632002E-3	870.64772E-6
-160.00000E-6	40.866088E-3	893.35011E-6	40.869378E-3	750.50222E-6	40.856536E-3	899.99003E-6	40.640768E-3	902.11170E-6
-158.00000E-6	40.754404E-3	791.13944E-6	40.835939E-3	784.31232E-6	40.706601E-3	824.84633E-6	40.638994E-3	833.53574E-6
-155.99999E-6	40.662635E-3	758.81003E-6	40.734001E-3	900.36239E-6	40.585816E-3	767.43733E-6	40.611405E-3	769.04503E-6
-153.99999E-6	40.719971E-3	827.96707E-6	40.577430E-3	860.84532E-6	40.516634E-3	819.21805E-6	40.646985E-3	800.55860E-6
-151.99999E-6	40.574748E-3	930.00889E-6	40.311486E-3	775.65195E-6	40.321659E-3	908.94930E-6	40.426355E-3	940.59249E-6
-149.99999E-6	40.623114E-3	867.47325E-6	40.228982E-3	806.92559E-6	40.302344E-3	922.06313E-6	40.652882E-3	1.0780175E-3
-147.99999E-6	40.676478E-3	780.69011E-6	40.288936E-3	909.26449E-6	40.165007E-3	923.18206E-6	40.643528E-3	1.1566151E-3
-145.99999E-6	40.674850E-3	811.93383E-6	40.444303E-3	884.45464E-6	40.080301E-3	874.64630E-6	40.192097E-3	1.2670242E-3
-143.99999E-6	40.732585E-3	918.31747E-6	40.586084E-3	785.60266E-6	40.194992E-3	905.24106E-6	40.051799E-3	1.0796218E-3
-141.99999E-6	40.634096E-3	902.06525E-6	40.680449E-3	769.32536E-6	40.329609E-3	934.30700E-6	40.046308E-3	1.0605939E-3
-139.99999E-6	40.563270E-3	798.59834E-6	40.695526E-3	881.18610E-6	40.358182E-3	958.62808E-6	40.201847E-3	1.6881584E-3
-138.00000E-6	40.410705E-3	793.34277E-6	40.714063E-3	911.58546E-6	40.125083E-3	845.76977E-6	40.408004E-3	1.3792771E-3
-135.99999E-6	40.326606E-3	888.95264E-6	40.649943E-3	802.70012E-6	40.066533E-3	864.36939E-6	40.198825E-3	1.2188258E-3
-134.00000E-6	39.928008E-3	1.2429992E-3	40.071890E-3	1.1921048E-3	37.967458E-3	2.7256215E-3	38.579661E-3	2.4428645E-3
-131.99999E-6	39.186481E-3	1.1691872E-3	40.442411E-3	1.1446561E-3	36.349267E-3	2.8206734E-3	37.132066E-3	2.9169433E-3
-130.00000E-6	39.899874E-3	1.2808077E-3	40.375203E-3	1.0816983E-3	37.651505E-3	2.0409613E-3	36.285780E-3	3.2570565E-3
-127.99999E-6	40.375274E-3	1.4438342E-3	40.309995E-3	1.0054306E-3	37.957925E-3	1.8804974E-3	36.647007E-3	2.8263298E-3
-126.00000E-6	40.449377E-3	1.1897867E-3	40.516600E-3	1.2215674E-3	38.648326E-3	2.2126236E-3	37.760984E-3	2.5700587E-3
-124.00000E-6	39.765969E-3	1.1066494E-3	40.646445E-3	1.2975301E-3	36.358256E-3	3.1667911E-3	36.303077E-3	2.9175666E-3
-122.00000E-6	39.794691E-3	1.2395490E-3	40.378273E-3	1.1753815E-3	37.315577E-3	2.5155176E-3	37.082002E-3	3.0696786E-3
-120.00000E-6	39.945025E-3	1.5101540E-3	39.919015E-3	1.0628643E-3	37.465870E-3	2.2876905E-3	36.827125E-3	3.2927482E-3
-118.00000E-6	39.913241E-3	1.5912871E-3	40.128730E-3	988.37586E-6	38.400948E-3	2.5428380E-3	36.289360E-3	2.8778824E-3
-116.00000E-6	40.030416E-3	1.2414185E-3	40.382531E-3	1.2557119E-3	36.837365E-3	3.2486343E-3	37.261888E-3	2.7097482E-3
-113.99999E-6	36.635865E-3	3.0128309E-3	35.738122E-3	3.2012165E-3	32.469202E-3	343.28410E-6	31.171458E-3	-99.763973E-6
-111.99999E-6	35.057306E-3	2.3005744E-3	38.272481E-3	2.7648129E-3	30.790772E-3	-51.034294E-6	31.166676E-3	-34.970722E-6
-109.99999E-6	36.236938E-3	2.8423530E-3	38.403053E-3	2.5207044E-3	31.518549E-3	1.9843378E-3	31.138794E-3	49.980194E-6
-107.99999E-6	35.306834E-3	3.1041007E-3	37.219182E-3	2.7083200E-3	31.504862E-3	482.33074E-6	31.146251E-3	54.386259E-6
-105.99999E-6	35.516061E-3	3.0644897E-3	35.935812E-3	3.1178389E-3	30.832211E-3	59.086764E-6	31.146973E-3	-6.7510546E-6
-103.99999E-6	36.974307E-3	2.8274055E-3	36.207147E-3	3.3121426E-3	32.414775E-3	587.01466E-6	31.114774E-3	-71.181319E-6
-102.00000E-6	37.678823E-3	2.4829069E-3	37.662975E-3	2.6955786E-3	30.976132E-3	1.0169662E-3	31.159420E-3	-57.415913E-6
-99.999997E-6	35.729028E-3	3.2344074E-3	37.320480E-3	2.5340822E-3	30.966453E-3	-27.093101E-6	31.186821E-3	50.338993E-6
-97.999997E-6	34.242131E-3	3.1537965E-3	35.792600E-3	3.0623716E-3	31.748120E-3	408.78271E-6	31.175848E-3	58.384856E-6
-95.999996E-6	36.091499E-3	2.7317693E-3	35.928003E-3	3.3165787E-3	31.802483E-3	41.051473E-6	31.175395E-3	-6.4031174E-6
-93.999995E-6	31.248076E-3	124.98838E-6	31.133283E-3	698.54013E-6	31.056408E-3	-40.966308E-6	31.166468E-3	-74.251941E-6
-91.999995E-6	31.975158E-3	56.083612E-6	31.156890E-3	-48.946589E-6	31.135263E-3	-74.945492E-6	31.176042E-3	-52.529325E-6
-89.999994E-6	31.221090E-3	40.599149E-6	31.992096E-3	208.34501E-6	31.216327E-3	31.561329E-6	31.200454E-3	25.536225E-6
-87.999993E-6	31.238215E-3	-48.405738E-6	32.796726E-3	799.88356E-6	31.307384E-3	77.340708E-6	31.142494E-3	67.899360E-6
-85.999993E-6	31.232659E-3	-71.696013E-6	31.410839E-3	-77.119490E-6	31.339552E-3	-8.1824774E-6	31.171465E-3	17.344059E-6
-83.999992E-6	31.240305E-3	20.338111E-6	31.593986E-3	463.69169E-6	31.282544E-3	-71.141061E-6	31.172162E-3	-65.473621E-6
-81.999999E-6	31.175543E-3	84.056803E-6	32.514643E-3	64.531538E-6	31.248141E-3	-22.704624E-6	31.183837E-3	-45.875131E-6
-79.999998E-6	31.081682E-3	-21.272708E-6	32.483071E-3	813.70631E-6	31.119980E-3	62.298066E-6	31.204509E-3	45.697274E-6
-77.999997E-6	30.947527E-3	-69.292233E-6	32.002743E-3	784.53438E-6	30.997153E-3	53.238731E-6	31.207895E-3	75.909404E-6
-75.999997E-6	30.810788E-3	11.424721E-6	31.344298E-3	-85.568783E-6	30.924497E-3	-53.784053E-6	31.212734E-3	10.910185E-6
-73.999996E-6	30.860420E-3	67.739493E-6	31.299684E-3	12.602048E-6	30.915532E-3	-80.709295E-6	31.167112E-3	-99.809287E-6
-71.999995E-6	30.882141E-3	16.508029E-6	31.278595E-3	79.173231E-6	30.816300E-3	32.371336E-6	31.166913E-3	-52.623163E-6
-69.999995E-6	31.004431E-3	-87.853885E-6	31.255580E-3	-18.137207E-6	30.847698E-3	60.143066E-6	31.136991E-3	36.353726E-6
-67.999994E-6	31.078024E-3	-35.682613E-6	31.275924E-3	-83.965853E-6	30.795861E-3	-20.085858E-6	31.149266E-3	64.074578E-6
-65.999993E-6	31.138195E-3	52.337793E-6	31.255256E-3	13.421687E-6	30.824533E-3	-71.718947E-6	31.138021E-3	-2.6309101E-6
-63.999993E-6	31.161750E-3	62.399602E-6	31.166567E-3	60.758677E-6	30.825177E-3	-24.739787E-6	31.126006E-3	-84.971689E-6
-61.999992E-6	31.149935E-3	-69.364389E-6	31.098012E-3	1.9953998E-6	30.833324E-3	71.215225E-6	31.172981E-3	-41.142768E-6
-59.999991E-6	31.160092E-3	-60.523234E-6	30.942334E-3	-65.659100E-6	30.816622E-3	39.877395E-6	31.117501E-3	51.544768E-6
-57.999991E-6	31.198606E-3	38.883947E-6	30.833997E-3	-20.589723E-6	30.746246E-3	-77.763856E-6	31.156786E-3	63.093408E-6
-55.999990E-6	31.212298E-3	64.786858E-6	30.793831E-3	73.673975E-6	30.663237E-3	-48.478611E-6	31.134371E-3	-15.120057E-6
-53.999989E-6	31.261891E-3	-37.360740E-6	30.848833E-3	37.998361E-6	30.618947E-3	36.089394E-6	31.141100E-3	-91.954353E-6
-51.999989E-6	31.341679E-3	-99.241246E-6	30.938663E-3	-57.409477E-6	30.559309E-3	47.329911E-6	31.162893E-3	-52.185114E-6
-50.000002E-6	31.510055E-3	-3.4610746E-6	30.955613E-3	-43.062046E-6	30.557778E-3	-34.944969E-6	31.169523E-3	56.554236E-6
-48.000002E-6	31.579040E-3	80.709142E-6	31.038119E-3	51.644442E-6	30.608989E-3	-50.618393E-6	31.178191E-3	40.735213E-6
-46.000001E-6	31.669632E-3	15.769110E-6	31.080425E-3	51.456776E-6	30.712627E-3	4.3603923E-6	31.162485E-3	-11.242488E-6
-44.000000E-6	31.632029E-3	-94.702998E-6	31.105075E-3	-34.386754E-6	30.791286E-3	64.385917E-6	31.188177E-3	-65.318593E-6
-42.000000E-6	31.526018E-3	-21.735661E-6	31.081937E-3	-76.340009E-6	30.893657E-3	24.437966E-6	31.176195E-3	-30.900708E-6
-39.999999E-6	31.416330E-3	48.220234E-6	31.061357E-3	11.900017E-6	30.925980E-3	-79.106896E-6	31.159407E-3	63.907210E-6
-37.999998E-6	31.299863E-3	41.580846E-6	31.078121E-3	72.249299E-6	30.986927E-3	-60.553095E-6	31.174691E-3	70.798269E-6
-35.999998E-6	31.337112E-3	-62.629369E-6	31.142535E-3	-3.2068799E-6	31.050237E-3	41.417257E-6	31.145537E-3	-30.678115E-6
-33.999997E-6	31.373646E-3	-51.183051E-6	31.090669E-3	-97.938078E-6	31.033898E-3	29.310324E-6	31.123370E-3	-55.145112E-6
-31.999996E-6	31.337801E-3	51.820480E-6	31.341411E-3	-32.681117E-6	31.045923E-3	-38.694812E-6	31.148694E-3	-24.572895E-6
-29.999996E-6	31.310625E-3	43.650358E-6	31.441025E-3	73.118041E-6	31.053098E-3	-60.245897E-6	31.182451E-3	65.569431E-6
-27.999995E-6	31.256773E-3	-46.834495E-6	31.510249E-3	34.680128E-6	31.066205E-3	46.639085E-6	31.176640E-3	58.245059E-6
-25.999994E-6	31.219868E-3	-70.161790E-6	31.448238E-3	-77.853234E-6	31.120412E-3	81.893901E-6	31.140031E-3	-47.157380E-6
-23.999994E-6	31.133169E-3	5.4624584E-6	31.376570E-3	-29.164745E-6	31.220622E-3	-13.770497E-6	31.153031E-3	-56.624474E-6
-21.999993E-6	31.017462E-3	92.216804E-6	31.255655E-3	45.404260E-6	31.306684E-3	-86.118176E-6	31.121222E-3	-2.0753744E-6
-19.999992E-6	30.853493E-3	-6.5963986E-6	31.212723E-3	67.075722E-6	31.333871E-3	4.0561599E-6	31.098867E-3	68.143672E-6
-17.999992E-6	30.775014E-3	-103.32468E-6	31.234743E-3	-43.825206E-6	31.264152E-3	90.767688E-6	31.086426E-3	30.600509E-6
-15.999991E-6	30.884806E-3	-9.2888795E-6	31.221332E-3	-84.460269E-6	31.116486E-3	24.630959E-6	31.106785E-3	-60.125371E-6
-13.999990E-6	31.041086E-3	79.837817E-6	31.202946E-3	4.7810668E-6	31.062704E-3	-100.03757E-6	31.098606E-3	-69.519767E-6
-11.999990E-6	31.105367E-3	6.7993769E-6	31.253453E-3	67.976645E-6	30.950315E-3	2.7014844E-6	31.090939E-3	-3.0355495E-6
-9.9999888E-6	31.131724E-3	-57.681864E-6	31.241437E-3	-16.739155E-6	30.863300E-3	78.978796E-6	31.081628E-3	78.951380E-6
-7.9999882E-6	31.160833E-3	-33.513737E-6	31.194633E-3	-72.314426E-6	30.862382E-3	31.198128E-6	31.113565E-3	55.971304E-6
-6.0000020E-6	31.179534E-3	69.130299E-6	31.180786E-3	-26.689928E-6	30.889811E-3	-64.694759E-6	31.036869E-3	-53.267147E-6
-4.0000014E-6	31.186394E-3	35.668076E-6	31.097135E-3	63.166131E-6	30.903885E-3	-56.852321E-6	31.004841E-3	-64.282278E-6
-2.0000007E-6	31.179510E-3	-47.233611E-6	31.071572E-3	32.047719E-6	30.960822E-3	40.969309E-6	30.900110E-3	-184.53012E-9
0.0000000E+0	31.212000E-3	-81.056380E-6	30.938312E-3	-48.648686E-6	30.928150E-3	56.399487E-6	30.950719E-3	53.756408E-6
2.0000007E-6	31.279068E-3	18.238406E-6	30.853521E-3	-59.487327E-6	30.824235E-3	-38.785704E-6	30.907819E-3	47.631955E-6
4.0000014E-6	31.456329E-3	70.635513E-6	30.772643E-3	26.337779E-6	30.726414E-3	-83.397223E-6	30.879157E-3	-63.427062E-6
6.0000020E-6	31.587768E-3	-52.176580E-6	30.785792E-3	81.215963E-6	30.599359E-3	1.3838774E-6	30.813877E-3	-67.812536E-6
8.0000027E-6	31.646717E-3	-86.095461E-6	30.831579E-3	-2.6169698E-6	30.523214E-3	54.336611E-6	30.865217E-3	14.289643E-6
10.000003E-6	31.655207E-3	4.6097548E-6	30.864669E-3	-85.202337E-6	30.611364E-3	-3.2832925E-6	30.860713E-3	59.971317E-6
12.000004E-6	31.557675E-3	88.808920E-6	30.936113E-3	-19.442672E-6	30.662311E-3	-85.909676E-6	30.792570E-3	-2.6041103E-6
14.000005E-6	31.481225E-3	32.365810E-6	31.028980E-3	79.633246E-6	30.787705E-3	-7.4914187E-6	30.820619E-3	-65.830529E-6
16.000005E-6	31.389680E-3	-90.778543E-6	31.078527E-3	36.831123E-6	30.912315E-3	86.667933E-6	30.859603E-3	-44.929038E-6
18.000006E-6	31.366199E-3	-41.606017E-6	31.126546E-3	-59.274960E-6	30.987363E-3	47.856374E-6	30.843362E-3	43.274347E-6
20.000007E-6	31.333927E-3	64.772030E-6	31.140441E-3	-51.697090E-6	30.978283E-3	-82.526210E-6	30.827954E-3	79.456287E-6
22.000007E-6	31.355184E-3	29.890050E-6	31.194739E-3	25.774334E-6	31.011926E-3	-38.052334E-6	30.830733E-3	2.9032685E-6
24.000008E-6	31.315289E-3	-57.508107E-6	31.172480E-3	56.009547E-6	31.052448E-3	60.676419E-6	30.911691E-3	-81.581013E-6
26.000009E-6	31.336524E-3	-49.780461E-6	31.125935E-3	-38.613172E-6	30.995617E-3	30.439316E-6	30.891338E-3	-45.303688E-6
28.000009E-6	31.257149E-3	64.667584E-6	31.133683E-3	-76.447490E-6	30.997600E-3	-43.460488E-6	30.973257E-3	58.447531E-6
30.000010E-6	31.225508E-3	65.989188E-6	31.171430E-3	-26.579231E-6	31.043623E-3	-67.574176E-6	31.018328E-3	85.459040E-6
32.000011E-6	31.031735E-3	-56.728404E-6	31.207163E-3	58.536807E-6	31.115929E-3	30.801446E-6	30.965380E-3	-15.297604E-6
34.000012E-6	30.917767E-3	-80.914993E-6	31.264383E-3	23.146269E-6	31.264227E-3	88.841509E-6	30.951062E-3	-71.056274E-6
35.999998E-6	30.821541E-3	2.0686480E-6	31.355597E-3	-65.522465E-6	31.347722E-3	-6.0951384E-6	31.080727E-3	-32.546443E-6
37.999998E-6	30.805426E-3	76.159704E-6	31.410262E-3	-71.972841E-6	31.365272E-3	-91.199559E-6	31.165766E-3	61.191531E-6
39.999999E-6	30.866113E-3	-20.021549E-6	31.469379E-3	41.270610E-6	31.332672E-3	2.0928921E-6	31.240935E-3	34.561963E-6
42.000000E-6	30.980248E-3	-81.448830E-6	31.613637E-3	75.113487E-6	31.203434E-3	69.694397E-6	31.269275E-3	-22.189561E-6
44.000000E-6	31.059951E-3	-9.7177299E-6	31.661879E-3	-27.610546E-6	31.108597E-3	30.987852E-6	31.273887E-3	-76.151649E-6
46.000016E-6	31.122517E-3	83.294188E-6	31.630404E-3	-73.964758E-6	30.983459E-3	-102.28559E-6	31.294763E-3	-14.879839E-6
48.000002E-6	31.179486E-3	10.259008E-6	31.572435E-3	-22.605380E-6	30.928537E-3	-31.397198E-6	31.327128E-3	46.212852E-6
50.000017E-6	31.163564E-3	-77.927143E-6	31.500500E-3	70.683891E-6	30.867079E-3	45.416098E-6	31.317636E-3	58.172900E-6
52.000003E-6	31.172151E-3	-31.205596E-6	31.376649E-3	35.447345E-6	30.867267E-3	42.608252E-6	31.334583E-3	-42.810283E-6
54.000018E-6	31.173356E-3	59.887188E-6	31.332549E-3	-67.527981E-6	30.874841E-3	-57.635625E-6	31.346526E-3	-50.992618E-6
56.000004E-6	31.182880E-3	67.302601E-6	31.290188E-3	-51.989900E-6	30.844195E-3	-64.908818E-6	31.361245E-3	-9.4398411E-6
57.999991E-6	31.218572E-3	-35.207577E-6	31.251054E-3	29.016919E-6	30.779023E-3	25.883888E-6	31.362183E-3	54.080327E-6
60.000006E-6	31.264000E-3	-86.116823E-6	31.249894E-3	63.435327E-6	30.777523E-3	61.905273E-6	31.335700E-3	23.643815E-6
61.999992E-6	31.401455E-3	-1.4672942E-6	31.264402E-3	-6.3648990E-6	30.614784E-3	-42.803913E-6	31.351671E-3	-61.708568E-6
64.000007E-6	31.489298E-3	68.689478E-6	31.269621E-3	-93.213515E-6	30.540798E-3	-92.879214E-6	31.359132E-3	-73.738098E-6
65.999993E-6	31.513143E-3	-1.1988069E-6	31.255241E-3	-29.659030E-6	30.540222E-3	27.596605E-6	31.313490E-3	7.1124055E-6
68.000008E-6	31.624224E-3	-73.909163E-6	31.257309E-3	78.344754E-6	30.646361E-3	77.377430E-6	31.319611E-3	64.083593E-6
69.999995E-6	31.594906E-3	-21.667278E-6	31.261820E-3	34.441015E-6	30.720808E-3	20.744612E-6	31.324461E-3	4.7580211E-6
72.000010E-6	31.558465E-3	78.658784E-6	31.245157E-3	-54.943110E-6	30.870380E-3	-79.343838E-6	31.380273E-3	-66.907778E-6
73.999996E-6	31.570580E-3	47.731322E-6	31.203521E-3	-64.138243E-6	30.970786E-3	-32.361240E-6	31.345125E-3	-43.408007E-6
76.000011E-6	31.475201E-3	-42.144344E-6	31.171082E-3	32.747670E-6	30.999165E-3	58.827860E-6	31.342339E-3	52.363899E-6
77.999997E-6	31.439252E-3	-62.916733E-6	31.131970E-3	56.698496E-6	30.968998E-3	17.880375E-6	31.360563E-3	65.213557E-6
80.000013E-6	31.381786E-3	26.009044E-6	31.034959E-3	-8.4710509E-6	30.978600E-3	-78.050383E-6	31.349562E-3	-9.2596038E-6
81.999999E-6	31.389672E-3	55.276887E-6	30.989271E-3	-86.442044E-6	31.001264E-3	-49.386701E-6	31.372674E-3	-64.899519E-6
84.000014E-6	31.397264E-3	-24.594290E-6	30.882200E-3	-41.661046E-6	31.036658E-3	39.096663E-6	31.355798E-3	-52.764415E-6
86.000000E-6	31.363253E-3	-59.707578E-6	30.819533E-3	60.373517E-6	31.054981E-3	55.976834E-6	31.386863E-3	51.223509E-6
88.000015E-6	31.394087E-3	-5.8511405E-6	30.780297E-3	48.812948E-6	31.145930E-3	-24.974874E-6	31.365786E-3	78.767262E-6
90.000001E-6	31.289190E-3	67.898218E-6	30.808920E-3	-48.031499E-6	31.226547E-3	-71.473216E-6	31.402186E-3	-35.213889E-6
92.000017E-6	31.274918E-3	13.694036E-6	30.818321E-3	-81.207480E-6	31.346031E-3	11.806046E-6	31.393014E-3	-89.717076E-6
94.000003E-6	31.203439E-3	-74.396332E-6	30.875854E-3	13.853524E-6	31.292673E-3	69.765687E-6	31.445339E-3	-25.477699E-6
96.000018E-6	31.096272E-3	-46.231540E-6	30.963644E-3	57.570091E-6	32.890014E-3	2.0766612E-3	35.375722E-3	2.1529028E-3
98.000004E-6	30.832829E-3	61.458486E-6	31.035403E-3	-3.1324564E-6	33.329368E-3	568.12068E-6	33.834387E-3	2.7587768E-3
99.999990E-6	30.755674E-3	43.277036E-6	31.031901E-3	-66.816610E-6	32.610387E-3	808.31925E-6	34.794364E-3	2.5758650E-3
102.00001E-6	30.668298E-3	-48.744361E-6	31.040577E-3	-32.614949E-6	32.290228E-3	1.8915739E-3	34.281548E-3	1.0442025E-3
103.99999E-6	30.751860E-3	-81.318962E-6	31.065110E-3	52.823641E-6	33.167239E-3	2.8777851E-3	35.173405E-3	1.9769249E-3
106.00001E-6	30.749403E-3	14.704136E-6	31.080998E-3	63.308828E-6	34.373641E-3	1.7874928E-3	35.126973E-3	2.2789675E-3
107.99999E-6	30.869771E-3	74.022915E-6	31.113146E-3	-33.585351E-6	33.767100E-3	1.3964697E-3	34.991812E-3	2.8678514E-3
110.00001E-6	30.913858E-3	-20.054635E-6	31.070167E-3	-64.673935E-6	32.931883E-3	1.7887063E-3	34.514494E-3	3.0115184E-3
111.99999E-6	30.931655E-3	-58.567170E-6	31.110914E-3	31.529362E-6	34.149028E-3	2.9220870E-3	35.660818E-3	2.2843580E-3
114.00001E-6	31.030226E-3	-9.7973625E-6	31.129785E-3	71.409981E-6	39.675400E-3	1.1312645E-3	41.063439E-3	1.3117970E-3
116.00000E-6	31.015299E-3	72.141578E-6	31.150606E-3	10.145039E-6	39.103471E-3	1.9377507E-3	40.612623E-3	1.4691782E-3
118.00001E-6	31.011621E-3	33.788638E-6	31.263053E-3	-54.964221E-6	39.410673E-3	1.6446271E-3	40.593084E-3	1.1355852E-3
120.00000E-6	31.047394E-3	-61.971150E-6	31.309806E-3	-23.797882E-6	39.020695E-3	1.4014317E-3	40.710386E-3	1.0734500E-3
122.00001E-6	31.106064E-3	-66.119333E-6	31.437639E-3	87.312394E-6	39.028920E-3	1.0953967E-3	40.652700E-3	1.2740503E-3
124.00000E-6	31.149661E-3	20.352469E-6	31.513348E-3	31.148222E-6	38.969908E-3	1.6881744E-3	40.312592E-3	1.7216704E-3
126.00001E-6	31.198347E-3	57.324931E-6	31.609423E-3	-67.912901E-6	39.885510E-3	1.5000050E-3	40.331863E-3	1.4038567E-3
128.00000E-6	31.352893E-3	-23.369475E-6	31.578090E-3	-61.254126E-6	39.738860E-3	1.3659747E-3	40.506560E-3	1.0518129E-3
130.00001E-6	31.503357E-3	-70.532813E-6	31.488355E-3	19.454905E-6	39.446011E-3	1.0833258E-3	40.611427E-3	980.41631E-6
132.00000E-6	31.549748E-3	26.223412E-6	31.391077E-3	74.474643E-6	40.024262E-3	935.21149E-6	40.998295E-3	1.0502306E-3
134.00002E-6	35.150964E-3	2.4180601E-3	34.911968E-3	1.7232102E-3	40.492728E-3	858.60566E-6	41.166700E-3	904.24798E-6
136.00000E-6	35.098530E-3	1.7268762E-3	35.403043E-3	2.6571068E-3	40.512424E-3	906.55743E-6	41.023817E-3	924.93882E-6
138.00002E-6	35.609350E-3	2.5253280E-3	34.211885E-3	2.9675344E-3	40.571027E-3	891.01709E-6	41.019738E-3	802.75111E-6
140.00000E-6	33.908311E-3	3.1734779E-3	33.919945E-3	2.3595609E-3	40.695108E-3	790.29909E-6	40.976807E-3	795.52468E-6
141.99999E-6	33.998411E-3	2.7354942E-3	33.942308E-3	1.4687135E-3	40.722135E-3	803.20204E-6	40.919285E-3	855.74650E-6
144.00001E-6	35.655916E-3	2.3416509E-3	35.481069E-3	2.3742323E-3	40.783782E-3	892.70360E-6	40.882166E-3	911.67632E-6
145.99999E-6	35.745755E-3	2.8058302E-3	34.154799E-3	3.2305557E-3	40.877514E-3	913.70026E-6	40.910382E-3	878.26623E-6
148.00001E-6	34.744654E-3	3.1749837E-3	34.352299E-3	2.8930055E-3	40.935658E-3	822.67856E-6	40.959179E-3	778.34289E-6
149.99999E-6	33.579849E-3	2.9295492E-3	34.895167E-3	2.1106231E-3	41.027181E-3	778.45633E-6	40.934227E-3	805.79298E-6
152.00001E-6	40.059477E-3	1.3671201E-3	39.720401E-3	1.3285258E-3	41.108444E-3	827.20781E-6	41.079089E-3	853.86250E-6
153.99999E-6	40.303547E-3	1.2673127E-3	39.689414E-3	1.1578368E-3	40.955819E-3	900.30319E-6	41.131783E-3	912.52371E-6
156.00001E-6	40.135007E-3	1.0443203E-3	39.510891E-3	1.1865615E-3	40.878385E-3	846.43811E-6	41.140556E-3	812.85671E-6
158.00000E-6	39.743874E-3	1.0877784E-3	39.771177E-3	1.4916856E-3	40.752113E-3	754.64341E-6	41.129824E-3	744.19478E-6
160.00001E-6	39.659049E-3	1.3008785E-3	40.108312E-3	1.2918274E-3	40.732138E-3	783.86214E-6	41.094944E-3	806.65969E-6
162.00000E-6	39.673600E-3	1.4125792E-3	40.042538E-3	994.56147E-6	40.721036E-3	880.99559E-6	41.010521E-3	895.95444E-6
164.00001E-6	39.858699E-3	1.0940005E-3	40.034749E-3	1.0295031E-3	40.685315E-3	858.10333E-6	40.849101E-3	853.74439E-6
166.00000E-6	39.679114E-3	1.0853927E-3	39.974049E-3	1.3042612E-3	40.654264E-3	754.72606E-6	40.661048E-3	762.41355E-6
168.00001E-6	39.967030E-3	1.2254331E-3	40.241480E-3	1.3901290E-3	40.670216E-3	756.83551E-6	40.593963E-3	745.50638E-6
170.00000E-6	40.371183E-3	1.2486994E-3	40.211499E-3	1.1833180E-3	40.649343E-3	838.16459E-6	40.597335E-3	870.45814E-6
172.00001E-6	40.880326E-3	835.20985E-6	40.735062E-3	844.68117E-6	40.621594E-3	904.40211E-6	40.654071E-3	895.56223E-6
174.00000E-6	40.891189E-3	841.23487E-6	40.763665E-3	906.37762E-6	40.521432E-3	788.35111E-6	40.727269E-3	807.47856E-6
176.00002E-6	40.812559E-3	902.97707E-6	40.817138E-3	870.88079E-6	40.504910E-3	751.69047E-6	40.803079E-3	740.33713E-6
178.00000E-6	40.753324E-3	933.05361E-6	40.887315E-3	809.11332E-6	40.419020E-3	803.54017E-6	40.864266E-3	807.81040E-6
180.00002E-6	40.724985E-3	815.15848E-6	41.020662E-3	801.73201E-6	40.353283E-3	893.92008E-6	40.970080E-3	896.47435E-6
182.00000E-6	40.762786E-3	790.20893E-6	41.185621E-3	887.27730E-6	40.322669E-3	859.96924E-6	40.965158E-3	853.68392E-6
184.00002E-6	40.771805E-3	870.32397E-6	41.270319E-3	909.09976E-6	40.359322E-3	752.67482E-6	40.917411E-3	769.90062E-6
186.00000E-6	40.852323E-3	930.36279E-6	41.323062E-3	848.30349E-6	40.473491E-3	771.74354E-6	40.970955E-3	769.42262E-6
187.99999E-6	41.049052E-3	858.13290E-6	41.439265E-3	786.40913E-6	40.591996E-3	867.87093E-6	41.042991E-3	869.88026E-6
190.00001E-6	41.172672E-3	790.06783E-6	41.279282E-3	857.92906E-6	40.630419E-3	873.87650E-6	41.029952E-3	886.30820E-6
191.99999E-6	41.364413E-3	820.92237E-6	41.305289E-3	917.11502E-6	40.616263E-3	805.56131E-6	40.968709E-3	823.06925E-6
194.00001E-6	41.325025E-3	874.61958E-6	41.246347E-3	846.14108E-6	40.598333E-3	771.39837E-6	40.995758E-3	737.79322E-6
195.99999E-6	41.207477E-3	866.26492E-6	41.241094E-3	752.85212E-6	40.662549E-3	885.19510E-6	40.962774E-3	839.39353E-6
198.00001E-6	41.090060E-3	762.24731E-6	41.216683E-3	802.16478E-6	40.623959E-3	943.97459E-6	41.049082E-3	946.28602E-6
199.99999E-6	41.028187E-3	745.66813E-6	41.239604E-3	896.27510E-6	40.677417E-3	862.20138E-6	41.145127E-3	886.76886E-6
202.00001E-6	40.995900E-3	860.71214E-6	41.246753E-3	854.97263E-6	40.694643E-3	754.93514E-6	41.167706E-3	788.94920E-6
204.00000E-6	40.962111E-3	885.25424E-6	41.220613E-3	754.71331E-6	40.698897E-3	823.61221E-6	41.229840E-3	818.75757E-6
206.00001E-6	40.927883E-3	802.24249E-6	41.207679E-3	778.84301E-6	40.771935E-3	924.88719E-6	41.239090E-3	898.56150E-6
208.00000E-6	40.923439E-3	765.39599E-6	41.130640E-3	855.98120E-6	40.837713E-3	895.66456E-6	41.229110E-3	909.53399E-6
210.00001E-6	40.932637E-3	821.70131E-6	40.870182E-3	898.52931E-6	39.253421E-3	1.6101415E-3	40.308658E-3	1.6623257E-3
212.00000E-6	40.915672E-3	897.91755E-6	40.701669E-3	801.89551E-6	39.800808E-3	1.2257439E-3	39.436646E-3	1.3292924E-3
214.00001E-6	40.831823E-3	845.35812E-6	40.582545E-3	751.05421E-6	40.090799E-3	1.7422136E-3	39.895833E-3	1.1651233E-3
216.00000E-6	40.710762E-3	743.36544E-6	40.536299E-3	830.89696E-6	39.973754E-3	1.6884982E-3	40.133949E-3	1.6330158E-3
218.00002E-6	40.584501E-3	822.05550E-6	40.626902E-3	880.58639E-6	39.593544E-3	1.6812028E-3	40.092740E-3	1.7112299E-3
220.00000E-6	40.494494E-3	877.05447E-6	40.709279E-3	821.33379E-6	39.251730E-3	1.3605213E-3	39.868142E-3	1.5243236E-3
222.00002E-6	40.453445E-3	855.48178E-6	40.817570E-3	754.24934E-6	39.556883E-3	1.1375726E-3	39.652407E-3	1.3267364E-3
224.00000E-6	40.583279E-3	771.73172E-6	40.910546E-3	795.91037E-6	39.488573E-3	2.0988723E-3	39.611999E-3	1.4734981E-3
226.00002E-6	40.682588E-3	772.42410E-6	40.921655E-3	896.15921E-6	39.592367E-3	1.8978391E-3	39.921049E-3	1.6613529E-3
228.00000E-6	40.727980E-3	865.74437E-6	40.910829E-3	860.14014E-6	39.367653E-3	1.6743283E-3	39.294597E-3	2.0154628E-3
229.99999E-6	40.715028E-3	922.00091E-6	40.790871E-3	757.04575E-6	33.619083E-3	2.8690542E-3	32.242279E-3	2.3757159E-3
232.00001E-6	40.686533E-3	773.61759E-6	40.775161E-3	795.52521E-6	35.043087E-3	2.7958413E-3	32.915246E-3	3.1221656E-3
233.99999E-6	40.855955E-3	777.66209E-6	40.796056E-3	884.90930E-6	34.373589E-3	1.9230162E-3	34.689385E-3	2.2496607E-3
236.00001E-6	40.893536E-3	867.72471E-6	40.939648E-3	896.79076E-6	34.681741E-3	2.3144591E-3	35.451364E-3	2.0088039E-3
237.99999E-6	40.941462E-3	931.22304E-6	41.232202E-3	791.74497E-6	32.451805E-3	3.0051684E-3	32.015316E-3	1.6490846E-3
240.00001E-6	40.898100E-3	819.95322E-6	41.413724E-3	787.44418E-6	34.466084E-3	2.3605619E-3	33.331133E-3	2.5376463E-3
241.99999E-6	40.968504E-3	761.93450E-6	41.288752E-3	874.32883E-6	34.752313E-3	2.0440610E-3	34.078963E-3	2.6021188E-3
244.00001E-6	41.108768E-3	855.90809E-6	41.392583E-3	885.67712E-6	33.704761E-3	1.6946680E-3	33.679117E-3	1.1286171E-3
246.00001E-6	41.231409E-3	918.22504E-6	41.238252E-3	820.26521E-6	33.128291E-3	2.7405981E-3	31.774759E-3	866.52569E-6
248.00003E-6	40.533252E-3	1.1531966E-3	40.204559E-3	1.3683707E-3	31.006649E-3	56.331264E-6	30.842660E-3	-85.884269E-6
249.99998E-6	40.525403E-3	1.1445897E-3	40.569969E-3	1.6320460E-3	31.064337E-3	58.389596E-6	30.863354E-3	-14.181180E-6
252.00000E-6	40.716849E-3	1.4458534E-3	40.571690E-3	1.3337110E-3	31.058567E-3	-51.442443E-6	30.893734E-3	56.624565E-6
254.00001E-6	40.608771E-3	1.3614581E-3	39.929166E-3	1.1181814E-3	31.089924E-3	-50.767401E-6	30.948952E-3	31.629264E-6
256.00003E-6	40.310096E-3	1.0901135E-3	40.143818E-3	1.3220956E-3	31.086331E-3	25.883048E-6	31.038785E-3	-59.013764E-6
257.99999E-6	39.763726E-3	1.2019916E-3	40.055640E-3	1.6311683E-3	31.191742E-3	39.813760E-6	31.147577E-3	-77.182587E-6
260.00000E-6	40.272154E-3	1.4842383E-3	39.948650E-3	1.3568985E-3	31.387702E-3	-46.370074E-6	31.218931E-3	32.613749E-6
262.00002E-6	40.597763E-3	1.5527150E-3	39.214373E-3	1.1097452E-3	31.471603E-3	-77.331839E-6	31.287789E-3	76.103170E-6
264.00003E-6	40.126115E-3	1.4027352E-3	39.651800E-3	1.2972096E-3	31.394541E-3	32.278680E-6	31.241998E-3	358.72378E-9
265.99999E-6	39.631762E-3	1.2314902E-3	40.125109E-3	1.4671265E-3	31.239970E-3	77.826873E-6	31.296697E-3	-61.079423E-6
268.00000E-6	34.375146E-3	1.9980290E-3	35.338335E-3	3.2341212E-3	31.092132E-3	-20.708405E-6	31.295758E-3	-31.784006E-6
270.00002E-6	36.022943E-3	2.3712239E-3	34.990609E-3	3.1238643E-3	30.998137E-3	-88.660679E-6	31.310156E-3	44.596207E-6
271.99998E-6	34.431387E-3	2.7949533E-3	36.809098E-3	2.5926649E-3	30.974355E-3	11.116178E-6	31.322639E-3	50.177594E-6
273.99999E-6	33.640042E-3	2.7518030E-3	37.063099E-3	2.5730964E-3	30.979624E-3	60.760492E-6	31.315099E-3	-67.400491E-6
276.00001E-6	33.675130E-3	1.7190570E-3	35.542477E-3	2.9423828E-3	30.951858E-3	11.258379E-6	31.343732E-3	-63.095911E-6
278.00002E-6	35.756543E-3	2.2373253E-3	35.517305E-3	2.9680945E-3	30.924523E-3	-80.707017E-6	31.401705E-3	28.104689E-6
279.99998E-6	34.631215E-3	2.4434547E-3	36.231901E-3	2.6120564E-3	30.879043E-3	-137.13019E-9	31.484593E-3	66.070657E-6
281.99999E-6	33.180226E-3	2.6605232E-3	37.570707E-3	2.6317071E-3	30.779293E-3	76.345284E-6	31.528693E-3	-30.257028E-6
284.00001E-6	34.818072E-3	1.9929258E-3	36.270875E-3	3.0744197E-3	30.628478E-3	2.5460354E-6	31.641800E-3	-83.961553E-6
286.00002E-6	31.305972E-3	36.845347E-6	31.614259E-3	13.913442E-6	30.603511E-3	-72.499133E-6	31.703115E-3	-30.633953E-6
287.99998E-6	31.392813E-3	62.295090E-6	31.413648E-3	-87.864231E-6	30.684929E-3	-15.832760E-6	31.640597E-3	43.775370E-6
290.00000E-6	31.554047E-3	-23.849359E-6	31.337012E-3	-37.613776E-6	30.871850E-3	56.615881E-6	31.689063E-3	50.028069E-6
292.00001E-6	31.648181E-3	-72.124400E-6	31.322550E-3	54.025681E-6	31.010345E-3	16.981050E-6	31.666923E-3	-66.345499E-6
293.99997E-6	31.689089E-3	10.740900E-6	31.305715E-3	19.791552E-6	31.020058E-3	-80.232305E-6	31.545196E-3	-53.470769E-6
295.99998E-6	31.598508E-3	86.525244E-6	31.327918E-3	-59.267742E-6	31.044880E-3	-32.589825E-6	31.413879E-3	41.187763E-6
298.00000E-6	31.473953E-3	-14.083793E-6	31.255540E-3	-51.915980E-6	31.052168E-3	65.938460E-6	31.334989E-3	59.141785E-6
300.00001E-6	31.384878E-3	-83.742969E-6	31.365532E-3	67.160276E-6	31.085901E-3	21.840431E-6	31.276878E-3	-6.1755150E-6
301.99997E-6	31.376928E-3	-10.140733E-6	31.258665E-3	44.674936E-6	31.086253E-3	-82.413469E-6	31.239012E-3	-75.248390E-6
303.99999E-6	31.344149E-3	76.870398E-6	31.074956E-3	-46.670651E-6	31.185145E-3	-59.328340E-6	31.187069E-3	-24.898616E-6
306.00000E-6	31.366631E-3	-13.772162E-6	30.963758E-3	-52.196330E-6	31.324316E-3	38.647766E-6	31.147130E-3	69.212358E-6
308.00002E-6	31.329460E-3	-84.123851E-6	31.009670E-3	56.169567E-6	31.400010E-3	56.326484E-6	31.159565E-3	36.284400E-6
309.99997E-6	31.205697E-3	-5.0351432E-6	31.179566E-3	64.291744E-6	31.355280E-3	-48.502508E-6	31.191751E-3	-62.201158E-6
311.99999E-6	31.062359E-3	65.506058E-6	31.297602E-3	-51.475577E-6	31.182801E-3	-63.796804E-6	31.169875E-3	-47.749832E-6
314.00000E-6	30.938089E-3	13.692631E-6	31.319741E-3	-83.235383E-6	31.073164E-3	27.074140E-6	31.132743E-3	21.037411E-6
315.99996E-6	30.912772E-3	-63.898951E-6	31.350445E-3	21.641772E-6	30.954314E-3	65.987871E-6	31.148376E-3	81.837439E-6
317.99998E-6	31.019099E-3	-37.412374E-6	31.341832E-3	71.596121E-6	30.888500E-3	-51.887648E-6	31.142389E-3	-7.9168758E-6
319.99999E-6	31.150810E-3	77.459503E-6	31.281024E-3	-29.670529E-6	30.932477E-3	-88.364504E-6	31.116309E-3	-78.805329E-6
322.00001E-6	31.229895E-3	24.918294E-6	31.297684E-3	-54.618780E-6	30.920511E-3	31.724434E-6	31.025320E-3	-30.991883E-6
323.99996E-6	31.243313E-3	-92.370115E-6	31.398393E-3	12.324164E-6	30.922616E-3	85.502150E-6	30.997848E-3	54.625601E-6
325.99998E-6	31.247625E-3	-36.157304E-6	31.566642E-3	75.591495E-6	30.810863E-3	-27.811291E-6	30.887572E-3	34.142588E-6
327.99999E-6	31.259604E-3	59.412734E-6	31.658102E-3	-10.983000E-6	30.689662E-3	-73.554591E-6	30.788584E-3	-49.090660E-6
330.00001E-6	31.284645E-3	41.847328E-6	31.734772E-3	-81.513477E-6	30.573223E-3	23.334165E-6	30.786561E-3	-77.531753E-6
331.99997E-6	31.374171E-3	-45.566234E-6	31.639524E-3	-14.043534E-6	30.620176E-3	80.001999E-6	30.802578E-3	22.306591E-6
333.99998E-6	31.422459E-3	-72.222378E-6	31.512599E-3	57.881138E-6	30.739315E-3	-14.509097E-6	30.837780E-3	66.933208E-6
336.00000E-6	31.645920E-3	41.018666E-6	31.436987E-3	13.062499E-6	30.870523E-3	-91.279326E-6	30.939290E-3	-5.4198254E-6
338.00001E-6	31.706400E-3	53.385818E-6	31.395309E-3	-79.645033E-6	30.995816E-3	-18.299668E-6	31.039942E-3	-85.046566E-6
339.99997E-6	31.725615E-3	-37.890641E-6	31.349633E-3	-31.924668E-6	31.066928E-3	73.743642E-6	31.111479E-3	-47.992609E-6
341.99998E-6	31.588033E-3	-60.716091E-6	31.396676E-3	53.893142E-6	31.057926E-3	36.479283E-6	31.219117E-3	80.565282E-6
344.00000E-6	31.500019E-3	3.9712991E-6	31.380966E-3	29.854589E-6	31.064998E-3	-90.602145E-6	31.261045E-3	26.873551E-6
346.00002E-6	31.411882E-3	61.966573E-6	31.317934E-3	-87.897919E-6	31.115575E-3	-38.333041E-6	31.243451E-3	-48.899597E-6
347.99997E-6	31.350933E-3	-25.456849E-6	31.238213E-3	-49.450668E-6	31.117206E-3	50.310879E-6	31.257123E-3	-61.905303E-6
349.99999E-6	31.349294E-3	-88.160370E-6	31.040581E-3	46.389145E-6	31.143071E-3	41.655167E-6	31.262990E-3	29.942606E-6
352.00000E-6	31.350162E-3	-17.979322E-6	30.871281E-3	47.538364E-6	31.247213E-3	-50.953957E-6	31.255133E-3	80.068261E-6
354.00002E-6	31.333908E-3	63.644038E-6	30.881599E-3	-39.469254E-6	31.379770E-3	-62.365776E-6	31.278785E-3	-4.1625212E-6
355.99997E-6	31.332675E-3	2.2514437E-6	31.006971E-3	-44.946020E-6	31.457309E-3	32.674510E-6	31.321134E-3	-90.876965E-6
357.99999E-6	31.255133E-3	-70.819355E-6	31.135116E-3	39.009046E-6	31.372100E-3	44.382887E-6	31.319052E-3	-9.9323397E-6
360.00001E-6	31.001348E-3	-40.005481E-6	31.193892E-3	53.973108E-6	31.284153E-3	-26.845644E-6	31.296618E-3	73.878691E-6
361.99996E-6	30.814953E-3	47.812089E-6	31.228466E-3	-26.705728E-6	31.144636E-3	-65.741544E-6	31.328503E-3	60.275561E-6
363.99998E-6	30.736588E-3	19.080586E-6	31.249091E-3	-70.773182E-6	31.036638E-3	15.979555E-6	31.388707E-3	-59.069782E-6
365.99999E-6	30.926513E-3	-59.546019E-6	31.254359E-3	14.867427E-6	30.995714E-3	63.866501E-6	31.458769E-3	-76.255412E-6
368.00001E-6	31.073317E-3	-47.012454E-6	31.206653E-3	62.724408E-6	30.973870E-3	6.1799233E-6	31.547207E-3	19.601735E-6
369.99997E-6	31.176751E-3	60.688551E-6	31.230500E-3	22.542674E-6	30.949449E-3	-60.957489E-6	31.583142E-3	69.771238E-6
371.99998E-6	31.218108E-3	40.793053E-6	31.221071E-3	-79.851918E-6	30.926548E-3	-33.405391E-6	31.587012E-3	-15.612748E-6
374.00000E-6	31.234613E-3	-53.503638E-6	31.266559E-3	-33.231518E-6	30.885259E-3	58.874990E-6	31.535868E-3	-89.560912E-6
376.00001E-6	31.228015E-3	-59.124224E-6	31.388838E-3	56.242628E-6	30.861927E-3	9.8731462E-6	31.492323E-3	-23.131010E-6
377.99997E-6	31.298917E-3	32.995882E-6	31.509168E-3	38.046361E-6	30.782685E-3	-65.599175E-6	31.416930E-3	69.890957E-6
379.99998E-6	31.331096E-3	76.647993E-6	31.608120E-3	-68.980728E-6	30.646246E-3	-56.950972E-6	31.293027E-3	13.599699E-6
382.00000E-6	31.374983E-3	-37.045695E-6	31.717684E-3	-52.871561E-6	30.563412E-3	71.902825E-6	31.253729E-3	-55.886198E-6
384.00001E-6	31.394660E-3	-79.329075E-6	31.587917E-3	43.039134E-6	30.600404E-3	40.886476E-6	31.154821E-3	-58.183719E-6
385.99997E-6	31.628009E-3	3.4048799E-6	31.392992E-3	74.025353E-6	30.713540E-3	-33.569893E-6	31.104635E-3	35.870224E-6
387.99999E-6	31.761166E-3	73.690462E-6	31.311836E-3	-28.964903E-6	30.878259E-3	-58.894861E-6	31.121474E-3	58.851318E-6
390.00000E-6	31.746142E-3	-4.4775252E-6	31.219635E-3	-88.240238E-6	30.945048E-3	23.877870E-6	31.089533E-3	-5.3778863E-6
392.00002E-6	31.660173E-3	-76.839657E-6	31.189946E-3	8.1100716E-6	31.027308E-3	72.532326E-6	31.125512E-3	-94.050425E-6
393.99997E-6	31.535733E-3	-21.354468E-6	31.199245E-3	58.472589E-6	31.085463E-3	-17.932796E-6	31.141419E-3	-28.267503E-6
395.99999E-6	31.428840E-3	76.055774E-6	31.184493E-3	-4.2726028E-6	31.085726E-3	-71.746494E-6	31.088982E-3	59.613732E-6
398.00000E-6	31.446639E-3	9.6853701E-6	31.119920E-3	-87.849709E-6	31.076690E-3	18.753335E-6	31.073403E-3	37.619200E-6
399.99996E-6	31.467248E-3	-74.087358E-6	31.118235E-3	-43.763750E-6	31.111177E-3	78.968296E-6	31.103535E-3	-68.748290E-6
401.99998E-6	31.456891E-3	-22.771932E-6	31.118656E-3	63.993975E-6	31.130938E-3	-6.3387215E-6	31.050548E-3	-50.428847E-6
403.99999E-6	31.455182E-3	68.630026E-6	31.038092E-3	42.688898E-6	31.224305E-3	-55.053912E-6	30.977940E-3	19.446748E-6
406.00001E-6	31.533647E-3	42.740183E-6	31.032002E-3	-51.399067E-6	31.328101E-3	-38.399903E-6	30.860916E-3	53.973679E-6
407.99996E-6	31.471804E-3	-69.143229E-6	30.892903E-3	-61.094681E-6	31.440534E-3	71.364935E-6	30.854715E-3	-5.6770973E-6
409.99998E-6	31.327181E-3	-53.956941E-6	30.778714E-3	48.052596E-6	31.439189E-3	17.958613E-6	30.720234E-3	-59.225906E-6
411.99999E-6	31.166304E-3	41.729978E-6	30.843047E-3	65.546272E-6	31.296719E-3	-64.462969E-6	30.692527E-3	-21.627797E-6
414.00001E-6	31.083146E-3	50.885556E-6	30.887540E-3	-24.107134E-6	31.189973E-3	-38.497714E-6	30.655423E-3	57.187892E-6
415.99997E-6	31.109996E-3	-28.131330E-6	30.971177E-3	-58.052363E-6	31.053839E-3	65.163404E-6	30.733699E-3	59.576105E-6
417.99998E-6	31.220136E-3	-74.416821E-6	31.189432E-3	-8.0874543E-6	30.984566E-3	40.381943E-6	30.814866E-3	-54.921296E-6
420.00000E-6	31.317137E-3	17.326031E-6	31.457976E-3	59.729424E-6	30.945741E-3	-57.703961E-6	30.880041E-3	-56.226709E-6
422.00001E-6	31.366270E-3	62.052706E-6	31.230450E-3	-513.01311E-9	30.939210E-3	-76.253229E-6	30.958951E-3	18.347597E-6
423.99997E-6	31.412423E-3	-27.735365E-6	31.186013E-3	-73.255193E-6	30.940212E-3	40.573024E-6	31.010173E-3	61.932158E-6
425.99998E-6	31.421568E-3	-70.441856E-6	31.167652E-3	-30.642695E-6	30.954344E-3	70.524802E-6	31.027723E-3	8.6140572E-6
428.00000E-6	31.438224E-3	25.054000E-6	31.111702E-3	74.556519E-6	30.885080E-3	-27.659002E-6	31.102614E-3	-70.621703E-6
430.00001E-6	31.478245E-3	65.747561E-6	31.191284E-3	44.525968E-6	30.831719E-3	-49.761507E-6	31.102559E-3	-30.303587E-6
431.99997E-6	31.516656E-3	1.0316362E-6	31.179219E-3	-55.351247E-6	30.735476E-3	9.3748858E-6	31.142104E-3	46.672070E-6
433.99999E-6	31.647626E-3	-83.102947E-6	31.000799E-3	-72.396128E-6	30.639721E-3	71.038856E-6	31.191166E-3	38.263544E-6
436.00000E-6	31.781584E-3	-19.928066E-6	31.004628E-3	47.284157E-6	30.577259E-3	-26.783802E-6	31.227840E-3	-47.731432E-6
438.00002E-6	31.889532E-3	66.637607E-6	31.118853E-3	72.924107E-6	30.669086E-3	-72.812516E-6	31.240011E-3	-72.417475E-6
439.99997E-6	31.864401E-3	6.7108222E-6	31.266592E-3	-40.090130E-6	31.717230E-3	248.89261E-6	31.220449E-3	428.75774E-9
441.99999E-6	31.814057E-3	-78.978635E-6	31.430870E-3	-65.069995E-6	30.962018E-3	49.911549E-6	31.225407E-3	791.34293E-6
444.00000E-6	31.686984E-3	-64.146676E-6	31.404927E-3	-7.1350519E-6	31.017363E-3	772.81467E-6	32.003898E-3	540.28706E-6
445.99996E-6	31.594589E-3	82.500716E-6	31.389263E-3	70.434828E-6	31.032126E-3	-46.107791E-6	31.301089E-3	-67.282395E-6
447.99998E-6	31.599488E-3	65.047323E-6	31.336974E-3	16.928219E-6	32.931708E-3	523.03792E-6	32.274451E-3	-42.651969E-6
449.99999E-6	31.543016E-3	-43.440734E-6	31.245530E-3	-64.768137E-6	31.675883E-3	1.7165483E-3	31.497873E-3	683.96609E-6
452.00001E-6	31.563222E-3	-57.925463E-6	31.136686E-3	-47.869613E-6	32.569002E-3	2.0781390E-3	31.543814E-3	49.563761E-6
453.99996E-6	31.559862E-3	34.196084E-6	31.110507E-3	48.422840E-6	33.718050E-3	1.6226409E-3	33.226259E-3	1.2612595E-3
455.99998E-6	31.463776E-3	49.223323E-6	31.096924E-3	49.498733E-6	33.194963E-3	1.0247462E-3	32.266475E-3	-50.592531E-6
457.99999E-6	31.354927E-3	-27.809083E-6	31.096440E-3	-67.958135E-6	38.462691E-3	1.8771050E-3	38.074054E-3	2.7917032E-3
460.00001E-6	31.233670E-3	-67.451780E-6	31.131081E-3	-67.412118E-6	39.549422E-3	1.3800318E-3	38.677387E-3	2.8706023E-3
461.99997E-6	31.094521E-3	6.1556725E-6	31.051852E-3	20.445303E-6	39.767332E-3	1.8649457E-3	38.421210E-3	3.0502144E-3
463.99998E-6	31.001670E-3	84.612126E-6	31.036967E-3	71.472758E-6	38.722366E-3	2.4903910E-3	36.510695E-3	3.0591504E-3
466.00000E-6	31.105781E-3	-25.604721E-6	30.977482E-3	-17.338984E-6	39.029256E-3	2.0985117E-3	37.161559E-3	2.8526718E-3
468.00001E-6	31.241886E-3	-70.702925E-6	30.867886E-3	-68.666362E-6	38.659554E-3	2.2594235E-3	38.363472E-3	2.7042029E-3
469.99997E-6	31.374302E-3	7.2048128E-6	30.747404E-3	-2.8645964E-6	39.089113E-3	1.6908004E-3	39.183620E-3	2.3639319E-3
471.99999E-6	31.388819E-3	70.813519E-6	30.634323E-3	67.584777E-6	39.025549E-3	2.3318205E-3	36.389105E-3	3.2535207E-3
474.00000E-6	31.394370E-3	-3.9018892E-6	30.533308E-3	6.0328821E-6	38.823139E-3	1.9730860E-3	36.041789E-3	2.7915332E-3
476.00002E-6	31.429432E-3	-83.308929E-6	30.533578E-3	-75.930926E-6	39.132491E-3	1.8822131E-3	37.996113E-3	2.0296501E-3
477.99997E-6	31.446017E-3	-13.189762E-6	30.652819E-3	-45.882240E-6	40.428646E-3	859.76644E-6	40.138289E-3	1.1009016E-3
479.99999E-6	31.482399E-3	61.535102E-6	30.850584E-3	48.756796E-6	40.361587E-3	806.66621E-6	40.186144E-3	918.12812E-6
482.00000E-6	31.526051E-3	14.395871E-6	30.924564E-3	22.801765E-6	40.240511E-3	905.68064E-6	40.167123E-3	1.0869553E-3
483.99996E-6	31.652480E-3	-66.702065E-6	30.964205E-3	-59.568021E-6	40.104710E-3	954.67706E-6	40.212084E-3	964.92219E-6
485.99998E-6	31.776339E-3	-40.207320E-6	31.098833E-3	-64.675696E-6	40.119298E-3	898.22826E-6	39.889123E-3	1.1240742E-3
487.99999E-6	31.911228E-3	57.736532E-6	31.176088E-3	39.125840E-6	40.323041E-3	809.21140E-6	39.919440E-3	926.89769E-6
490.00001E-6	31.929027E-3	65.867585E-6	31.160275E-3	60.686009E-6	40.452510E-3	835.03325E-6	40.109403E-3	900.49033E-6
491.99996E-6	31.825885E-3	-41.419622E-6	31.155083E-3	-48.539765E-6	40.563688E-3	939.97642E-6	40.219251E-3	1.0305721E-3
493.99998E-6	31.734526E-3	-78.468271E-6	31.259608E-3	-67.842964E-6	40.600736E-3	901.39615E-6	40.296216E-3	1.1007627E-3
495.99999E-6	37.538409E-3	3.2489127E-3	33.679310E-3	3.0528146E-3	40.755622E-3	780.44960E-6	40.817663E-3	903.61619E-6
498.00001E-6	37.730239E-3	2.9553664E-3	35.481092E-3	2.5058950E-3	40.727720E-3	791.31662E-6	40.840063E-3	814.07255E-6
499.99997E-6	37.575044E-3	2.6579704E-3	35.224326E-3	2.0273454E-3	40.753979E-3	864.61939E-6	40.874597E-3	756.98446E-6
501.99998E-6	37.346844E-3	3.0295104E-3	35.831846E-3	2.0618185E-3	40.819407E-3	888.92801E-6	40.927313E-3	870.93655E-6
504.00000E-6	37.199568E-3	3.2622593E-3	34.674827E-3	3.1035282E-3	40.899549E-3	772.27311E-6	40.896881E-3	909.61228E-6
506.00001E-6	38.921427E-3	2.8676179E-3	34.525286E-3	2.5483486E-3	41.047610E-3	796.37027E-6	40.883899E-3	819.39634E-6
507.99997E-6	37.794389E-3	2.8072433E-3	34.889240E-3	1.8505993E-3	41.199859E-3	860.10975E-6	40.913150E-3	769.49818E-6
509.99998E-6	37.287064E-3	3.0195108E-3	34.827083E-3	1.6164820E-3	41.211106E-3	899.90324E-6	40.841576E-3	828.53797E-6
512.00000E-6	37.448950E-3	3.1741792E-3	35.296701E-3	3.1601563E-3	41.065346E-3	820.75712E-6	40.909395E-3	894.95548E-6
514.00001E-6	37.567962E-3	3.0976313E-3	35.760898E-3	2.8883396E-3	40.890802E-3	774.04443E-6	41.002683E-3	862.60174E-6
515.99997E-6	40.384639E-3	1.1628990E-3	40.037461E-3	1.3649460E-3	40.824082E-3	834.31066E-6	41.213904E-3	755.20523E-6
517.99999E-6	40.599778E-3	979.24552E-6	40.029544E-3	1.2294718E-3	40.702663E-3	903.64780E-6	41.330803E-3	765.13627E-6
520.00000E-6	40.432021E-3	885.95145E-6	39.636295E-3	1.0321618E-3	40.675733E-3	808.10388E-6	41.434482E-3	853.45906E-6
522.00002E-6	40.378451E-3	1.0612593E-3	39.753724E-3	1.0526977E-3	40.647402E-3	744.70800E-6	41.418426E-3	878.45867E-6
523.99997E-6	40.504657E-3	1.0804861E-3	39.779689E-3	1.3505740E-3	40.682048E-3	831.01162E-6	41.286007E-3	807.28560E-6
525.99999E-6	40.612802E-3	975.73060E-6	39.831359E-3	1.2880982E-3	40.675033E-3	908.55575E-6	41.181106E-3	748.17211E-6
528.00000E-6	40.531285E-3	852.84538E-6	39.794188E-3	1.0067323E-3	40.645681E-3	836.06329E-6	41.047998E-3	834.37486E-6
529.99996E-6	40.369071E-3	1.0345378E-3	39.451193E-3	1.0951641E-3	40.426798E-3	742.16753E-6	40.960632E-3	907.78683E-6
531.99998E-6	40.805060E-3	956.47114E-6	39.650097E-3	1.2802965E-3	40.316358E-3	785.51669E-6	40.943291E-3	823.70045E-6
533.99999E-6	41.163608E-3	798.35852E-6	40.457044E-3	850.91422E-6	40.315710E-3	886.96508E-6	40.839851E-3	739.76204E-6
536.00001E-6	41.331153E-3	777.17309E-6	40.465929E-3	787.58702E-6	40.434506E-3	853.97286E-6	40.851451E-3	801.89487E-6
537.99996E-6	41.325390E-3	873.88180E-6	40.490706E-3	837.80952E-6	40.569436E-3	762.17920E-6	40.648680E-3	915.16745E-6
539.99998E-6	41.186333E-3	895.54815E-6	40.469196E-3	902.48551E-6	40.711876E-3	792.26325E-6	40.646158E-3	876.57408E-6
541.99999E-6	41.045658E-3	799.85004E-6	40.511347E-3	885.87828E-6	40.755250E-3	876.77035E-6	40.617496E-3	741.17287E-6
544.00001E-6	40.880878E-3	804.23028E-6	40.550821E-3	773.47801E-6	40.737890E-3	851.99077E-6	40.444501E-3	783.66330E-6
545.99997E-6	40.936586E-3	859.91522E-6	40.541589E-3	819.44809E-6	40.728752E-3	774.75765E-6	40.362284E-3	880.89175E-6
547.99998E-6	40.991519E-3	905.55038E-6	40.686842E-3	901.58585E-6	40.745713E-3	780.63254E-6	40.313322E-3	887.30903E-6
550.00000E-6	40.964875E-3	818.37765E-6	40.817715E-3	888.40723E-6	40.817194E-3	873.28831E-6	40.377997E-3	797.09064E-6
552.00001E-6	41.006912E-3	772.64488E-6	40.909335E-3	779.39429E-6	40.853631E-3	888.46812E-6	40.470451E-3	753.23274E-6
553.99997E-6	41.061323E-3	836.05543E-6	41.007351E-3	761.09776E-6	40.858332E-3	825.87660E-6	40.478908E-3	863.59767E-6
555.99998E-6	40.963128E-3	890.35078E-6	41.014921E-3	848.56793E-6	40.947188E-3	816.84045E-6	40.554099E-3	932.22404E-6
558.00000E-6	40.799327E-3	813.30957E-6	40.893920E-3	889.53751E-6	40.762603E-3	1.0044195E-3	40.620409E-3	827.98512E-6
560.00001E-6	40.729467E-3	743.42167E-6	40.783398E-3	791.73042E-6	40.559914E-3	960.07943E-6	40.609408E-3	795.69547E-6
561.99997E-6	40.820941E-3	833.89832E-6	40.767699E-3	764.56461E-6	40.568314E-3	893.96234E-6	40.647194E-3	846.35802E-6
563.99999E-6	41.006271E-3	909.50890E-6	40.801220E-3	831.65918E-6	40.385276E-3	859.09886E-6	40.644668E-3	927.91044E-6
566.00000E-6	41.097503E-3	837.50364E-6	40.832363E-3	896.88838E-6	40.363893E-3	873.82371E-6	40.654145E-3	883.64101E-6
568.00002E-6	41.144289E-3	742.16566E-6	40.809929E-3	815.80953E-6	40.652230E-3	956.72294E-6	40.632434E-3	768.18687E-6
569.99997E-6	41.195452E-3	780.75955E-6	40.788315E-3	761.54002E-6	40.669668E-3	878.08119E-6	40.679853E-3	806.58856E-6
571.99999E-6	41.152950E-3	886.46205E-6	40.707879E-3	810.61374E-6	38.239807E-3	1.8715435E-3	39.653886E-3	1.7119821E-3
574.00001E-6	41.205645E-3	859.43419E-6	40.539265E-3	907.10947E-6	38.621236E-3	2.5838856E-3	39.521623E-3	2.1395215E-3
575.99996E-6	41.234393E-3	764.46839E-6	40.369619E-3	839.95337E-6	38.240854E-3	2.7532449E-3	38.802635E-3	1.8468890E-3
577.99998E-6	41.325580E-3	779.85279E-6	40.241446E-3	776.92245E-6	37.450276E-3	2.5990680E-3	39.550334E-3	1.2997016E-3
579.99999E-6	41.449644E-3	895.81683E-6	40.266328E-3	785.31902E-6	38.425777E-3	1.7594105E-3	39.907221E-3	1.7724853E-3
582.00001E-6	41.614581E-3	877.67909E-6	40.381227E-3	892.72676E-6	36.242545E-3	2.7274664E-3	39.683729E-3	2.2044035E-3
583.99996E-6	41.665193E-3	788.04052E-6	40.540878E-3	898.67349E-6	38.256824E-3	2.6767140E-3	38.496628E-3	2.1847507E-3
585.99998E-6	41.565266E-3	755.69696E-6	40.614046E-3	766.16020E-6	36.419682E-3	2.8433523E-3	38.852215E-3	1.7302763E-3
588.00000E-6	41.329436E-3	877.88870E-6	40.665697E-3	775.84118E-6	38.015645E-3	2.4755721E-3	38.585145E-3	2.5125714E-3
590.00001E-6	41.168015E-3	886.56048E-6	40.663101E-3	861.95470E-6	38.558155E-3	2.7434980E-3	38.044114E-3	2.9854272E-3
591.99997E-6	40.999062E-3	809.49813E-6	40.543932E-3	901.45366E-6	33.077981E-3	2.2920810E-3	34.464128E-3	1.4916005E-3
593.99998E-6	40.966459E-3	769.80382E-6	40.509880E-3	802.07287E-6	33.886574E-3	1.0816382E-3	32.082148E-3	1.4567635E-3
596.00000E-6	41.019391E-3	863.52299E-6	40.561210E-3	774.94967E-6	32.165535E-3	172.87940E-6	33.890493E-3	2.6850870E-3
598.00001E-6	40.984102E-3	935.68105E-6	40.688943E-3	871.36251E-6	31.320356E-3	1.3906081E-3	34.039736E-3	2.1612756E-3
599.99997E-6	40.995672E-3	857.81107E-6	40.805262E-3	908.06850E-6	31.298656E-3	804.43156E-6	34.469195E-3	1.4829786E-3
601.99999E-6	40.963877E-3	791.44543E-6	40.963810E-3	820.56771E-6	33.895291E-3	1.5315886E-3	33.733997E-3	1.5251383E-3
604.00000E-6	40.916387E-3	845.58438E-6	40.989749E-3	784.47803E-6	32.269947E-3	119.95932E-6	31.164022E-3	1.1619163E-3
606.00002E-6	40.807240E-3	929.60888E-6	40.912978E-3	872.12236E-6	31.507682E-3	577.51109E-6	33.274353E-3	2.4166631E-3
607.99997E-6	40.689133E-3	864.75041E-6	40.802673E-3	920.13780E-6	31.942870E-3	1.5486632E-3	32.620843E-3	1.0118961E-3
609.99999E-6	39.394919E-3	1.1859239E-3	39.658982E-3	1.1716650E-3	31.409085E-3	6.7380397E-6	30.735124E-3	6.7325227E-6
612.00000E-6	39.447844E-3	1.6519264E-3	39.641708E-3	1.3760518E-3	31.507559E-3	59.452927E-6	30.662760E-3	-58.111840E-6
613.99996E-6	39.738066E-3	1.6199369E-3	39.859116E-3	1.7378473E-3	31.563658E-3	3.8929347E-6	30.666269E-3	-51.700405E-6
615.99998E-6	39.448075E-3	1.5014084E-3	40.113915E-3	1.5381803E-3	31.610668E-3	-66.216111E-6	30.671651E-3	44.421347E-6
617.99999E-6	39.235622E-3	1.4065154E-3	39.541390E-3	1.3024036E-3	31.390972E-3	-25.087767E-6	30.742120E-3	58.669881E-6
620.00001E-6	38.885195E-3	1.5241989E-3	39.189477E-3	1.7025028E-3	31.435709E-3	56.177378E-6	30.864593E-3	-18.830411E-6
621.99996E-6	39.438114E-3	2.1395599E-3	39.021973E-3	1.7280763E-3	31.317241E-3	55.437933E-6	30.943504E-3	-73.343559E-6
623.99998E-6	39.299186E-3	2.2441607E-3	38.600668E-3	2.0097191E-3	31.225184E-3	-85.701024E-6	31.077050E-3	9.1151951E-6
625.99999E-6	39.693654E-3	1.7485764E-3	39.054617E-3	1.4973823E-3	31.111039E-3	-77.562130E-6	31.070825E-3	78.350378E-6
628.00001E-6	39.090220E-3	1.8153264E-3	38.577832E-3	2.0205583E-3	31.085016E-3	23.518542E-6	31.187264E-3	9.7633429E-6
629.99997E-6	34.037400E-3	1.5389741E-3	34.984037E-3	2.0943601E-3	30.997565E-3	66.829976E-6	31.188097E-3	-81.112208E-6
631.99998E-6	35.577264E-3	2.1650144E-3	34.979142E-3	2.0270853E-3	30.943606E-3	-17.330982E-6	31.212233E-3	-50.113180E-6
634.00000E-6	34.491319E-3	3.1183877E-3	33.464059E-3	3.1300476E-3	30.942162E-3	-53.586606E-6	31.215791E-3	29.854869E-6
636.00001E-6	33.180498E-3	2.7323405E-3	32.396346E-3	2.5615229E-3	30.920114E-3	-24.624276E-6	31.112652E-3	68.861096E-6
637.99997E-6	35.197578E-3	2.0374642E-3	34.246638E-3	1.8896407E-3	30.936327E-3	49.918050E-6	31.065611E-3	-21.298047E-6
639.99998E-6	33.603545E-3	602.85826E-6	34.221418E-3	1.4928881E-3	30.956969E-3	34.162178E-6	31.076737E-3	-86.070482E-6
642.00000E-6	35.383713E-3	2.1255051E-3	34.317996E-3	1.8301241E-3	30.938743E-3	-58.670434E-6	31.106561E-3	22.011305E-6
644.00001E-6	33.672690E-3	2.9370079E-3	32.999851E-3	2.2207329E-3	30.890631E-3	-56.088193E-6	31.290453E-3	80.489204E-6
645.99997E-6	33.558909E-3	2.1010842E-3	35.287045E-3	2.2638389E-3	30.896444E-3	33.883862E-6	31.349771E-3	18.911229E-6
647.99999E-6	31.619649E-3	-3.0629674E-6	31.212695E-3	7.8142020E-6	30.810568E-3	79.268313E-6	31.481016E-3	-81.813567E-6
650.00000E-6	31.530734E-3	74.234165E-6	31.365845E-3	68.996524E-6	30.710233E-3	-20.495336E-6	31.550847E-3	-39.769038E-6
652.00002E-6	31.450264E-3	15.725247E-6	31.428892E-3	-19.785330E-6	30.612839E-3	-59.986982E-6	31.578664E-3	43.864366E-6
653.99997E-6	31.392660E-3	-86.120926E-6	31.445190E-3	-103.69547E-6	30.607868E-3	-17.404638E-6	31.544119E-3	39.987193E-6
655.99999E-6	31.370793E-3	-45.800276E-6	31.320546E-3	-2.9599164E-6	30.572858E-3	81.175152E-6	31.409144E-3	-37.012309E-6
658.00000E-6	31.395648E-3	53.467607E-6	31.196883E-3	62.272418E-6	30.629763E-3	22.153034E-6	31.335279E-3	-70.810907E-6
659.99996E-6	31.389751E-3	35.028883E-6	31.147387E-3	18.384353E-6	30.725053E-3	-65.653461E-6	31.177601E-3	12.702028E-6
661.99998E-6	31.338293E-3	-62.783321E-6	31.160057E-3	-75.685035E-6	30.807760E-3	-35.357330E-6	31.164715E-3	61.951883E-6
663.99999E-6	31.295124E-3	-51.466403E-6	31.110754E-3	-32.183732E-6	30.932261E-3	48.327485E-6	31.137805E-3	10.676421E-6
666.00001E-6	31.130519E-3	47.424855E-6	31.076770E-3	75.199721E-6	30.995332E-3	58.574948E-6	31.102734E-3	-66.915818E-6
667.99996E-6	31.046096E-3	57.149940E-6	31.063465E-3	30.995856E-6	31.037303E-3	-37.299335E-6	31.121884E-3	-27.924099E-6
669.99998E-6	30.908547E-3	-19.759671E-6	30.953787E-3	-57.650552E-6	31.078871E-3	-69.773676E-6	31.062463E-3	45.755300E-6
671.99999E-6	30.922981E-3	-109.11664E-6	30.813327E-3	-44.008251E-6	31.044375E-3	-16.396718E-6	31.081069E-3	50.366052E-6
674.00001E-6	30.893063E-3	10.675664E-6	30.637240E-3	52.143940E-6	31.067286E-3	64.500673E-6	31.081790E-3	-46.508776E-6
675.99997E-6	30.976539E-3	75.910400E-6	30.574417E-3	32.069118E-6	31.038139E-3	8.3572895E-6	31.044142E-3	-45.069050E-6
677.99998E-6	31.093815E-3	2.3110449E-6	30.682633E-3	-41.218478E-6	30.964693E-3	-56.158522E-6	31.028902E-3	22.111686E-6
680.00000E-6	31.033374E-3	-74.537129E-6	30.763490E-3	-48.000820E-6	30.981427E-3	-24.365278E-6	31.006074E-3	90.971611E-6
682.00001E-6	31.128654E-3	-37.874950E-6	30.858830E-3	27.746690E-6	31.024028E-3	60.535403E-6	30.936960E-3	4.4748977E-6
683.99997E-6	31.108510E-3	53.311203E-6	30.911447E-3	51.188515E-6	31.102665E-3	54.693577E-6	30.918432E-3	-70.694245E-6
685.99998E-6	31.126922E-3	22.653832E-6	30.906498E-3	-48.898666E-6	31.146344E-3	-48.925525E-6	30.749528E-3	-34.468540E-6
688.00000E-6	31.135457E-3	-76.021031E-6	30.911848E-3	-70.982234E-6	31.228092E-3	-89.759502E-6	30.734288E-3	62.588158E-6
690.00002E-6	31.119211E-3	-75.347562E-6	30.910773E-3	28.307608E-6	31.323276E-3	9.4240031E-6	30.733770E-3	55.393972E-6
691.99997E-6	31.163136E-3	15.291202E-6	30.993005E-3	74.284668E-6	31.271257E-3	73.091716E-6	30.592432E-3	-42.109052E-6
693.99999E-6	31.230304E-3	63.644751E-6	31.142222E-3	-55.615434E-6	31.235972E-3	-4.4032599E-6	30.659992E-3	-82.174949E-6
696.00000E-6	31.333331E-3	-18.511821E-6	31.305574E-3	-84.338404E-6	31.179095E-3	-69.385220E-6	30.752376E-3	19.436813E-6
697.99996E-6	31.560089E-3	-84.110470E-6	31.396028E-3	9.1780812E-6	31.054923E-3	-10.969237E-6	30.883003E-3	65.760622E-6
699.99998E-6	31.670582E-3	16.764854E-6	31.398937E-3	70.082569E-6	30.956818E-3	52.062183E-6	30.943545E-3	-14.963045E-6
701.99999E-6	31.761322E-3	49.422793E-6	31.273093E-3	-20.774425E-6	30.914491E-3	40.605875E-6	30.970188E-3	-77.313380E-6
704.00001E-6	31.724527E-3	11.064314E-6	31.132817E-3	-84.726409E-6	30.866863E-3	-41.894618E-6	30.962609E-3	-39.958810E-6
705.99996E-6	31.628169E-3	-77.663273E-6	31.071290E-3	6.0738071E-6	30.892752E-3	-60.019993E-6	31.004604E-3	37.628590E-6
707.99998E-6	31.499501E-3	-38.699403E-6	31.109530E-3	76.825803E-6	30.873833E-3	38.242684E-6	31.045262E-3	33.089233E-6
709.99999E-6	31.421833E-3	65.847489E-6	31.058813E-3	6.8653767E-6	30.864853E-3	62.480569E-6	30.936008E-3	-61.332968E-6
712.00001E-6	31.370096E-3	39.491588E-6	31.069711E-3	-99.952878E-6	30.849922E-3	3.8613803E-6	30.898621E-3	-81.562386E-6
713.99997E-6	31.359192E-3	-54.558277E-6	31.052386E-3	-12.012913E-6	30.845497E-3	-75.757707E-6	30.939125E-3	11.735679E-6
715.99998E-6	31.347819E-3	-54.552158E-6	30.879816E-3	86.551525E-6	30.793456E-3	-2.0170587E-6	30.948907E-3	66.298235E-6
718.00000E-6	31.392489E-3	48.069713E-6	30.767508E-3	14.911926E-6	30.696683E-3	57.113597E-6	30.983554E-3	17.078994E-6
720.00001E-6	31.402361E-3	55.948451E-6	30.588454E-3	-69.960588E-6	30.623557E-3	14.660073E-6	31.006560E-3	-80.069229E-6
721.99997E-6	31.353276E-3	-33.248507E-6	30.602917E-3	-10.668584E-6	30.515337E-3	-93.372189E-6	31.027686E-3	-41.855754E-6
723.99998E-6	31.295806E-3	-55.985860E-6	30.677771E-3	51.528088E-6	30.439742E-3	-54.185381E-6	31.093931E-3	37.148653E-6
726.00000E-6	31.159444E-3	29.178853E-6	30.888487E-3	41.195035E-6	30.439278E-3	61.510880E-6	31.151164E-3	39.964674E-6
728.00001E-6	31.034954E-3	64.830041E-6	30.949621E-3	-64.697451E-6	30.399404E-3	59.787493E-6	31.216994E-3	-39.923085E-6
729.99997E-6	30.933393E-3	-13.556843E-6	30.979784E-3	-45.917706E-6	30.549858E-3	-39.761475E-6	31.232761E-3	-71.467606E-6
731.99999E-6	30.907860E-3	-87.860622E-6	30.950198E-3	54.964683E-6	30.707119E-3	-75.226104E-6	31.244271E-3	-15.440799E-6
734.00000E-6	30.945949E-3	-30.728770E-6	30.987024E-3	42.034309E-6	30.799638E-3	5.1678389E-6	31.192934E-3	83.146486E-6
736.00002E-6	31.056713E-3	66.809502E-6	31.041926E-3	-71.929186E-6	30.856969E-3	59.976417E-6	31.078132E-3	15.408110E-6
737.99997E-6	31.168777E-3	41.650932E-6	31.069148E-3	-63.987703E-6	30.899880E-3	233.15671E-9	30.997209E-3	-60.524460E-6
739.99999E-6	31.213725E-3	-85.667918E-6	31.076886E-3	35.063571E-6	30.942036E-3	-83.800573E-6	30.914390E-3	-35.006826E-6
742.00000E-6	31.261381E-3	-62.807296E-6	31.130655E-3	77.115190E-6	30.966884E-3	-38.969021E-6	30.828705E-3	60.848655E-6
743.99996E-6	31.294573E-3	16.348384E-6	31.215798E-3	-19.793111E-6	30.910958E-3	60.888502E-6	30.776192E-3	44.775414E-6
745.99998E-6	31.277888E-3	37.376172E-6	31.194827E-3	-94.486953E-6	30.828619E-3	51.259078E-6	30.752944E-3	-31.151809E-6
747.99999E-6	31.287078E-3	-31.034051E-6	31.112717E-3	12.620551E-6	30.843271E-3	-54.544798E-6	30.681588E-3	-76.925244E-6
750.00001E-6	31.298663E-3	-77.082754E-6	30.954558E-3	70.672075E-6	30.907344E-3	-64.861306E-6	30.739494E-3	9.4885418E-6
751.99996E-6	31.238720E-3	-2.3927196E-6	30.915309E-3	-30.387009E-6	31.051209E-3	21.972130E-6	30.733841E-3	60.809718E-6
753.99998E-6	31.280223E-3	59.561342E-6	30.877190E-3	-83.035629E-6	31.071922E-3	69.145470E-6	30.734204E-3	1.3704029E-6
755.99999E-6	31.371448E-3	-9.1414749E-6	30.906953E-3	-5.4896109E-6	31.149866E-3	8.9091691E-6	30.732483E-3	-71.772818E-6
758.00001E-6	31.504121E-3	-65.410713E-6	30.867478E-3	89.560701E-6	31.266440E-3	-77.127443E-6	30.697543E-3	-62.042731E-6
759.99997E-6	31.572364E-3	-11.584740E-6	30.840108E-3	20.747388E-6	31.228472E-3	-25.555741E-6	30.685607E-3	55.919329E-6
761.99998E-6	31.551942E-3	74.940610E-6	30.858992E-3	-71.681818E-6	31.287152E-3	43.787768E-6	30.629082E-3	50.914154E-6
764.00000E-6	31.415477E-3	34.675340E-6	30.875800E-3	-34.490087E-6	31.258080E-3	51.123272E-6	30.557536E-3	-28.674021E-6
766.00001E-6	31.327501E-3	-76.509881E-6	30.826487E-3	50.071936E-6	31.251423E-3	-49.257549E-6	30.621922E-3	-82.036226E-6
767.99997E-6	31.267870E-3	-60.036153E-6	30.588731E-3	39.517199E-6	31.149989E-3	-80.006961E-6	30.586740E-3	-14.767676E-6
769.99998E-6	31.221213E-3	57.530011E-6	30.513439E-3	-33.395860E-6	31.053098E-3	16.753151E-6	30.512201E-3	59.138943E-6
772.00000E-6	31.265099E-3	58.059290E-6	30.473875E-3	-39.974730E-6	30.980621E-3	77.363395E-6	30.528931E-3	19.949355E-6
774.00001E-6	31.267062E-3	-53.830252E-6	30.566325E-3	40.125946E-6	30.845530E-3	-163.93327E-9	30.531049E-3	-84.034866E-6
775.99997E-6	31.236326E-3	-66.270622E-6	30.660167E-3	86.051121E-6	30.778259E-3	-80.294172E-6	30.631272E-3	-51.193027E-6
777.99999E-6	31.188473E-3	33.664277E-6	30.798526E-3	-52.527153E-6	30.767802E-3	-35.284284E-6	30.695312E-3	51.179195E-6
780.00000E-6	31.164652E-3	52.804833E-6	30.846663E-3	-99.321020E-6	30.864462E-3	50.136612E-6	30.790705E-3	64.060667E-6
782.00002E-6	31.033058E-3	-29.880432E-6	30.905295E-3	21.798362E-6	30.819828E-3	49.888913E-6	30.853292E-3	-44.706878E-6
784.00003E-6	30.900007E-3	-78.288045E-6	30.884134E-3	68.324582E-6	30.851463E-3	-48.146263E-6	30.926878E-3	-68.945832E-6
785.99993E-6	30.821683E-3	15.431819E-6	30.904347E-3	-5.2676742E-6	30.854553E-3	-70.914408E-6	30.952983E-3	6.9784724E-6
787.99995E-6	30.805811E-3	87.554487E-6	30.868592E-3	-59.945032E-6	30.854028E-3	26.141432E-6	30.967085E-3	69.367270E-6
789.99996E-6	30.880503E-3	7.2116150E-6	30.946463E-3	5.5856376E-6	30.836551E-3	70.256145E-6	31.010412E-3	28.773686E-6
791.99998E-6	31.043509E-3	-76.038028E-6	31.018665E-3	70.078218E-6	30.837966E-3	14.604337E-6	31.040849E-3	-71.979477E-6
793.99999E-6	31.121550E-3	-53.486896E-6	31.150416E-3	23.100190E-6	30.736314E-3	-82.724007E-6	31.016165E-3	-36.666213E-6
796.00001E-6	31.177418E-3	72.848481E-6	31.259775E-3	-57.222089E-6	30.615035E-3	-39.628074E-6	30.975046E-3	48.104765E-6
798.00002E-6	31.145185E-3	9.8617220E-6	31.322878E-3	-53.688756E-6	30.516963E-3	43.729793E-6	30.994972E-3	67.502231E-6
800.00004E-6	31.100092E-3	-71.731360E-6	31.252943E-3	53.018026E-6	30.469548E-3	27.818480E-6	31.028586E-3	-27.918823E-6
801.99994E-6	31.100197E-3	-26.312240E-6	31.150063E-3	41.076761E-6	30.487675E-3	-68.693007E-6	31.034255E-3	-68.583249E-6
803.99995E-6	31.076387E-3	31.092339E-6	31.021638E-3	-78.438847E-6	30.525254E-3	-51.952058E-6	31.051192E-3	-29.100689E-6
805.99997E-6	31.186914E-3	70.472146E-6	31.008104E-3	-31.086023E-6	30.639431E-3	28.604907E-6	31.140937E-3	68.158522E-6
807.99998E-6	31.190678E-3	-53.025666E-6	30.972220E-3	50.477356E-6	30.808009E-3	62.543128E-6	31.216679E-3	28.739432E-6
810.00000E-6	31.496845E-3	-55.276007E-6	30.954808E-3	50.796309E-6	30.838685E-3	-23.701308E-6	31.272382E-3	-75.649907E-6
812.00001E-6	31.661782E-3	32.310538E-6	30.941743E-3	-43.764827E-6	30.911950E-3	-84.965162E-6	31.322699E-3	-47.089852E-6
814.00003E-6	31.679232E-3	63.881540E-6	30.765139E-3	-79.009660E-6	30.925315E-3	-14.101282E-6	31.315327E-3	43.830922E-6
816.00004E-6	31.618793E-3	-14.464375E-6	30.707087E-3	3.5337930E-6	30.928675E-3	56.383025E-6	31.305373E-3	47.496509E-6
817.99994E-6	31.534709E-3	-60.434293E-6	30.584713E-3	81.669299E-6	30.984884E-3	35.713929E-6	31.220678E-3	-68.447516E-6
819.99996E-6	31.391282E-3	-14.199912E-6	30.491110E-3	-31.005013E-6	30.974830E-3	-71.874369E-6	31.103645E-3	-100.51399E-6
821.99997E-6	31.260215E-3	63.826301E-6	30.347886E-3	-67.536959E-6	30.933330E-3	-54.167282E-6	31.012332E-3	4.3042010E-6
823.99999E-6	31.142578E-3	3.1021257E-6	30.366264E-3	1.5447937E-6	30.958144E-3	44.627363E-6	30.946968E-3	54.236119E-6
826.00000E-6	31.099843E-3	-80.441416E-6	30.602718E-3	68.834241E-6	31.013440E-3	73.215757E-6	30.896518E-3	25.438172E-6
828.00002E-6	31.133002E-3	-21.916590E-6	30.725280E-3	-8.1912631E-6	31.021196E-3	-18.818009E-6	30.829381E-3	-50.496747E-6
830.00003E-6	31.152043E-3	55.340493E-6	30.778959E-3	-89.982837E-6	31.073624E-3	-87.457884E-6	30.837631E-3	-37.232028E-6
831.99993E-6	31.131318E-3	47.464917E-6	30.781321E-3	-30.736519E-6	31.054223E-3	-13.169944E-6	30.830009E-3	41.958305E-6
833.99995E-6	31.084390E-3	-53.108004E-6	30.787924E-3	69.108188E-6	31.113792E-3	52.628213E-6	30.872580E-3	72.976618E-6
835.99996E-6	30.968660E-3	-75.034804E-6	30.800873E-3	14.843124E-6	31.161075E-3	22.504770E-6	30.841246E-3	-29.370947E-6
837.99998E-6	30.648895E-3	24.774352E-6	30.836342E-3	-73.873918E-6	31.206993E-3	-68.547663E-6	30.820524E-3	-78.832818E-6
839.99999E-6	30.517284E-3	53.581181E-6	30.839300E-3	-40.546198E-6	36.334965E-3	2.4780368E-3	36.353342E-3	2.4110221E-3
842.00001E-6	30.452883E-3	-33.591507E-6	30.980542E-3	56.617791E-6	34.043968E-3	1.8424055E-3	34.753155E-3	2.3170973E-3
844.00002E-6	30.476328E-3	-64.161250E-6	31.108808E-3	36.799647E-6	34.445073E-3	2.7502028E-3	34.212615E-3	3.0684739E-3
846.00004E-6	30.561185E-3	1.7053140E-6	31.221703E-3	-78.862518E-6	34.224637E-3	3.1403531E-3	34.164276E-3	2.7604431E-3
847.99994E-6	30.680256E-3	67.212233E-6	31.241892E-3	-50.194314E-6	35.240460E-3	2.5977730E-3	33.663847E-3	1.6747994E-3
849.99995E-6	30.733874E-3	-4.9866376E-6	31.133574E-3	29.708934E-6	36.410257E-3	2.4500159E-3	34.050953E-3	2.1100780E-3
851.99997E-6	30.774511E-3	-74.881631E-6	31.007230E-3	47.371770E-6	34.782447E-3	2.3438206E-3	33.961195E-3	2.7951533E-3
853.99998E-6	30.945109E-3	-34.776276E-6	30.930333E-3	-45.942812E-6	34.447875E-3	3.1060972E-3	34.041014E-3	3.2599054E-3
856.00000E-6	31.013265E-3	43.374504E-6	30.939465E-3	-88.800654E-6	35.331957E-3	3.2257263E-3	35.111628E-3	2.6825168E-3
858.00001E-6	33.001266E-3	977.28218E-6	31.024788E-3	858.54594E-6	39.877281E-3	1.2904250E-3	39.524198E-3	1.6128258E-3
860.00003E-6	33.914492E-3	1.3722812E-3	30.903418E-3	1.0514834E-3	39.960399E-3	1.3598205E-3	39.610945E-3	1.3642019E-3
862.00004E-6	34.383189E-3	2.2112296E-3	32.770474E-3	829.25463E-6	39.745387E-3	1.1494968E-3	39.479047E-3	1.1287089E-3
863.99994E-6	33.100843E-3	2.9504981E-3	34.055561E-3	1.8380807E-3	39.488208E-3	992.94202E-6	39.844591E-3	1.0644312E-3
865.99996E-6	34.219153E-3	1.9450026E-3	32.346621E-3	1.9666874E-3	39.700843E-3	1.1528700E-3	40.234167E-3	1.3375827E-3
867.99997E-6	35.944067E-3	2.1808892E-3	31.820212E-3	2.3209075E-3	39.524235E-3	1.4464849E-3	39.916333E-3	1.5480976E-3
869.99999E-6	34.942061E-3	3.1129927E-3	31.433087E-3	625.89295E-6	39.121073E-3	1.3634370E-3	39.306309E-3	1.3371820E-3
872.00000E-6	33.854965E-3	3.0091801E-3	33.244085E-3	1.0917524E-3	39.021909E-3	1.1313293E-3	39.619800E-3	1.1339699E-3
874.00002E-6	35.922207E-3	2.5405437E-3	33.317473E-3	2.7774186E-3	39.404906E-3	1.2081732E-3	39.842982E-3	1.2176215E-3
876.00003E-6	35.248391E-3	2.0292213E-3	31.639010E-3	2.1855677E-3	38.954221E-3	1.8011680E-3	39.955396E-3	1.3837463E-3
877.99993E-6	39.930135E-3	1.3719063E-3	39.098304E-3	1.7728040E-3	40.358577E-3	920.63792E-6	40.643703E-3	926.74099E-6
879.99995E-6	39.945927E-3	1.0589845E-3	38.814913E-3	2.1426289E-3	40.414724E-3	880.09384E-6	40.716413E-3	846.74364E-6
881.99996E-6	40.043823E-3	1.2020399E-3	38.482830E-3	2.2955094E-3	40.459678E-3	829.62279E-6	40.838588E-3	799.79934E-6
883.99998E-6	40.183615E-3	1.3948113E-3	38.898844E-3	1.3290971E-3	40.527619E-3	819.59699E-6	40.971484E-3	869.66349E-6
885.99999E-6	40.231667E-3	1.2534509E-3	39.583385E-3	1.6478470E-3	40.574998E-3	892.02123E-6	40.960241E-3	912.29042E-6
888.00001E-6	40.050454E-3	1.1158877E-3	39.575141E-3	1.5745985E-3	40.552411E-3	923.65773E-6	40.944904E-3	876.38106E-6
890.00002E-6	39.661489E-3	1.1755248E-3	38.633693E-3	1.7257434E-3	40.592652E-3	817.58137E-6	40.818814E-3	807.46069E-6
892.00004E-6	40.008400E-3	1.3078048E-3	39.028529E-3	1.7548889E-3	40.582351E-3	779.69249E-6	40.679652E-3	819.57493E-6
893.99994E-6	39.962035E-3	1.2762871E-3	39.473131E-3	1.4991798E-3	40.511921E-3	864.78749E-6	40.575270E-3	900.05412E-6
895.99995E-6	40.529687E-3	782.84839E-6	40.485181E-3	889.88623E-6	40.667303E-3	876.33828E-6	40.639199E-3	878.23218E-6
897.99997E-6	40.428158E-3	850.46823E-6	40.690776E-3	777.60010E-6	40.751688E-3	842.06078E-6	40.598597E-3	788.65158E-6
899.99998E-6	40.334251E-3	910.37073E-6	40.769611E-3	829.81744E-6	40.785547E-3	742.05612E-6	40.615071E-3	758.32254E-6
902.00000E-6	40.281877E-3	850.54053E-6	40.700182E-3	936.54031E-6	40.797848E-3	765.15536E-6	40.612485E-3	848.98266E-6
904.00001E-6	40.297229E-3	766.37382E-6	40.647808E-3	895.26398E-6	40.860556E-3	877.43351E-6	40.625188E-3	889.02609E-6
906.00003E-6	40.456191E-3	809.41775E-6	40.566482E-3	803.24075E-6	40.923778E-3	868.90045E-6	40.653720E-3	844.00194E-6
908.00005E-6	40.548742E-3	936.91517E-6	40.499762E-3	798.71045E-6	40.936343E-3	794.11600E-6	40.608574E-3	763.06658E-6
909.99994E-6	40.651716E-3	879.88720E-6	40.467318E-3	906.81727E-6	40.913738E-3	758.05245E-6	40.555026E-3	803.08691E-6
911.99996E-6	40.677980E-3	812.45747E-6	40.455755E-3	900.79050E-6	40.809717E-3	833.12567E-6	40.522501E-3	888.30548E-6
913.99997E-6	40.642221E-3	800.99492E-6	40.466443E-3	804.16014E-6	40.711638E-3	904.19903E-6	40.375728E-3	850.65258E-6
915.99999E-6	40.747434E-3	853.42955E-6	40.618975E-3	748.39656E-6	40.751465E-3	844.31097E-6	40.244982E-3	761.76383E-6
918.00001E-6	40.768281E-3	882.91516E-6	40.545799E-3	846.25179E-6	40.630843E-3	728.46119E-6	40.166210E-3	740.72782E-6
920.00002E-6	40.805295E-3	805.11440E-6	40.440019E-3	897.85020E-6	40.752202E-3	794.61321E-6	40.187497E-3	837.96302E-6
922.00004E-6	40.849172E-3	777.29620E-6	40.367477E-3	790.83769E-6	40.621068E-3	883.41261E-6	40.283762E-3	872.62649E-6
923.99993E-6	40.947933E-3	846.81885E-6	40.195514E-3	755.92118E-6	40.620793E-3	867.66377E-6	40.417839E-3	793.71576E-6
925.99995E-6	41.091409E-3	887.57928E-6	40.093619E-3	838.80813E-6	40.582504E-3	767.31533E-6	40.560305E-3	745.56191E-6
927.99996E-6	41.230313E-3	812.32091E-6	40.102322E-3	889.98093E-6	40.590890E-3	761.22308E-6	40.630072E-3	801.23608E-6
929.99998E-6	41.265421E-3	756.80646E-6	40.213935E-3	828.33966E-6	40.580146E-3	859.68571E-6	40.692475E-3	893.55028E-6
932.00000E-6	41.271724E-3	813.16539E-6	40.329024E-3	749.46700E-6	40.576253E-3	902.13597E-6	40.721670E-3	816.78573E-6
934.00001E-6	41.032013E-3	894.46770E-6	40.438347E-3	819.05985E-6	40.543538E-3	805.86469E-6	40.771525E-3	777.55784E-6
936.00003E-6	40.903464E-3	848.98144E-6	40.433262E-3	870.69435E-6	40.360712E-3	767.60852E-6	40.659159E-3	802.57200E-6
938.00004E-6	40.800214E-3	757.24139E-6	40.431980E-3	845.18798E-6	40.281501E-3	828.42546E-6	40.675674E-3	881.25945E-6
939.99994E-6	40.819876E-3	778.01751E-6	40.436219E-3	744.52488E-6	40.252537E-3	896.88372E-6	40.738489E-3	896.99792E-6
941.99996E-6	40.855046E-3	882.99648E-6	40.389605E-3	776.52064E-6	40.299185E-3	877.51762E-6	40.782183E-3	764.67037E-6
943.99997E-6	40.826239E-3	860.66965E-6	40.449142E-3	888.31945E-6	40.407900E-3	793.04882E-6	40.863693E-3	783.78199E-6
945.99999E-6	40.835310E-3	763.12799E-6	40.521864E-3	869.64789E-6	40.567879E-3	809.98609E-6	41.025937E-3	876.57571E-6
948.00000E-6	40.819690E-3	774.67778E-6	40.651266E-3	785.79597E-6	40.674102E-3	899.27571E-6	41.090775E-3	905.72226E-6
950.00002E-6	40.732402E-3	855.75320E-6	40.819976E-3	763.68568E-6	40.778480E-3	894.24668E-6	40.999323E-3	839.69819E-6
952.00003E-6	40.710945E-3	902.03714E-6	40.931582E-3	854.28334E-6	40.781800E-3	777.63083E-6	40.907074E-3	789.03680E-6
953.99993E-6	40.433414E-3	836.25555E-6	40.805385E-3	901.54196E-6	39.800484E-3	1.0518112E-3	39.955720E-3	1.0184409E-3
955.99995E-6	40.167231E-3	859.99398E-6	40.627714E-3	797.72307E-6	40.078677E-3	1.2634126E-3	39.901033E-3	1.1933200E-3
957.99996E-6	40.197365E-3	879.32445E-6	40.476449E-3	775.63594E-6	40.286407E-3	1.4065701E-3	39.810956E-3	1.6967312E-3
959.99998E-6	40.113483E-3	943.22214E-6	40.408488E-3	864.95449E-6	40.318068E-3	1.3909027E-3	39.521690E-3	1.3855395E-3
961.99999E-6	40.364224E-3	845.82722E-6	40.428087E-3	941.98424E-6	39.913390E-3	1.3102693E-3	39.663855E-3	1.0894766E-3
964.00001E-6	40.320348E-3	788.18999E-6	40.396377E-3	843.71591E-6	39.858673E-3	1.1988882E-3	40.127099E-3	1.1431257E-3
966.00002E-6	40.389262E-3	914.26715E-6	40.387787E-3	790.94991E-6	40.482935E-3	1.3808337E-3	40.208183E-3	1.4716049E-3
968.00004E-6	40.506765E-3	957.82947E-6	40.398784E-3	851.73547E-6	40.660646E-3	1.4233560E-3	39.877389E-3	1.3568130E-3
969.99994E-6	40.329807E-3	922.79981E-6	40.348202E-3	925.02707E-6	40.018857E-3	1.3746568E-3	39.676856E-3	997.75533E-6
971.99995E-6	40.393353E-3	810.89232E-6	40.182170E-3	860.23158E-6	39.758097E-3	1.1348902E-3	39.701071E-3	1.0728023E-3
973.99997E-6	37.848707E-3	1.8244953E-3	38.094848E-3	1.3928143E-3	35.484027E-3	3.0701403E-3	35.650495E-3	3.0516647E-3
975.99998E-6	37.162311E-3	2.5774438E-3	38.180187E-3	1.9474905E-3	36.468148E-3	2.9557545E-3	36.818609E-3	2.6001760E-3
978.00000E-6	38.048107E-3	2.9811156E-3	37.802652E-3	2.6829876E-3	36.764979E-3	2.6968336E-3	36.717437E-3	2.6924869E-3
980.00001E-6	38.244247E-3	2.7271772E-3	37.686795E-3	2.6873634E-3	34.836069E-3	2.9838805E-3	35.221934E-3	3.0876682E-3
982.00003E-6	38.327981E-3	2.4547838E-3	38.382448E-3	1.8610959E-3	35.325326E-3	2.7566836E-3	35.543066E-3	3.0980345E-3
984.00004E-6	37.169330E-3	2.6769135E-3	37.084248E-3	1.9806160E-3	36.105566E-3	2.5037604E-3	36.831588E-3	2.6665586E-3
985.99994E-6	36.885712E-3	3.0276910E-3	37.320416E-3	2.7611423E-3	35.911839E-3	2.3843476E-3	38.026821E-3	2.5984421E-3
987.99996E-6	37.900001E-3	2.9702082E-3	36.664154E-3	3.0183746E-3	35.625085E-3	2.7926222E-3	37.636455E-3	3.0472453E-3
989.99997E-6	38.732439E-3	2.5302756E-3	37.986897E-3	2.6247045E-3	35.484854E-3	3.0897374E-3	37.111677E-3	3.0700273E-3
991.99999E-6	31.262621E-3	256.80935E-6	31.311173E-3	1.6998398E-3	30.598123E-3	60.380255E-6	31.009853E-3	167.10359E-6
994.00000E-6	31.166293E-3	79.112862E-6	30.716101E-3	17.338325E-6	30.652385E-3	-39.671970E-6	31.011561E-3	-61.745588E-6
996.00002E-6	31.847473E-3	552.59193E-6	31.528011E-3	493.86837E-6	30.768087E-3	-69.452937E-6	32.163430E-3	1.8297820E-3
998.00003E-6	31.107362E-3	731.05178E-6	30.810231E-3	543.51011E-9	30.889669E-3	23.675148E-6	30.931063E-3	73.067255E-6
999.99993E-6	31.090299E-3	-63.653817E-6	30.972209E-3	-84.614119E-6	31.036567E-3	57.992962E-6	31.998713E-3	639.60638E-6
