Experiment	Sweeper	
Saved Date	30.06.2023 16:17:47	
User		
Date		
Start time	30.06.2023 16:15:38	
Sweep channel: Name	Output 2 (V)	
Sweep channel: Start (V)	0E+0	
Sweep channel: Stop (V)	200E-6	
Sweep channel: Points	201	
Sweep channel: Max slew rate (V/s)	Inf	
Sweep channel: Initial settling time (s)	20E+3	
Sweep channel: End settling time (s)	2E+0	
Sweep channel: Backward sweep	TRUE	
Sweep channel: Number of sweeps	2	
Sweep channel: Reset	FALSE	
Step channel 1: Name	Output 3 (V)	
Step channel 1: Start (V)	50E-3	
Step channel 1: Stop (V)	50E-3	
Step channel 1: Points	2	
Step channel 1: Max slew rate (V/s)	10E+0	
Step channel 1:  Initial settling time (s)	2E+0	
Step channel 1: End settling time (s)	2E+0	
Step channel 1: Backward sweep	FALSE	
Step channel 1: Reset	FALSE	
Sweep Type	2D-Both RT	
Acquire channels	Input 1 (V);LI Demod 3 X (V)	
Filter type	None	
Order		
Cutoff frq		

[DATA]
Output 2 Setp. (V)	Input 1 [00001] (V)	LI Demod 3 X [00001] (V)	Input 1 [00002] (V)	LI Demod 3 X [00002] (V)	Input 1 [00001] [bwd] (V)	LI Demod 3 X [00001] [bwd] (V)	Input 1 [00002] [bwd] (V)	LI Demod 3 X [00002] [bwd] (V)
0.0000000E+0	30.875806E-3	7.5319704E-6	30.401260E-3	19.422368E-6	30.713420E-3	-27.425644E-6	-0.0000000E+0	NaN
999.9999900E-9	30.829767E-3	71.125454E-6	30.400889E-3	64.210340E-6	30.754093E-3	-78.218014E-6	-0.0000000E+0	NaN
2.0000000E-6	30.796910E-3	46.601439E-6	30.458597E-3	26.676706E-6	30.784527E-3	-64.779597E-6	-0.0000000E+0	NaN
3.0000001E-6	30.833734E-3	-19.855319E-6	30.485347E-3	-55.786288E-6	30.777929E-3	6.7245373E-6	0.0000000E+0	NaN
4.0000000E-6	30.813791E-3	-69.341986E-6	30.568670E-3	-79.154728E-6	30.931577E-3	50.513725E-6	0.0000000E+0	NaN
4.9999999E-6	30.820681E-3	-53.366195E-6	30.598739E-3	-18.807799E-6	31.074435E-3	39.720089E-6	-0.0000000E+0	NaN
6.0000002E-6	30.807991E-3	36.014655E-6	30.696686E-3	68.428628E-6	31.041045E-3	-26.780628E-6	-0.0000000E+0	NaN
7.0000001E-6	30.815111E-3	76.527394E-6	30.754941E-3	56.742305E-6	31.071154E-3	-81.708320E-6	-0.0000000E+0	NaN
8.0000000E-6	30.687163E-3	55.563603E-6	30.812399E-3	-4.8538272E-6	31.080792E-3	-41.608095E-6	0.0000000E+0	NaN
9.0000003E-6	30.548023E-3	-43.641074E-6	30.830786E-3	-67.582725E-6	31.111976E-3	32.367054E-6	0.0000000E+0	NaN
9.9999997E-6	30.437088E-3	-64.494001E-6	0.0000000E+0	NaN	31.158296E-3	70.069225E-6	-0.0000000E+0	NaN
11.000000E-6	30.419989E-3	-49.072452E-6	0.0000000E+0	NaN	31.192487E-3	26.753818E-6	-0.0000000E+0	NaN
12.000000E-6	30.445175E-3	38.409140E-6	0.0000000E+0	NaN	31.298544E-3	-77.069897E-6	-0.0000000E+0	NaN
13.000000E-6	30.495573E-3	94.629264E-6	0.0000000E+0	NaN	31.383000E-3	-74.298063E-6	0.0000000E+0	NaN
14.000000E-6	30.569492E-3	52.610631E-6	0.0000000E+0	NaN	31.456042E-3	-20.448844E-6	0.0000000E+0	NaN
15.000000E-6	30.728448E-3	-34.297358E-6	0.0000000E+0	NaN	31.518970E-3	56.176315E-6	-0.0000000E+0	NaN
16.000000E-6	30.815002E-3	-100.11347E-6	0.0000000E+0	NaN	31.585924E-3	53.500571E-6	-0.0000000E+0	NaN
17.000000E-6	30.854806E-3	-22.088701E-6	0.0000000E+0	NaN	31.520393E-3	12.720953E-6	-0.0000000E+0	NaN
18.000001E-6	30.888567E-3	30.757150E-6	0.0000000E+0	NaN	31.466380E-3	-66.470886E-6	0.0000000E+0	NaN
18.999999E-6	30.909983E-3	51.373616E-6	0.0000000E+0	NaN	31.405844E-3	-62.151557E-6	0.0000000E+0	NaN
19.999999E-6	30.911362E-3	21.601261E-6	0.0000000E+0	NaN	31.334646E-3	1.0666407E-6	-0.0000000E+0	NaN
21.000000E-6	30.896850E-3	-46.626654E-6	0.0000000E+0	NaN	31.289447E-3	62.615836E-6	-0.0000000E+0	NaN
22.000000E-6	30.913584E-3	-82.068524E-6	0.0000000E+0	NaN	31.226702E-3	43.679029E-6	-0.0000000E+0	NaN
23.000001E-6	30.913008E-3	-53.662534E-6	0.0000000E+0	NaN	31.194704E-3	-16.411585E-6	0.0000000E+0	NaN
24.000001E-6	30.976502E-3	51.854837E-6	0.0000000E+0	NaN	31.208916E-3	-80.567057E-6	0.0000000E+0	NaN
24.999999E-6	31.045262E-3	81.916238E-6	0.0000000E+0	NaN	31.217624E-3	-49.507489E-6	0.0000000E+0	NaN
26.000000E-6	31.138169E-3	46.663492E-6	0.0000000E+0	NaN	31.170493E-3	26.105286E-6	-0.0000000E+0	NaN
27.000000E-6	31.179952E-3	-58.482783E-6	0.0000000E+0	NaN	31.163648E-3	65.447202E-6	-0.0000000E+0	NaN
28.000000E-6	31.241586E-3	-80.697748E-6	0.0000000E+0	NaN	31.151848E-3	15.766698E-6	0.0000000E+0	NaN
29.000001E-6	31.251799E-3	-33.300097E-6	0.0000000E+0	NaN	31.137934E-3	-43.189448E-6	0.0000000E+0	NaN
29.999999E-6	31.218166E-3	46.828874E-6	0.0000000E+0	NaN	31.140605E-3	-79.765625E-6	0.0000000E+0	NaN
31.000000E-6	31.164927E-3	59.528578E-6	0.0000000E+0	NaN	31.121535E-3	-26.143658E-6	-0.0000000E+0	NaN
32.000000E-6	30.987050E-3	22.753329E-6	0.0000000E+0	NaN	31.113239E-3	56.003810E-6	-0.0000000E+0	NaN
33.000000E-6	30.870009E-3	-33.613189E-6	0.0000000E+0	NaN	31.074822E-3	66.787346E-6	0.0000000E+0	NaN
34.000001E-6	30.817209E-3	-59.335584E-6	0.0000000E+0	NaN	30.987388E-3	12.559773E-6	0.0000000E+0	NaN
35.000001E-6	30.785043E-3	-25.323543E-6	0.0000000E+0	NaN	30.899102E-3	-62.154897E-6	0.0000000E+0	NaN
36.000001E-6	30.786056E-3	26.030069E-6	0.0000000E+0	NaN	30.813888E-3	-43.108859E-6	-0.0000000E+0	NaN
37.000002E-6	30.761607E-3	76.586133E-6	0.0000000E+0	NaN	30.734526E-3	3.1438021E-6	-0.0000000E+0	NaN
37.999998E-6	30.771416E-3	29.993294E-6	0.0000000E+0	NaN	30.704020E-3	58.773076E-6	0.0000000E+0	NaN
38.999999E-6	30.742880E-3	-38.083883E-6	0.0000000E+0	NaN	30.689986E-3	52.454718E-6	0.0000000E+0	NaN
39.999999E-6	30.767197E-3	-80.835096E-6	0.0000000E+0	NaN	30.702958E-3	-6.3882221E-6	0.0000000E+0	NaN
40.999999E-6	30.708192E-3	-24.637240E-6	0.0000000E+0	NaN	30.745169E-3	-73.478142E-6	-0.0000000E+0	NaN
42.000000E-6	30.617822E-3	45.036650E-6	0.0000000E+0	NaN	30.819820E-3	-47.183294E-6	-0.0000000E+0	NaN
43.000000E-6	30.517718E-3	48.715076E-6	0.0000000E+0	NaN	30.896043E-3	30.010991E-6	-0.0000000E+0	NaN
44.000000E-6	30.444073E-3	43.736960E-6	0.0000000E+0	NaN	30.971020E-3	85.224026E-6	0.0000000E+0	NaN
45.000001E-6	30.405328E-3	-33.495329E-6	0.0000000E+0	NaN	30.999523E-3	24.505702E-6	0.0000000E+0	NaN
46.000001E-6	30.458299E-3	-81.593622E-6	0.0000000E+0	NaN	31.079659E-3	-54.579556E-6	-0.0000000E+0	NaN
47.000001E-6	30.522509E-3	-62.961735E-6	0.0000000E+0	NaN	31.084182E-3	-81.478611E-6	-0.0000000E+0	NaN
48.000002E-6	30.680191E-3	25.543211E-6	0.0000000E+0	NaN	31.115694E-3	-46.039240E-6	-0.0000000E+0	NaN
48.999998E-6	30.810226E-3	80.356855E-6	0.0000000E+0	NaN	31.074049E-3	52.354928E-6	0.0000000E+0	NaN
49.999999E-6	30.915512E-3	22.740878E-6	0.0000000E+0	NaN	31.063855E-3	53.472988E-6	0.0000000E+0	NaN
50.999999E-6	30.939456E-3	-32.220385E-6	0.0000000E+0	NaN	31.049088E-3	6.2971490E-6	-0.0000000E+0	NaN
51.999999E-6	30.939287E-3	-76.694923E-6	0.0000000E+0	NaN	31.084873E-3	-74.968244E-6	-0.0000000E+0	NaN
53.000000E-6	30.956950E-3	-52.171072E-6	0.0000000E+0	NaN	31.083643E-3	-85.147309E-6	-0.0000000E+0	NaN
54.000000E-6	30.937843E-3	22.221839E-6	0.0000000E+0	NaN	31.135825E-3	10.443503E-6	0.0000000E+0	NaN
55.000000E-6	30.873140E-3	69.233065E-6	0.0000000E+0	NaN	31.107506E-3	67.402951E-6	0.0000000E+0	NaN
56.000001E-6	30.932598E-3	37.167556E-6	0.0000000E+0	NaN	31.119317E-3	48.760165E-6	-0.0000000E+0	NaN
57.000001E-6	30.994833E-3	-30.801188E-6	0.0000000E+0	NaN	31.158358E-3	-15.579782E-6	-0.0000000E+0	NaN
58.000001E-6	31.101920E-3	-52.603718E-6	0.0000000E+0	NaN	31.262845E-3	-85.825421E-6	-0.0000000E+0	NaN
58.999998E-6	31.039964E-3	-50.977236E-6	0.0000000E+0	NaN	31.342842E-3	-34.612956E-6	0.0000000E+0	NaN
59.999998E-6	31.064671E-3	26.838490E-6	0.0000000E+0	NaN	31.428248E-3	25.583962E-6	0.0000000E+0	NaN
60.999999E-6	31.037809E-3	72.454539E-6	0.0000000E+0	NaN	31.474806E-3	86.820146E-6	-0.0000000E+0	NaN
61.999999E-6	30.927297E-3	43.965822E-6	0.0000000E+0	NaN	31.583440E-3	20.270807E-6	-0.0000000E+0	NaN
62.999999E-6	30.828893E-3	-20.533391E-6	0.0000000E+0	NaN	31.591356E-3	-44.996450E-6	-0.0000000E+0	NaN
64.000000E-6	30.707005E-3	-76.458709E-6	0.0000000E+0	NaN	31.575218E-3	-84.521220E-6	0.0000000E+0	NaN
65.000000E-6	30.700155E-3	-62.099272E-6	0.0000000E+0	NaN	31.534433E-3	-25.956078E-6	0.0000000E+0	NaN
66.000001E-6	30.638037E-3	11.744493E-6	0.0000000E+0	NaN	31.493075E-3	50.246941E-6	-0.0000000E+0	NaN
67.000001E-6	30.609345E-3	46.203208E-6	0.0000000E+0	NaN	31.345982E-3	63.030988E-6	-0.0000000E+0	NaN
68.000001E-6	30.592991E-3	29.913115E-6	0.0000000E+0	NaN	31.303324E-3	661.47192E-9	-0.0000000E+0	NaN
69.000002E-6	30.622626E-3	-22.721093E-6	0.0000000E+0	NaN	31.278469E-3	-49.065173E-6	0.0000000E+0	NaN
70.000002E-6	30.601094E-3	-84.647727E-6	0.0000000E+0	NaN	31.240106E-3	-80.172525E-6	0.0000000E+0	NaN
71.000002E-6	30.538598E-3	-69.435337E-6	0.0000000E+0	NaN	31.226339E-3	-25.316545E-6	0.0000000E+0	NaN
72.000003E-6	30.567309E-3	2.8748118E-6	0.0000000E+0	NaN	31.219572E-3	65.804386E-6	-0.0000000E+0	NaN
73.000003E-6	30.445449E-3	68.487469E-6	0.0000000E+0	NaN	31.263720E-3	52.258023E-6	-0.0000000E+0	NaN
74.000003E-6	30.329382E-3	46.060144E-6	0.0000000E+0	NaN	31.206485E-3	-20.596108E-6	0.0000000E+0	NaN
74.999996E-6	30.242717E-3	-11.363549E-6	0.0000000E+0	NaN	31.236481E-3	-83.826373E-6	0.0000000E+0	NaN
75.999997E-6	30.276526E-3	-65.571287E-6	0.0000000E+0	NaN	31.285785E-3	-55.967274E-6	0.0000000E+0	NaN
76.999997E-6	30.306777E-3	-71.190560E-6	0.0000000E+0	NaN	31.238455E-3	17.830902E-6	-0.0000000E+0	NaN
77.999997E-6	30.392027E-3	15.453017E-6	0.0000000E+0	NaN	31.160478E-3	63.969550E-6	-0.0000000E+0	NaN
78.999998E-6	30.525383E-3	83.068560E-6	0.0000000E+0	NaN	31.092504E-3	40.607072E-6	-0.0000000E+0	NaN
79.999998E-6	30.647373E-3	52.092808E-6	0.0000000E+0	NaN	30.983986E-3	-25.237221E-6	0.0000000E+0	NaN
80.999998E-6	30.723142E-3	-25.917425E-6	0.0000000E+0	NaN	30.913999E-3	-67.710760E-6	0.0000000E+0	NaN
81.999999E-6	30.729104E-3	-75.712946E-6	0.0000000E+0	NaN	30.822802E-3	-69.024980E-6	-0.0000000E+0	NaN
82.999999E-6	30.689901E-3	-70.963171E-6	0.0000000E+0	NaN	30.747695E-3	19.542558E-6	-0.0000000E+0	NaN
83.999999E-6	30.747887E-3	31.837917E-6	0.0000000E+0	NaN	30.754270E-3	74.708048E-6	0.0000000E+0	NaN
85.000000E-6	30.725338E-3	82.557279E-6	0.0000000E+0	NaN	30.836243E-3	54.330256E-6	0.0000000E+0	NaN
86.000000E-6	30.743144E-3	61.020026E-6	0.0000000E+0	NaN	30.905306E-3	-34.514971E-6	0.0000000E+0	NaN
87.000000E-6	30.769901E-3	-16.416552E-6	0.0000000E+0	NaN	31.001711E-3	-77.955672E-6	-0.0000000E+0	NaN
88.000001E-6	30.786570E-3	-96.420634E-6	0.0000000E+0	NaN	31.046499E-3	-40.889085E-6	-0.0000000E+0	NaN
89.000001E-6	30.851539E-3	-35.935940E-6	0.0000000E+0	NaN	31.107187E-3	23.639192E-6	-0.0000000E+0	NaN
90.000001E-6	30.899914E-3	29.631512E-6	0.0000000E+0	NaN	31.136757E-3	72.531431E-6	0.0000000E+0	NaN
91.000002E-6	30.999552E-3	73.156625E-6	0.0000000E+0	NaN	31.095887E-3	31.911037E-6	0.0000000E+0	NaN
92.000002E-6	31.082440E-3	36.852805E-6	0.0000000E+0	NaN	31.106396E-3	-40.579074E-6	-0.0000000E+0	NaN
93.000002E-6	31.148281E-3	-36.199574E-6	0.0000000E+0	NaN	31.130468E-3	-67.974092E-6	-0.0000000E+0	NaN
94.000003E-6	31.049261E-3	-83.753053E-6	0.0000000E+0	NaN	31.168019E-3	-38.222679E-6	-0.0000000E+0	NaN
95.000003E-6	30.983441E-3	-29.874256E-6	0.0000000E+0	NaN	34.369484E-3	1.7847699E-3	0.0000000E+0	NaN
96.000003E-6	30.864352E-3	854.87613E-6	0.0000000E+0	NaN	35.206743E-3	2.5775677E-3	0.0000000E+0	NaN
96.999996E-6	30.825334E-3	85.417261E-6	0.0000000E+0	NaN	33.863846E-3	2.9621497E-3	-0.0000000E+0	NaN
97.999997E-6	31.669773E-3	29.180374E-6	0.0000000E+0	NaN	34.828164E-3	2.6745505E-3	-0.0000000E+0	NaN
98.999997E-6	30.706830E-3	112.69418E-6	0.0000000E+0	NaN	35.691474E-3	2.1239829E-3	-0.0000000E+0	NaN
99.999997E-6	30.701527E-3	-93.219125E-6	0.0000000E+0	NaN	35.023015E-3	1.9000806E-3	0.0000000E+0	NaN
101.00000E-6	31.474981E-3	230.98664E-6	0.0000000E+0	NaN	35.063703E-3	1.9668974E-3	0.0000000E+0	NaN
102.00000E-6	30.721668E-3	42.897722E-6	0.0000000E+0	NaN	36.175203E-3	2.7278420E-3	-0.0000000E+0	NaN
103.00000E-6	31.377811E-3	1.4482363E-3	0.0000000E+0	NaN	33.994634E-3	3.1599719E-3	-0.0000000E+0	NaN
104.00000E-6	30.675225E-3	14.926993E-6	0.0000000E+0	NaN	34.957416E-3	3.0188325E-3	-0.0000000E+0	NaN
105.00000E-6	31.580605E-3	26.429876E-6	0.0000000E+0	NaN	35.869054E-3	2.5755577E-3	0.0000000E+0	NaN
106.00000E-6	30.663708E-3	-55.238066E-6	0.0000000E+0	NaN	34.269113E-3	1.3658408E-3	0.0000000E+0	NaN
107.00000E-6	30.585367E-3	-27.216527E-6	0.0000000E+0	NaN	35.716251E-3	2.3599179E-3	0.0000000E+0	NaN
108.00000E-6	30.510062E-3	63.146523E-6	0.0000000E+0	NaN	36.030684E-3	2.9135901E-3	-0.0000000E+0	NaN
109.00000E-6	30.412504E-3	55.170138E-6	0.0000000E+0	NaN	33.898689E-3	3.0263353E-3	-0.0000000E+0	NaN
110.00000E-6	30.319434E-3	23.726136E-6	0.0000000E+0	NaN	34.584470E-3	2.6251974E-3	0.0000000E+0	NaN
111.00000E-6	30.291341E-3	78.723075E-6	0.0000000E+0	NaN	35.446998E-3	2.2596326E-3	0.0000000E+0	NaN
112.00000E-6	31.262804E-3	356.31654E-6	0.0000000E+0	NaN	34.596022E-3	1.9368555E-3	0.0000000E+0	NaN
113.00000E-6	30.536620E-3	-31.075680E-6	0.0000000E+0	NaN	34.691088E-3	2.2194656E-3	-0.0000000E+0	NaN
114.00000E-6	38.554426E-3	2.5250427E-3	0.0000000E+0	NaN	39.279897E-3	1.2858886E-3	-0.0000000E+0	NaN
115.00000E-6	38.109027E-3	2.3115554E-3	0.0000000E+0	NaN	39.703250E-3	1.1359033E-3	-0.0000000E+0	NaN
116.00000E-6	37.361957E-3	2.0829702E-3	0.0000000E+0	NaN	39.273806E-3	1.7507906E-3	0.0000000E+0	NaN
117.00000E-6	36.420107E-3	2.6644487E-3	0.0000000E+0	NaN	39.810542E-3	1.5499302E-3	0.0000000E+0	NaN
118.00000E-6	36.936842E-3	2.9063621E-3	0.0000000E+0	NaN	39.096355E-3	1.5494485E-3	-0.0000000E+0	NaN
119.00000E-6	38.370527E-3	2.4420281E-3	0.0000000E+0	NaN	39.416328E-3	1.4446885E-3	-0.0000000E+0	NaN
120.00000E-6	38.351025E-3	2.7308804E-3	0.0000000E+0	NaN	38.958546E-3	1.2141657E-3	-0.0000000E+0	NaN
121.00000E-6	37.887905E-3	1.9771466E-3	0.0000000E+0	NaN	38.353052E-3	1.4712294E-3	0.0000000E+0	NaN
122.00000E-6	37.777178E-3	2.4208722E-3	0.0000000E+0	NaN	39.161976E-3	1.1915612E-3	0.0000000E+0	NaN
123.00001E-6	37.879542E-3	2.6208998E-3	0.0000000E+0	NaN	38.540635E-3	1.6982584E-3	-0.0000000E+0	NaN
124.00000E-6	35.951957E-3	3.0457499E-3	0.0000000E+0	NaN	38.997699E-3	1.5466781E-3	-0.0000000E+0	NaN
125.00001E-6	37.537560E-3	3.1191960E-3	0.0000000E+0	NaN	38.850974E-3	1.3885924E-3	-0.0000000E+0	NaN
126.00000E-6	38.242232E-3	2.9252588E-3	0.0000000E+0	NaN	38.769066E-3	1.1598349E-3	0.0000000E+0	NaN
127.00001E-6	38.808651E-3	2.0930255E-3	0.0000000E+0	NaN	39.114717E-3	1.7344650E-3	0.0000000E+0	NaN
128.00000E-6	38.124129E-3	2.3518635E-3	0.0000000E+0	NaN	39.674651E-3	1.3241663E-3	0.0000000E+0	NaN
128.99999E-6	36.844980E-3	2.5784725E-3	0.0000000E+0	NaN	39.826848E-3	1.4546515E-3	-0.0000000E+0	NaN
130.00000E-6	37.390802E-3	2.8920162E-3	0.0000000E+0	NaN	39.590161E-3	1.4476191E-3	-0.0000000E+0	NaN
130.99999E-6	38.104709E-3	2.8928232E-3	0.0000000E+0	NaN	39.351892E-3	1.2849780E-3	0.0000000E+0	NaN
132.00000E-6	37.858311E-3	3.0722320E-3	0.0000000E+0	NaN	39.458003E-3	1.0591220E-3	0.0000000E+0	NaN
132.99999E-6	39.950646E-3	1.0924928E-3	0.0000000E+0	NaN	40.242586E-3	800.69422E-6	0.0000000E+0	NaN
134.00000E-6	40.070515E-3	1.0792464E-3	0.0000000E+0	NaN	40.405951E-3	808.31139E-6	-0.0000000E+0	NaN
134.99999E-6	40.115379E-3	1.0342296E-3	0.0000000E+0	NaN	40.409528E-3	881.83844E-6	-0.0000000E+0	NaN
136.00000E-6	40.127371E-3	836.66446E-6	0.0000000E+0	NaN	40.418856E-3	949.24297E-6	0.0000000E+0	NaN
137.00000E-6	39.942604E-3	864.56363E-6	0.0000000E+0	NaN	40.421695E-3	916.72537E-6	0.0000000E+0	NaN
138.00000E-6	39.922588E-3	934.38028E-6	0.0000000E+0	NaN	40.472150E-3	830.50324E-6	0.0000000E+0	NaN
139.00000E-6	39.879765E-3	1.0183821E-3	0.0000000E+0	NaN	40.491514E-3	812.04710E-6	-0.0000000E+0	NaN
140.00000E-6	39.853755E-3	1.0149707E-3	0.0000000E+0	NaN	40.521409E-3	837.24293E-6	-0.0000000E+0	NaN
141.00000E-6	39.817367E-3	954.47415E-6	0.0000000E+0	NaN	40.586047E-3	906.90330E-6	-0.0000000E+0	NaN
142.00000E-6	39.888244E-3	879.97894E-6	0.0000000E+0	NaN	40.664725E-3	934.41480E-6	0.0000000E+0	NaN
143.00000E-6	39.902810E-3	839.98393E-6	0.0000000E+0	NaN	40.737443E-3	890.21545E-6	0.0000000E+0	NaN
144.00001E-6	39.917368E-3	939.77613E-6	0.0000000E+0	NaN	40.764540E-3	803.30356E-6	-0.0000000E+0	NaN
145.00000E-6	39.860539E-3	1.0559830E-3	0.0000000E+0	NaN	40.843334E-3	785.21919E-6	0.0000000E+0	NaN
146.00001E-6	39.929666E-3	1.1240076E-3	0.0000000E+0	NaN	40.884815E-3	842.97243E-6	-0.0000000E+0	NaN
147.00000E-6	40.277854E-3	957.03098E-6	0.0000000E+0	NaN	40.850613E-3	911.78110E-6	0.0000000E+0	NaN
148.00001E-6	40.310446E-3	904.11055E-6	0.0000000E+0	NaN	40.780816E-3	909.81548E-6	0.0000000E+0	NaN
149.00000E-6	40.191632E-3	830.51977E-6	0.0000000E+0	NaN	40.713303E-3	850.33476E-6	-0.0000000E+0	NaN
149.99999E-6	40.225044E-3	916.32293E-6	0.0000000E+0	NaN	40.652413E-3	798.35847E-6	-0.0000000E+0	NaN
151.00000E-6	40.129393E-3	1.0403602E-3	0.0000000E+0	NaN	40.581129E-3	803.20676E-6	-0.0000000E+0	NaN
151.99999E-6	40.645588E-3	902.18236E-6	0.0000000E+0	NaN	40.673211E-3	805.37202E-6	0.0000000E+0	NaN
153.00000E-6	40.697709E-3	857.04343E-6	0.0000000E+0	NaN	40.679984E-3	892.71739E-6	0.0000000E+0	NaN
153.99999E-6	40.804904E-3	773.44500E-6	0.0000000E+0	NaN	40.722016E-3	889.41760E-6	0.0000000E+0	NaN
155.00000E-6	40.925022E-3	773.02853E-6	0.0000000E+0	NaN	40.713787E-3	818.65455E-6	-0.0000000E+0	NaN
155.99999E-6	40.840652E-3	821.54671E-6	0.0000000E+0	NaN	40.755164E-3	769.51022E-6	-0.0000000E+0	NaN
157.00000E-6	40.743779E-3	896.22062E-6	0.0000000E+0	NaN	40.729638E-3	785.29515E-6	0.0000000E+0	NaN
158.00000E-6	40.636335E-3	892.75307E-6	0.0000000E+0	NaN	40.750183E-3	838.62105E-6	0.0000000E+0	NaN
159.00000E-6	40.488232E-3	868.54800E-6	0.0000000E+0	NaN	40.757228E-3	892.83218E-6	0.0000000E+0	NaN
160.00000E-6	40.453821E-3	785.81827E-6	0.0000000E+0	NaN	40.702164E-3	871.60588E-6	-0.0000000E+0	NaN
161.00000E-6	40.434912E-3	778.40383E-6	0.0000000E+0	NaN	40.598616E-3	822.19014E-6	-0.0000000E+0	NaN
162.00000E-6	40.414937E-3	811.80723E-6	0.0000000E+0	NaN	40.478345E-3	776.60114E-6	0.0000000E+0	NaN
163.00000E-6	40.411424E-3	876.43502E-6	0.0000000E+0	NaN	40.330987E-3	787.16519E-6	0.0000000E+0	NaN
164.00000E-6	40.366229E-3	886.53318E-6	0.0000000E+0	NaN	40.283300E-3	863.37002E-6	0.0000000E+0	NaN
165.00000E-6	40.370915E-3	869.27542E-6	0.0000000E+0	NaN	40.205657E-3	882.79950E-6	-0.0000000E+0	NaN
166.00000E-6	40.336721E-3	775.95218E-6	0.0000000E+0	NaN	40.256392E-3	857.88680E-6	-0.0000000E+0	NaN
167.00001E-6	40.306024E-3	762.40528E-6	0.0000000E+0	NaN	40.333610E-3	782.80037E-6	0.0000000E+0	NaN
168.00000E-6	40.151246E-3	806.28874E-6	0.0000000E+0	NaN	40.384877E-3	755.78655E-6	0.0000000E+0	NaN
169.00001E-6	40.031388E-3	853.17105E-6	0.0000000E+0	NaN	40.465564E-3	808.51710E-6	0.0000000E+0	NaN
170.00000E-6	40.036358E-3	903.67964E-6	0.0000000E+0	NaN	40.490102E-3	852.02768E-6	-0.0000000E+0	NaN
170.99999E-6	40.127110E-3	868.12209E-6	0.0000000E+0	NaN	40.520478E-3	895.61869E-6	-0.0000000E+0	NaN
172.00000E-6	40.329304E-3	789.34018E-6	0.0000000E+0	NaN	40.530309E-3	847.90238E-6	-0.0000000E+0	NaN
172.99999E-6	40.419985E-3	730.48950E-6	0.0000000E+0	NaN	40.561095E-3	796.82883E-6	0.0000000E+0	NaN
174.00000E-6	40.549237E-3	780.45879E-6	0.0000000E+0	NaN	40.587340E-3	726.28388E-6	0.0000000E+0	NaN
174.99999E-6	40.681578E-3	856.26793E-6	0.0000000E+0	NaN	40.599000E-3	793.29632E-6	-0.0000000E+0	NaN
176.00000E-6	40.678252E-3	898.23402E-6	0.0000000E+0	NaN	40.600073E-3	867.02040E-6	-0.0000000E+0	NaN
176.99999E-6	40.677678E-3	853.60074E-6	0.0000000E+0	NaN	40.678479E-3	895.52568E-6	0.0000000E+0	NaN
178.00000E-6	40.676441E-3	799.30766E-6	0.0000000E+0	NaN	40.644042E-3	822.50207E-6	0.0000000E+0	NaN
179.00000E-6	40.706344E-3	738.28868E-6	0.0000000E+0	NaN	40.696952E-3	765.12672E-6	0.0000000E+0	NaN
180.00000E-6	40.748131E-3	786.59126E-6	0.0000000E+0	NaN	40.768750E-3	755.61140E-6	0.0000000E+0	NaN
181.00000E-6	40.760655E-3	842.96573E-6	0.0000000E+0	NaN	40.810514E-3	816.21116E-6	0.0000000E+0	NaN
182.00000E-6	40.835653E-3	894.77102E-6	0.0000000E+0	NaN	40.880188E-3	871.80728E-6	0.0000000E+0	NaN
183.00000E-6	40.959664E-3	887.33493E-6	0.0000000E+0	NaN	40.966436E-3	898.08530E-6	0.0000000E+0	NaN
184.00000E-6	41.036837E-3	790.23733E-6	0.0000000E+0	NaN	41.048311E-3	831.92636E-6	0.0000000E+0	NaN
185.00000E-6	41.088182E-3	754.80330E-6	0.0000000E+0	NaN	41.076113E-3	756.58067E-6	0.0000000E+0	NaN
186.00000E-6	41.033477E-3	773.22096E-6	0.0000000E+0	NaN	41.087862E-3	749.38254E-6	0.0000000E+0	NaN
187.00000E-6	40.931754E-3	839.23666E-6	0.0000000E+0	NaN	41.039992E-3	804.08470E-6	0.0000000E+0	NaN
188.00001E-6	40.855218E-3	877.75162E-6	0.0000000E+0	NaN	40.901851E-3	896.59443E-6	0.0000000E+0	NaN
189.00000E-6	40.774692E-3	874.41108E-6	0.0000000E+0	NaN	40.878098E-3	896.52993E-6	0.0000000E+0	NaN
190.00001E-6	40.725488E-3	802.95082E-6	0.0000000E+0	NaN	40.827509E-3	804.85316E-6	0.0000000E+0	NaN
191.00000E-6	40.654935E-3	760.57581E-6	0.0000000E+0	NaN	40.733866E-3	749.33370E-6	0.0000000E+0	0.0000000E+0
192.00001E-6	40.658932E-3	778.28002E-6	0.0000000E+0	NaN	40.691867E-3	776.11202E-6	0.0000000E+0	0.0000000E+0
193.00000E-6	40.628199E-3	850.14798E-6	0.0000000E+0	NaN	40.735345E-3	848.21373E-6	0.0000000E+0	-0.0000000E+0
193.99999E-6	40.642973E-3	894.34383E-6	0.0000000E+0	NaN	40.702146E-3	905.98187E-6	0.0000000E+0	-0.0000000E+0
195.00000E-6	40.602423E-3	891.45749E-6	0.0000000E+0	NaN	40.705763E-3	880.76369E-6	0.0000000E+0	0.0000000E+0
195.99999E-6	40.562186E-3	800.21273E-6	0.0000000E+0	NaN	40.740911E-3	802.22404E-6	0.0000000E+0	0.0000000E+0
197.00000E-6	40.504761E-3	747.30779E-6	0.0000000E+0	NaN	40.718824E-3	768.58082E-6	0.0000000E+0	0.0000000E+0
197.99999E-6	40.454213E-3	790.87366E-6	0.0000000E+0	NaN	40.684707E-3	776.93642E-6	0.0000000E+0	-0.0000000E+0
199.00000E-6	40.419735E-3	852.12063E-6	0.0000000E+0	NaN	40.634997E-3	852.57646E-6	0.0000000E+0	-0.0000000E+0
199.99999E-6	40.351119E-3	915.23444E-6	0.0000000E+0	NaN	40.496808E-3	893.15814E-6	0.0000000E+0	0.0000000E+0
