Experiment	Sweeper	
Saved Date	30.06.2023 16:15:20	
User		
Date		
Start time	30.06.2023 16:05:15	
Sweep channel: Name	Output 2 (V)	
Sweep channel: Start (V)	-150E-6	
Sweep channel: Stop (V)	150E-6	
Sweep channel: Points	501	
Sweep channel: Max slew rate (V/s)	Inf	
Sweep channel: Initial settling time (s)	20E+3	
Sweep channel: End settling time (s)	2E+0	
Sweep channel: Backward sweep	TRUE	
Sweep channel: Number of sweeps	2	
Sweep channel: Reset	FALSE	
Step channel 1: Name	Output 3 (V)	
Step channel 1: Start (V)	50E-3	
Step channel 1: Stop (V)	50E-3	
Step channel 1: Points	2	
Step channel 1: Max slew rate (V/s)	10E+0	
Step channel 1:  Initial settling time (s)	2E+0	
Step channel 1: End settling time (s)	2E+0	
Step channel 1: Backward sweep	FALSE	
Step channel 1: Reset	FALSE	
Sweep Type	2D-Both RT	
Acquire channels	Input 1 (V);LI Demod 3 X (V)	
Filter type	None	
Order		
Cutoff frq		

[DATA]
Output 2 Setp. (V)	Input 1 [00001] (V)	LI Demod 3 X [00001] (V)	Input 1 [00002] (V)	LI Demod 3 X [00002] (V)	Input 1 [00001] [bwd] (V)	LI Demod 3 X [00001] [bwd] (V)	Input 1 [00002] [bwd] (V)	LI Demod 3 X [00002] [bwd] (V)
-150.00001E-6	33.555470E-3	3.0272456E-3	34.887943E-3	2.9204951E-3	38.861345E-3	2.6344697E-3	33.183105E-3	2.8664418E-3
-149.40000E-6	33.685274E-3	2.4667813E-3	37.822217E-3	2.3874568E-3	38.734999E-3	2.9692755E-3	34.441840E-3	2.4452577E-3
-148.80001E-6	34.087919E-3	1.9035575E-3	37.286554E-3	2.4864434E-3	38.567510E-3	2.5175777E-3	35.054501E-3	2.0349708E-3
-148.20001E-6	35.604768E-3	2.7088036E-3	35.908487E-3	2.8425220E-3	38.597062E-3	1.9999808E-3	32.591816E-3	897.34129E-6
-147.60000E-6	34.838565E-3	2.5276295E-3	34.408726E-3	3.3008882E-3	39.098769E-3	1.5730910E-3	35.556909E-3	2.1886542E-3
-147.00001E-6	33.014957E-3	3.1579458E-3	36.423665E-3	3.3528216E-3	39.369334E-3	2.4310814E-3	32.542545E-3	2.7350585E-3
-146.40001E-6	34.964062E-3	2.6415053E-3	38.161207E-3	2.5787416E-3	40.611960E-3	965.62156E-6	34.239642E-3	3.2083639E-3
-145.80000E-6	35.423089E-3	2.3355032E-3	36.226463E-3	2.4936346E-3	40.812653E-3	1.0883139E-3	35.171244E-3	2.7601339E-3
-145.20000E-6	35.585098E-3	2.5357774E-3	36.203846E-3	2.4420226E-3	40.797040E-3	1.0720568E-3	33.815410E-3	1.4950725E-3
-144.60001E-6	34.702841E-3	3.0147610E-3	36.089707E-3	3.0455561E-3	40.638212E-3	974.52942E-6	34.612335E-3	2.0354502E-3
-144.00001E-6	33.492383E-3	3.1654967E-3	37.600737E-3	2.9610519E-3	40.364873E-3	1.0106345E-3	34.317411E-3	2.1895550E-3
-143.40000E-6	34.323644E-3	2.6366564E-3	36.497723E-3	2.9338547E-3	39.936733E-3	1.0904541E-3	31.318426E-3	2.1990601E-3
-142.80001E-6	34.507390E-3	2.2547205E-3	37.242752E-3	2.7699673E-3	40.271915E-3	1.1231258E-3	32.922890E-3	2.1438219E-3
-142.20001E-6	35.094403E-3	2.0638371E-3	37.117884E-3	2.5602349E-3	40.604785E-3	1.4009085E-3	32.663971E-3	858.72348E-6
-141.60000E-6	34.157913E-3	2.4285573E-3	36.103059E-3	2.7207383E-3	40.545449E-3	1.2420716E-3	32.921001E-3	945.03950E-6
-141.00001E-6	33.229407E-3	2.1781342E-3	36.055941E-3	3.0836943E-3	39.972972E-3	1.3937022E-3	32.418109E-3	1.0805243E-3
-140.40001E-6	33.722725E-3	2.7168752E-3	37.884779E-3	2.7754307E-3	39.997410E-3	1.0597920E-3	31.986479E-3	2.2094212E-3
-139.80000E-6	34.461219E-3	2.1355306E-3	35.872124E-3	2.9817016E-3	39.725963E-3	1.1157407E-3	32.665506E-3	2.6143696E-3
-139.20001E-6	35.684872E-3	2.5600395E-3	37.554841E-3	2.5141521E-3	40.174767E-3	1.3108675E-3	33.852279E-3	2.5508362E-3
-138.60001E-6	34.836799E-3	2.9559094E-3	36.482055E-3	2.7110144E-3	40.115852E-3	1.3533821E-3	33.300418E-3	947.51531E-6
-138.00000E-6	34.046464E-3	3.0396210E-3	35.965759E-3	3.0494409E-3	40.182479E-3	1.2330541E-3	32.624245E-3	731.33048E-6
-137.40001E-6	33.472799E-3	2.8652032E-3	36.284070E-3	3.1929556E-3	39.585393E-3	1.2490547E-3	31.757809E-3	894.33108E-6
-136.80001E-6	34.086581E-3	2.1904723E-3	38.193665E-3	2.4942609E-3	39.466232E-3	1.1197586E-3	31.675208E-3	2.1511458E-3
-136.20000E-6	35.761062E-3	2.3145834E-3	37.717972E-3	2.7727806E-3	39.975245E-3	1.0887135E-3	31.199377E-3	1.8987503E-3
-135.60001E-6	34.945641E-3	2.7383168E-3	36.839116E-3	2.5328908E-3	40.165804E-3	1.0812737E-3	33.173814E-3	2.0073706E-3
-135.00001E-6	33.433456E-3	2.9987956E-3	35.982389E-3	2.7974728E-3	39.814331E-3	1.4311947E-3	33.751938E-3	1.4717851E-3
-134.40000E-6	34.294367E-3	2.8958882E-3	35.516083E-3	3.1926150E-3	39.336368E-3	1.3943447E-3	34.688115E-3	1.8531141E-3
-133.80000E-6	30.517288E-3	-75.527656E-6	30.707877E-3	27.440445E-6	39.298669E-3	1.1128797E-3	31.191576E-3	-46.318051E-6
-133.20001E-6	30.528693E-3	-39.551960E-6	32.171957E-3	1.7530944E-3	39.145172E-3	1.0875156E-3	31.154117E-3	-70.972754E-6
-132.60001E-6	30.571943E-3	66.324908E-6	32.273017E-3	761.64800E-6	39.390620E-3	1.2802079E-3	31.060010E-3	-46.312089E-6
-132.00000E-6	30.556755E-3	40.749856E-6	30.805269E-3	657.84657E-6	39.594792E-3	1.4028237E-3	30.984653E-3	43.654705E-6
-131.40001E-6	30.595643E-3	-40.996681E-6	31.631973E-3	72.836170E-6	39.746020E-3	1.4212891E-3	30.896408E-3	60.816583E-6
-130.80001E-6	30.599320E-3	-73.811534E-6	33.627417E-3	1.9002082E-3	39.448049E-3	1.3387309E-3	30.870333E-3	31.607673E-6
-130.20000E-6	30.607035E-3	-57.761932E-6	31.736344E-3	1.5521494E-3	39.265297E-3	1.1269990E-3	30.822832E-3	-42.223772E-6
-129.60001E-6	30.583763E-3	46.761961E-6	30.844187E-3	1.0672304E-3	39.774120E-3	1.1634685E-3	30.868914E-3	-63.631531E-6
-129.00001E-6	30.674307E-3	69.416252E-6	31.639908E-3	-56.286415E-6	40.060852E-3	1.4351000E-3	30.880000E-3	-41.771415E-6
-128.40000E-6	30.677039E-3	3.1772463E-6	30.898297E-3	392.71769E-6	40.432166E-3	875.32029E-6	30.833544E-3	36.434249E-6
-127.80001E-6	30.687952E-3	-75.501368E-6	31.756192E-3	655.65686E-6	40.521633E-3	806.09502E-6	30.851910E-3	50.473132E-6
-127.20001E-6	30.662160E-3	-42.505137E-6	31.814773E-3	833.75274E-6	40.538002E-3	769.19328E-6	30.812291E-3	17.351405E-6
-126.60000E-6	30.690400E-3	27.963495E-6	30.906741E-3	1.3697773E-3	40.494591E-3	817.49068E-6	30.807866E-3	-67.305416E-6
-126.00000E-6	30.685842E-3	73.151823E-6	30.906586E-3	737.70300E-6	40.463068E-3	882.49246E-6	30.720869E-3	-62.816944E-6
-125.40001E-6	30.677762E-3	7.3808324E-6	33.279389E-3	326.68121E-6	40.465470E-3	919.50281E-6	30.567450E-3	-49.776205E-6
-124.80000E-6	30.732950E-3	-59.211914E-6	34.148715E-3	1.3026592E-3	40.446129E-3	852.37296E-6	30.488154E-3	53.823369E-6
-124.20001E-6	30.748302E-3	-48.648319E-6	33.303484E-3	1.5572491E-3	40.517721E-3	770.32315E-6	30.374143E-3	58.333535E-6
-123.60001E-6	30.727480E-3	25.188368E-6	31.618316E-3	850.22300E-6	40.540010E-3	769.49078E-6	30.317606E-3	2.3027983E-6
-123.00001E-6	30.778194E-3	71.805480E-6	31.519480E-3	646.17861E-6	40.563602E-3	857.62603E-6	30.379135E-3	-55.561730E-6
-122.40000E-6	30.731596E-3	38.485083E-6	31.066259E-3	918.22993E-6	40.632762E-3	912.14530E-6	30.475164E-3	-84.319247E-6
-121.80001E-6	30.780595E-3	-52.287949E-6	31.128764E-3	276.14078E-6	40.735763E-3	910.42079E-6	30.547116E-3	-40.044150E-6
-121.20001E-6	30.712582E-3	-62.020044E-6	33.006333E-3	838.80592E-6	40.788587E-3	809.82875E-6	30.677492E-3	53.407839E-6
-120.60000E-6	30.656725E-3	19.947578E-6	33.648267E-3	2.1954325E-3	40.844657E-3	781.25927E-6	30.712133E-3	40.721687E-6
-120.00000E-6	30.675843E-3	66.487075E-6	31.302337E-3	-43.864853E-6	40.921919E-3	798.07255E-6	30.691938E-3	15.250567E-6
-119.40001E-6	30.668275E-3	44.474258E-6	31.352647E-3	1.1259142E-3	40.934809E-3	868.04084E-6	30.765416E-3	-70.022659E-6
-118.80000E-6	30.668346E-3	-41.889176E-6	33.782329E-3	916.69982E-6	40.937446E-3	925.08044E-6	30.776354E-3	-90.455556E-6
-118.20001E-6	30.695507E-3	-76.708609E-6	33.134896E-3	910.29931E-6	40.970724E-3	872.12853E-6	30.768633E-3	-8.8002053E-6
-117.60001E-6	30.669818E-3	-28.871527E-6	32.137033E-3	493.09910E-6	40.900301E-3	796.64396E-6	30.780390E-3	75.841213E-6
-117.00000E-6	30.714396E-3	79.445657E-6	32.448865E-3	1.5796606E-3	40.835954E-3	759.85305E-6	30.740371E-3	60.407103E-6
-116.40001E-6	30.697878E-3	52.196265E-6	31.384986E-3	1.5327549E-3	40.801723E-3	820.19944E-6	30.801876E-3	163.95035E-9
-115.80001E-6	30.692372E-3	-27.112952E-6	31.980235E-3	196.72958E-6	40.828437E-3	900.04870E-6	30.848160E-3	-59.083108E-6
-115.20000E-6	30.644506E-3	570.18676E-6	31.015217E-3	15.461655E-6	40.741235E-3	920.36079E-6	30.905763E-3	-41.848354E-6
-114.60001E-6	30.713160E-3	-29.774848E-6	30.996706E-3	61.749284E-6	40.648855E-3	867.93496E-6	30.983638E-3	-16.442715E-6
-114.00001E-6	30.703606E-3	49.991959E-6	30.861702E-3	55.297398E-6	40.832445E-3	787.96828E-6	31.031063E-3	70.053669E-6
-113.40000E-6	30.742353E-3	54.064978E-6	30.831113E-3	-49.358958E-6	40.838532E-3	778.43381E-6	31.174725E-3	67.451016E-6
-112.80001E-6	30.695219E-3	-24.246257E-6	30.828513E-3	-74.249510E-6	40.773928E-3	850.67167E-6	31.164726E-3	-25.572852E-6
-112.20001E-6	30.695904E-3	-71.391587E-6	30.794069E-3	-31.786363E-6	40.793937E-3	921.62605E-6	31.172985E-3	-83.322557E-6
-111.60001E-6	30.728754E-3	-49.974456E-6	30.807802E-3	68.976908E-6	40.831693E-3	896.32557E-6	31.123986E-3	-83.098399E-6
-111.00000E-6	30.787759E-3	50.150207E-6	30.867180E-3	83.496569E-6	40.816270E-3	819.97277E-6	31.035678E-3	-8.5409638E-6
-110.40000E-6	30.805739E-3	87.602159E-6	30.870270E-3	419.62929E-9	40.921409E-3	730.16086E-6	30.955970E-3	70.021488E-6
-109.80001E-6	30.776646E-3	27.639624E-6	30.836895E-3	-69.706417E-6	40.903717E-3	769.61605E-6	30.906014E-3	66.088942E-6
-109.20000E-6	30.695403E-3	-49.964154E-6	30.812547E-3	-55.702505E-6	40.885080E-3	844.14106E-6	30.852353E-3	-28.375160E-6
-108.60000E-6	30.679595E-3	-59.027283E-6	30.799141E-3	40.429310E-6	40.841926E-3	891.43153E-6	30.844178E-3	-48.732381E-6
-108.00001E-6	30.562522E-3	30.094056E-6	30.795783E-3	71.079608E-6	40.793508E-3	840.11618E-6	30.823963E-3	-64.969448E-6
-107.40000E-6	30.594403E-3	70.003305E-6	30.775839E-3	26.169040E-6	40.729865E-3	761.30318E-6	30.825432E-3	13.686532E-6
-106.80001E-6	30.568134E-3	20.964644E-6	30.770641E-3	-47.327525E-6	40.636200E-3	745.73531E-6	30.859679E-3	65.066582E-6
-106.20001E-6	30.541651E-3	-56.007921E-6	30.762888E-3	-75.417505E-6	40.599987E-3	812.19192E-6	30.841863E-3	33.494300E-6
-105.60000E-6	30.607829E-3	-90.322144E-6	30.764187E-3	-16.556805E-6	40.399749E-3	880.25862E-6	30.799627E-3	-20.439666E-6
-105.00001E-6	30.572407E-3	2.0782406E-6	30.776052E-3	56.465302E-6	40.303983E-3	890.86604E-6	30.725187E-3	-89.146371E-6
-104.40001E-6	30.591125E-3	65.903841E-6	30.771071E-3	64.595421E-6	40.288351E-3	801.45977E-6	30.644251E-3	-52.912481E-6
-103.80000E-6	30.631544E-3	35.756959E-6	30.792797E-3	-45.678564E-6	40.262066E-3	753.02430E-6	30.576877E-3	17.117456E-6
-103.20001E-6	30.732421E-3	-16.397307E-6	30.778710E-3	-75.622876E-6	40.250476E-3	790.71737E-6	30.339606E-3	91.148708E-6
-102.60001E-6	30.687734E-3	-63.238549E-6	30.726897E-3	-34.397868E-6	30.468678E-3	42.447726E-6	30.382954E-3	35.069257E-6
-102.00001E-6	30.640669E-3	-22.241093E-6	30.714704E-3	41.855445E-6	30.630546E-3	77.081517E-6	30.393815E-3	-32.680076E-6
-101.40000E-6	30.616427E-3	48.965641E-6	30.726571E-3	71.041854E-6	30.759141E-3	14.272351E-6	30.516632E-3	-70.251008E-6
-100.80000E-6	30.619865E-3	50.736620E-6	30.653946E-3	-9.7381044E-6	30.611206E-3	-45.097080E-6	30.658618E-3	-45.992118E-6
-100.20001E-6	30.634686E-3	-20.980726E-6	30.414805E-3	-65.288710E-6	30.683996E-3	-59.798091E-6	30.738534E-3	22.299793E-6
-99.600002E-6	30.693652E-3	-80.876045E-6	30.401070E-3	-60.935643E-6	30.672055E-3	7.6580645E-6	30.818135E-3	74.981952E-6
-99.000004E-6	30.733244E-3	-50.550363E-6	30.355662E-3	14.444888E-6	30.723885E-3	80.059704E-6	30.829841E-3	54.132572E-6
-98.400007E-6	30.701818E-3	49.992559E-6	30.313797E-3	65.858563E-6	30.755809E-3	48.138212E-6	30.860169E-3	-26.259266E-6
-97.800003E-6	30.753130E-3	66.568362E-6	30.250032E-3	40.345996E-6	30.768845E-3	-32.043095E-6	30.861860E-3	-67.464178E-6
-97.200005E-6	30.681914E-3	-3.6278664E-6	30.255381E-3	-43.271895E-6	30.812711E-3	-85.037624E-6	30.874811E-3	-48.079037E-6
-96.600008E-6	30.687131E-3	-53.866410E-6	30.243741E-3	-69.212358E-6	30.847585E-3	-39.543171E-6	30.854603E-3	10.850749E-6
-96.000003E-6	30.694557E-3	-64.649350E-6	30.238695E-3	-21.490412E-6	30.815698E-3	54.353251E-6	30.845314E-3	58.483238E-6
-95.400006E-6	30.728096E-3	23.734543E-6	30.279864E-3	65.906293E-6	30.827971E-3	72.691422E-6	30.750524E-3	36.911588E-6
-94.800009E-6	30.770097E-3	71.270086E-6	30.311374E-3	53.330630E-6	30.821247E-3	-2.2364086E-6	30.797774E-3	-72.597912E-6
-94.200004E-6	30.774914E-3	6.5755426E-6	30.313419E-3	-33.673958E-6	30.815374E-3	-73.579511E-6	30.844446E-3	-75.215583E-6
-93.600007E-6	30.804982E-3	-73.954441E-6	30.398823E-3	-94.168070E-6	30.818556E-3	-71.635324E-6	30.960938E-3	-32.682972E-6
-93.000010E-6	30.798279E-3	-65.090026E-6	30.412529E-3	-32.251686E-6	30.841088E-3	16.868229E-6	31.085867E-3	31.637544E-6
-92.400005E-6	30.803923E-3	28.532982E-6	30.457539E-3	20.401783E-6	30.853763E-3	70.885188E-6	31.179216E-3	74.905656E-6
-91.800001E-6	30.899201E-3	52.200176E-6	30.504258E-3	67.040666E-6	30.872056E-3	22.364198E-6	31.241780E-3	17.377168E-6
-91.200003E-6	30.868076E-3	44.768094E-6	30.596487E-3	9.5572623E-6	30.860953E-3	-68.991656E-6	31.198258E-3	-41.447427E-6
-90.600006E-6	30.979088E-3	-52.726780E-6	30.628826E-3	-71.475515E-6	30.808365E-3	-81.426551E-6	31.129682E-3	-83.162326E-6
-90.000001E-6	30.992430E-3	-80.471887E-6	30.629301E-3	-72.533425E-6	30.824242E-3	-24.549987E-6	31.076174E-3	-32.821656E-6
-89.400004E-6	31.011870E-3	-6.4834894E-6	30.681342E-3	-16.192980E-6	30.849531E-3	64.687745E-6	30.958343E-3	28.437773E-6
-88.800007E-6	31.024406E-3	71.957424E-6	30.690817E-3	59.535378E-6	30.840611E-3	59.547263E-6	30.872628E-3	89.984336E-6
-88.200002E-6	31.037189E-3	31.144518E-6	30.712334E-3	21.233300E-6	30.808305E-3	-17.906263E-6	30.846637E-3	45.981305E-6
-87.600005E-6	31.056374E-3	-38.266524E-6	30.697001E-3	-53.296630E-6	30.844267E-3	-87.946588E-6	30.860862E-3	-56.013905E-6
-87.000008E-6	31.046227E-3	-102.86240E-6	30.699303E-3	-76.572062E-6	30.831242E-3	-47.579499E-6	30.855618E-3	-70.589347E-6
-86.400003E-6	31.083044E-3	-33.212556E-6	30.708227E-3	-53.209995E-6	30.889658E-3	47.119054E-6	30.859502E-3	-28.516481E-6
-85.800006E-6	31.259656E-3	51.102739E-6	30.700862E-3	36.607988E-6	30.855438E-3	64.721557E-6	30.862214E-3	66.678200E-6
-85.200008E-6	31.246632E-3	43.720240E-6	30.749239E-3	79.374091E-6	30.931821E-3	35.835688E-6	30.822095E-3	79.517427E-6
-84.600004E-6	31.247463E-3	-40.650448E-6	30.721407E-3	13.695733E-6	31.062359E-3	-54.676893E-6	30.791244E-3	21.853903E-6
-84.000007E-6	31.289466E-3	-77.452220E-6	30.716455E-3	-51.095423E-6	31.118266E-3	-83.134117E-6	30.780721E-3	-59.327249E-6
-83.400002E-6	31.292558E-3	-24.098710E-6	30.703863E-3	-70.054353E-6	31.148108E-3	12.469161E-6	30.707318E-3	-86.284090E-6
-82.800005E-6	31.301640E-3	49.826798E-6	30.728554E-3	21.377335E-6	31.179694E-3	59.410340E-6	30.576127E-3	-28.734970E-6
-82.200007E-6	31.306420E-3	64.336375E-6	30.700879E-3	81.580030E-6	31.235203E-3	60.281705E-6	30.463159E-3	42.304109E-6
-81.600003E-6	31.318020E-3	-31.435720E-6	30.717677E-3	37.329661E-6	31.279135E-3	-18.962563E-6	30.426729E-3	72.158378E-6
-81.000006E-6	31.308714E-3	-66.476088E-6	30.796219E-3	-63.297914E-6	31.312268E-3	-95.687596E-6	30.389760E-3	23.486040E-6
-80.400001E-6	31.285368E-3	-47.149832E-6	30.805243E-3	-97.130207E-6	31.348817E-3	-32.836015E-6	30.425973E-3	-76.277094E-6
-79.800004E-6	31.306498E-3	30.014053E-6	30.807931E-3	-1.6794876E-6	31.419612E-3	57.974281E-6	30.497586E-3	-60.467264E-6
-79.200006E-6	31.313539E-3	72.184106E-6	30.826120E-3	45.336219E-6	31.434733E-3	61.437648E-6	30.622168E-3	-25.196401E-6
-78.600002E-6	31.573031E-3	10.095216E-6	30.815164E-3	60.090275E-6	31.451374E-3	271.22013E-9	30.683337E-3	42.120071E-6
-78.000005E-6	31.563316E-3	-76.888427E-6	30.856846E-3	-18.618059E-6	31.403072E-3	-90.737092E-6	30.670824E-3	70.077062E-6
-77.400007E-6	31.600133E-3	-29.440112E-6	30.846369E-3	-67.391913E-6	31.406712E-3	-56.533325E-6	30.730989E-3	1.6282478E-6
-76.800003E-6	31.469427E-3	50.467806E-6	30.830896E-3	-50.415259E-6	31.353727E-3	9.3482786E-6	30.761339E-3	-43.737626E-6
-76.200005E-6	31.317383E-3	61.885381E-6	30.903438E-3	30.080351E-6	31.294022E-3	61.072104E-6	30.761611E-3	-86.625980E-6
-75.600008E-6	31.320751E-3	-3.7578570E-6	30.974029E-3	76.575001E-6	31.186843E-3	31.795364E-6	30.771578E-3	-14.352850E-6
-75.000004E-6	31.312335E-3	-58.872145E-6	31.023905E-3	31.018215E-6	31.116204E-3	-42.367683E-6	30.772716E-3	54.042295E-6
-74.400006E-6	31.313624E-3	-51.310559E-6	31.037962E-3	-61.358020E-6	31.107776E-3	-100.28337E-6	30.807387E-3	75.644093E-6
-73.800002E-6	31.353343E-3	21.372745E-6	31.063674E-3	-88.495828E-6	31.329796E-3	-38.949114E-6	30.877342E-3	-8.1871485E-6
-73.200004E-6	31.309627E-3	81.170154E-6	31.100187E-3	175.23709E-9	31.118711E-3	70.123184E-6	30.981179E-3	-72.632472E-6
-72.600007E-6	31.292871E-3	4.5962943E-6	31.096451E-3	61.323633E-6	31.133512E-3	61.156672E-6	31.088067E-3	-68.552763E-6
-72.000003E-6	31.336971E-3	-48.073987E-6	31.068293E-3	55.180459E-6	31.123534E-3	2.4231420E-6	31.188646E-3	-25.308727E-6
-71.400005E-6	31.317797E-3	-51.960502E-6	31.099062E-3	-31.101616E-6	31.131085E-3	-64.921180E-6	31.246217E-3	53.587228E-6
-70.800001E-6	31.328287E-3	14.674254E-6	31.091608E-3	-78.620476E-6	31.098599E-3	-54.959506E-6	31.252213E-3	52.094969E-6
-70.200003E-6	31.332988E-3	75.398289E-6	31.066706E-3	-31.210810E-6	31.103896E-3	30.997206E-6	31.179858E-3	21.283799E-6
-69.600006E-6	31.303007E-3	36.601097E-6	31.031137E-3	28.684750E-6	31.111846E-3	69.874979E-6	31.075940E-3	-69.904898E-6
-69.000002E-6	31.304944E-3	-70.707494E-6	31.138595E-3	51.900806E-6	31.091921E-3	27.456246E-6	30.955698E-3	-77.967226E-6
-68.400004E-6	31.305801E-3	-78.660625E-6	31.120971E-3	4.2394354E-6	31.129962E-3	-60.309441E-6	30.916465E-3	-12.234622E-6
-67.800007E-6	31.255186E-3	-5.8541450E-6	31.043986E-3	-87.265566E-6	31.054897E-3	-82.364590E-6	30.893324E-3	56.414854E-6
-67.200002E-6	31.197628E-3	42.491272E-6	31.042119E-3	-57.431120E-6	31.034144E-3	881.64791E-9	30.901929E-3	59.418613E-6
-66.600005E-6	31.219708E-3	34.160701E-6	30.941319E-3	20.974616E-6	31.027652E-3	62.113664E-6	30.884081E-3	37.830425E-6
-66.000008E-6	31.203791E-3	-43.319855E-6	30.831061E-3	53.086998E-6	31.030158E-3	42.423537E-6	30.883469E-3	-60.840735E-6
-65.400003E-6	31.159390E-3	-58.635775E-6	30.742520E-3	34.522498E-6	31.042354E-3	-37.263253E-6	30.849170E-3	-69.683781E-6
-64.800006E-6	31.142980E-3	-1.0817969E-6	30.666506E-3	-45.464032E-6	31.045083E-3	-82.855848E-6	30.835027E-3	-26.851663E-6
-64.200001E-6	31.095780E-3	76.737488E-6	30.642997E-3	-74.052143E-6	31.029122E-3	-34.995941E-6	30.757926E-3	54.395994E-6
-63.600004E-6	31.079214E-3	57.149842E-6	30.664964E-3	-23.904649E-6	31.007133E-3	51.820989E-6	30.725757E-3	68.392757E-6
-63.000007E-6	31.144388E-3	-26.234058E-6	30.680580E-3	75.047872E-6	31.036254E-3	55.012675E-6	30.581292E-3	29.996520E-6
-62.400002E-6	31.142008E-3	-58.373720E-6	30.642292E-3	58.676531E-6	30.998059E-3	-11.127569E-6	30.489562E-3	-60.864139E-6
-61.800005E-6	31.168163E-3	-18.194480E-6	30.648058E-3	-17.437194E-6	31.024242E-3	-90.642796E-6	30.463312E-3	-83.642182E-6
-61.200000E-6	31.159926E-3	49.778238E-6	30.621357E-3	-57.442558E-6	31.024251E-3	-59.537069E-6	30.473039E-3	-23.365157E-6
-60.600003E-6	31.028559E-3	68.785848E-6	30.635517E-3	-66.217661E-6	31.029124E-3	20.114559E-6	30.551026E-3	36.403711E-6
-60.000006E-6	30.999433E-3	-12.645376E-6	30.629680E-3	29.757661E-6	30.998878E-3	62.313375E-6	30.670887E-3	45.434419E-6
-59.400001E-6	30.939074E-3	-67.337111E-6	30.636866E-3	71.131035E-6	31.024404E-3	2.9426935E-6	30.714968E-3	14.874377E-6
-58.800004E-6	30.909488E-3	-45.216617E-6	30.637905E-3	18.859831E-6	31.012446E-3	-55.150053E-6	30.740757E-3	-50.021161E-6
-58.200007E-6	30.889418E-3	44.781023E-6	30.713849E-3	-42.181964E-6	30.981705E-3	-58.897520E-6	30.747298E-3	-94.021561E-6
-57.600002E-6	30.870592E-3	62.881758E-6	30.710138E-3	-85.571650E-6	31.003535E-3	12.596660E-6	30.685099E-3	-53.334592E-6
-57.000005E-6	30.937742E-3	-6.7041078E-6	30.661207E-3	7.1879049E-6	31.007534E-3	75.365337E-6	30.705286E-3	48.645365E-6
-56.400007E-6	30.953774E-3	-69.270733E-6	30.701587E-3	56.101384E-6	31.054325E-3	10.439177E-6	30.765029E-3	75.219665E-6
-55.800003E-6	31.053765E-3	-61.166123E-6	30.714948E-3	46.284444E-6	31.113546E-3	-72.473347E-6	30.784843E-3	4.6514251E-6
-55.200006E-6	31.012421E-3	40.773371E-6	30.647367E-3	-30.842672E-6	31.072790E-3	-86.778753E-6	30.784221E-3	-50.280931E-6
-54.600001E-6	31.014901E-3	77.258395E-6	30.551780E-3	-65.655666E-6	31.139117E-3	-1.0346158E-6	30.871218E-3	-70.596310E-6
-54.000004E-6	30.967524E-3	-3.4650261E-6	30.534688E-3	-51.550636E-6	31.149795E-3	77.975536E-6	30.937912E-3	-16.825428E-6
-53.400006E-6	30.983653E-3	-68.630747E-6	30.492082E-3	41.644995E-6	31.124836E-3	58.483100E-6	31.161409E-3	50.690182E-6
-52.800002E-6	30.938303E-3	-72.953590E-6	30.417657E-3	49.629780E-6	31.139018E-3	-53.517313E-6	31.229891E-3	66.951412E-6
-52.200005E-6	30.946722E-3	21.699694E-6	30.368144E-3	1.7373436E-6	31.142570E-3	-85.496031E-6	31.214306E-3	26.065321E-6
-51.600000E-6	30.959092E-3	70.218193E-6	30.316032E-3	-57.676447E-6	31.078959E-3	1.4418373E-6	31.189669E-3	-48.502934E-6
-51.000003E-6	30.948168E-3	20.333398E-6	30.306028E-3	-60.733411E-6	31.137126E-3	64.920729E-6	31.081639E-3	-69.949820E-6
-50.400005E-6	30.946659E-3	-68.514586E-6	30.230153E-3	-13.934233E-6	31.131711E-3	33.877881E-6	31.017449E-3	-23.816512E-6
-49.800001E-6	30.900640E-3	-71.758419E-6	30.219816E-3	52.941599E-6	31.084495E-3	-59.689683E-6	30.953430E-3	43.790140E-6
-49.200004E-6	30.866593E-3	17.603530E-6	30.253375E-3	57.547106E-6	31.105192E-3	-93.374249E-6	30.904589E-3	71.882285E-6
-48.600006E-6	30.905707E-3	48.243819E-6	30.266199E-3	-21.789619E-6	31.064937E-3	-13.399867E-6	30.920768E-3	22.062315E-6
-48.000002E-6	30.906554E-3	7.9376614E-6	30.329779E-3	-70.051923E-6	31.053124E-3	74.336931E-6	30.892326E-3	-48.418562E-6
-47.400004E-6	30.860689E-3	-53.674827E-6	30.378098E-3	-53.233089E-6	31.092662E-3	61.880550E-6	30.931942E-3	-77.126766E-6
-46.800007E-6	30.859523E-3	-78.768026E-6	30.437568E-3	26.713136E-6	30.985756E-3	-37.423157E-6	30.901188E-3	-26.041032E-6
-46.200003E-6	30.873368E-3	8.1730213E-6	30.488864E-3	75.107193E-6	31.026827E-3	-91.683913E-6	30.886810E-3	44.308188E-6
-45.600005E-6	30.838246E-3	62.238156E-6	30.618435E-3	45.716060E-6	31.021748E-3	-17.468912E-6	30.889500E-3	72.970281E-6
-45.000001E-6	30.842714E-3	48.153182E-6	30.620150E-3	-51.896182E-6	31.034693E-3	82.001083E-6	30.801320E-3	31.663778E-6
-44.400003E-6	30.836673E-3	-55.176894E-6	30.667271E-3	-88.208450E-6	31.031169E-3	42.158736E-6	30.666912E-3	-30.409263E-6
-43.800006E-6	30.854179E-3	-91.972834E-6	30.653130E-3	2.2930953E-6	31.013103E-3	-60.287053E-6	30.547744E-3	-91.485985E-6
-43.200002E-6	30.863967E-3	3.9159336E-6	30.636199E-3	73.866933E-6	31.041579E-3	-52.240026E-6	30.406432E-3	-35.179251E-6
-42.600004E-6	30.846475E-3	55.740700E-6	30.734967E-3	57.990732E-6	31.014029E-3	-38.831487E-6	30.309800E-3	28.549222E-6
-42.000000E-6	30.804219E-3	37.109952E-6	30.746736E-3	-10.746718E-6	31.103898E-3	38.872378E-6	30.365311E-3	67.859881E-6
-41.400002E-6	30.816533E-3	-38.951050E-6	30.783469E-3	-64.672633E-6	31.116413E-3	44.322249E-6	30.428894E-3	2.6511002E-6
-40.800005E-6	30.772660E-3	-69.532536E-6	30.763665E-3	-64.646352E-6	31.174183E-3	-42.689579E-6	30.532200E-3	-53.697084E-6
-40.200001E-6	30.789105E-3	-27.888891E-6	30.750869E-3	19.504099E-6	31.204814E-3	-48.069942E-6	30.647090E-3	-83.439874E-6
-39.600003E-6	30.875191E-3	59.533333E-6	30.744275E-3	64.318570E-6	31.169457E-3	877.26147E-9	30.694352E-3	-18.146455E-6
-39.000006E-6	30.851677E-3	67.393565E-6	30.746514E-3	44.709126E-6	31.144468E-3	57.827172E-6	30.696224E-3	34.781693E-6
-38.400001E-6	30.852370E-3	-39.557021E-6	30.799096E-3	-49.688293E-6	31.139277E-3	82.398423E-6	30.720187E-3	78.000092E-6
-37.800004E-6	30.838650E-3	-86.101121E-6	30.790536E-3	-86.038548E-6	31.171590E-3	-31.159772E-6	30.741405E-3	24.471157E-6
-37.200007E-6	30.860497E-3	-43.937125E-6	30.995157E-3	-64.181128E-6	31.147240E-3	-84.424733E-6	30.725574E-3	-42.984178E-6
-36.600002E-6	30.814307E-3	32.707132E-6	31.052304E-3	51.634088E-6	31.090884E-3	-32.041909E-6	30.719440E-3	-88.051696E-6
-36.000005E-6	30.819509E-3	70.550137E-6	31.139724E-3	70.923139E-6	31.115316E-3	48.247995E-6	30.785399E-3	-43.534565E-6
-35.400000E-6	30.782964E-3	-1.0567142E-6	31.209704E-3	11.856645E-6	31.094437E-3	56.825589E-6	30.861026E-3	26.705824E-6
-34.800003E-6	31.012768E-3	-72.968593E-6	31.288106E-3	-79.100231E-6	31.107277E-3	-10.732488E-6	30.924834E-3	96.924887E-6
-34.200006E-6	31.067867E-3	-58.421694E-6	31.291086E-3	-86.836139E-6	31.097924E-3	-81.445971E-6	31.101132E-3	51.744122E-6
-33.600001E-6	31.068331E-3	65.208682E-6	31.342406E-3	2.8032421E-6	31.118445E-3	-44.451386E-6	31.177931E-3	-50.029954E-6
-33.000004E-6	31.092690E-3	66.665467E-6	31.320527E-3	61.642670E-6	31.120764E-3	42.191368E-6	31.184146E-3	-87.460146E-6
-32.399999E-6	31.075059E-3	-13.795518E-6	31.290501E-3	55.162804E-6	31.107746E-3	64.822190E-6	31.071249E-3	-52.064046E-6
-31.800002E-6	31.070704E-3	-77.587363E-6	31.207856E-3	-39.112918E-6	31.057717E-3	-31.266616E-6	30.996574E-3	23.701094E-6
-31.200005E-6	31.059038E-3	-56.383764E-6	31.132940E-3	-89.689558E-6	31.070488E-3	-66.168068E-6	30.899383E-3	88.519286E-6
-30.600000E-6	31.062601E-3	45.282650E-6	31.048397E-3	-68.695088E-6	31.080842E-3	-48.102527E-6	30.861354E-3	52.305273E-6
-30.000003E-6	31.085337E-3	67.866611E-6	30.985363E-3	27.421740E-6	31.041006E-3	32.073905E-6	30.889111E-3	-22.693139E-6
-29.400006E-6	31.086881E-3	-10.967435E-6	30.959450E-3	67.105553E-6	31.064967E-3	51.243405E-6	30.832190E-3	-71.452734E-6
-28.800001E-6	31.084204E-3	-53.249907E-6	30.907020E-3	22.506985E-6	31.025931E-3	-18.501458E-6	30.852780E-3	-59.602251E-6
-28.200004E-6	31.111777E-3	-57.850819E-6	30.881748E-3	-39.827988E-6	31.008521E-3	-57.281406E-6	30.833974E-3	12.775527E-6
-27.600006E-6	31.077897E-3	23.789662E-6	30.831428E-3	-65.266962E-6	31.024175E-3	-31.522039E-6	30.811828E-3	76.990465E-6
-27.000002E-6	31.100359E-3	84.248080E-6	30.808141E-3	-18.618144E-6	31.061988E-3	42.313215E-6	30.760404E-3	47.534646E-6
-26.399997E-6	31.095197E-3	14.885859E-6	30.765442E-3	65.140324E-6	31.040877E-3	81.840393E-6	30.614203E-3	-20.503800E-6
-25.800007E-6	31.132080E-3	-79.641242E-6	30.796902E-3	55.063592E-6	31.070722E-3	9.7214725E-6	30.533861E-3	-80.291342E-6
-25.200003E-6	31.121118E-3	-31.089177E-6	30.809205E-3	-44.413500E-6	31.043142E-3	-86.031410E-6	30.413568E-3	-43.051703E-6
-24.599998E-6	31.158466E-3	17.903918E-6	30.831870E-3	-52.608873E-6	31.061348E-3	-48.848698E-6	30.325750E-3	9.4131556E-6
-24.000008E-6	31.142494E-3	58.121106E-6	30.809233E-3	-70.033508E-6	31.059807E-3	23.817922E-6	30.300500E-3	59.247337E-6
-23.400004E-6	31.165840E-3	7.7973418E-6	30.788431E-3	23.503839E-6	31.084917E-3	64.359825E-6	30.495806E-3	49.148202E-6
-22.799999E-6	31.189771E-3	-83.640130E-6	30.784592E-3	67.347784E-6	31.090166E-3	3.4997668E-6	30.581396E-3	-6.1450273E-6
-22.200009E-6	31.166211E-3	-69.263770E-6	30.741721E-3	38.191134E-6	31.106990E-3	-76.897348E-6	30.638192E-3	-62.138854E-6
-21.600004E-6	31.207949E-3	45.166409E-6	30.787373E-3	-46.607947E-6	31.094758E-3	-44.174281E-6	30.694172E-3	-73.948584E-6
-21.000000E-6	31.234881E-3	65.920300E-6	30.889783E-3	-81.821832E-6	31.121891E-3	18.330036E-6	30.732237E-3	-358.82937E-9
-20.400010E-6	31.268887E-3	-18.559436E-6	30.890258E-3	-27.041990E-6	31.155255E-3	69.940754E-6	30.680228E-3	79.976533E-6
-19.800005E-6	31.278428E-3	-92.472757E-6	30.845037E-3	58.073721E-6	31.159390E-3	1.4523508E-6	30.764833E-3	61.490500E-6
-19.200001E-6	31.298358E-3	-45.145112E-6	30.826459E-3	71.554161E-6	31.130083E-3	-77.729768E-6	30.811723E-3	8.5933480E-6
-18.599996E-6	31.344354E-3	44.881519E-6	30.771023E-3	-7.0343222E-6	31.184556E-3	-44.639732E-6	30.833023E-3	-55.005959E-6
-18.000006E-6	31.362154E-3	63.732230E-6	30.742291E-3	-71.374736E-6	31.156084E-3	32.730750E-6	30.896395E-3	-53.782347E-6
-17.400002E-6	31.371143E-3	-4.7919048E-6	30.509107E-3	-60.380095E-6	31.158974E-3	78.799509E-6	31.028502E-3	-2.9613823E-6
-16.799997E-6	31.397905E-3	-64.522974E-6	30.432720E-3	16.861602E-6	31.185623E-3	-4.9581313E-6	31.160373E-3	45.940673E-6
-16.200007E-6	31.430632E-3	-30.952389E-6	30.454846E-3	54.858720E-6	31.161193E-3	-68.371337E-6	31.263541E-3	70.456881E-6
-15.600002E-6	31.481594E-3	60.915660E-6	30.460332E-3	27.032638E-6	31.115141E-3	-37.209116E-6	31.292506E-3	10.698929E-6
-14.999998E-6	31.462830E-3	59.033406E-6	30.450653E-3	-40.013434E-6	31.165773E-3	47.764497E-6	31.242164E-3	-61.812869E-6
-14.400008E-6	31.494457E-3	-27.121563E-6	30.433159E-3	-90.657450E-6	31.138530E-3	67.719957E-6	31.020844E-3	-85.655542E-6
-13.800003E-6	31.494707E-3	-75.628610E-6	30.436723E-3	-1.1300446E-6	31.159330E-3	-10.623358E-6	30.929223E-3	-44.170189E-6
-13.199999E-6	31.503946E-3	-32.376916E-6	30.473713E-3	74.451447E-6	31.212565E-3	-74.532647E-6	30.862004E-3	37.268182E-6
-12.600009E-6	31.518832E-3	49.337435E-6	30.541033E-3	68.762405E-6	31.166719E-3	-45.063709E-6	30.905224E-3	60.104732E-6
-12.000004E-6	31.501401E-3	33.900218E-6	30.588696E-3	-4.4426492E-6	31.148208E-3	38.210845E-6	30.915234E-3	17.893901E-6
-11.399999E-6	31.476002E-3	-47.714293E-6	30.665524E-3	-74.998199E-6	31.146567E-3	82.775696E-6	30.914182E-3	-68.604561E-6
-10.799995E-6	31.474911E-3	-81.382779E-6	30.707410E-3	-34.166962E-6	31.141395E-3	-28.235132E-6	30.884152E-3	-78.987505E-6
-10.200005E-6	31.480461E-3	-392.70975E-9	30.776989E-3	36.089365E-6	31.155298E-3	-64.154257E-6	30.880982E-3	-41.770010E-6
-9.6000003E-6	31.483613E-3	46.935325E-6	30.836402E-3	61.569634E-6	31.155478E-3	-37.072557E-6	30.816190E-3	39.646024E-6
-8.9999958E-6	31.434007E-3	24.153782E-6	30.860551E-3	31.281874E-6	31.125596E-3	64.066873E-6	30.670092E-3	68.224268E-6
-8.4000058E-6	31.424962E-3	-63.524203E-6	30.871499E-3	-66.608256E-6	31.056853E-3	34.150587E-6	30.562006E-3	25.698173E-6
-7.8000012E-6	31.369027E-3	-80.959988E-6	30.934412E-3	-65.206666E-6	31.098085E-3	-45.336223E-6	30.430695E-3	-24.869321E-6
-7.1999966E-6	31.426463E-3	6.6386715E-6	30.901823E-3	-5.1189900E-6	31.066300E-3	-66.879227E-6	30.396953E-3	-70.194670E-6
-6.6000066E-6	31.369414E-3	65.830143E-6	30.891871E-3	91.565074E-6	31.115467E-3	-3.1286258E-6	30.402308E-3	-52.082061E-6
-6.0000020E-6	31.329669E-3	31.032694E-6	30.910924E-3	78.858146E-6	31.094626E-3	57.432957E-6	30.475589E-3	19.321425E-6
-5.3999975E-6	31.303335E-3	-46.669000E-6	30.959239E-3	-16.707021E-6	31.096727E-3	38.553590E-6	30.584181E-3	73.725518E-6
-4.8000074E-6	31.242846E-3	-68.116402E-6	30.947469E-3	-68.308764E-6	31.114807E-3	-56.569159E-6	30.640092E-3	59.329624E-6
-4.2000029E-6	31.253807E-3	-6.1384917E-6	30.949162E-3	-66.380941E-6	31.095300E-3	-73.444986E-6	30.680683E-3	-19.950599E-6
-3.5999983E-6	31.181771E-3	56.395329E-6	30.956810E-3	42.216830E-6	31.132365E-3	-11.516546E-6	30.694395E-3	-67.493886E-6
-3.0000083E-6	31.174313E-3	43.630422E-6	30.968649E-3	44.065619E-6	31.132936E-3	81.353552E-6	30.720385E-3	-56.740264E-6
-2.4000037E-6	31.217046E-3	-59.059439E-6	30.986138E-3	5.1436768E-6	31.177033E-3	31.244013E-6	30.734010E-3	4.8820730E-6
-1.7999992E-6	31.202029E-3	-87.254855E-6	30.945953E-3	-68.507688E-6	31.206962E-3	-54.701915E-6	30.745776E-3	70.843009E-6
-1.2000091E-6	31.008430E-3	7.1812424E-6	30.973105E-3	-70.755108E-6	31.170821E-3	-73.288837E-6	30.789699E-3	62.449471E-6
-600.00457E-9	30.970162E-3	49.208178E-6	30.999949E-3	14.416882E-6	31.222317E-3	14.412013E-6	30.846292E-3	803.89998E-9
0.0000000E+0	30.945698E-3	34.685803E-6	30.892070E-3	72.706302E-6	31.277630E-3	76.420634E-6	31.006137E-3	-49.991879E-6
600.00457E-9	30.976905E-3	-41.796702E-6	30.888336E-3	56.408298E-6	31.279564E-3	23.065333E-6	31.167921E-3	-57.788682E-6
1.1999946E-6	30.971833E-3	-85.870248E-6	30.927116E-3	-29.224197E-6	31.351641E-3	-49.309740E-6	31.260874E-3	-6.0785756E-6
1.7999992E-6	30.965591E-3	25.642828E-6	30.967236E-3	-78.333869E-6	31.366684E-3	-56.737492E-6	31.182976E-3	62.520914E-6
2.4000037E-6	30.960435E-3	60.832455E-6	30.985380E-3	-18.559409E-6	31.372245E-3	43.145119E-6	31.082585E-3	43.997021E-6
2.9999937E-6	30.925235E-3	18.749446E-6	31.014986E-3	48.544793E-6	31.409539E-3	75.220203E-6	30.972794E-3	-8.5913516E-6
3.5999983E-6	30.930258E-3	-54.099601E-6	31.098969E-3	76.580633E-6	31.422690E-3	-4.6745358E-6	30.909350E-3	-76.263168E-6
4.2000029E-6	30.901158E-3	-78.495839E-6	31.154351E-3	5.1222478E-6	31.463869E-3	-85.897249E-6	30.878771E-3	-81.213744E-6
4.7999929E-6	30.946057E-3	19.013138E-6	31.224385E-3	-75.946555E-6	31.450588E-3	-50.882907E-6	30.852109E-3	-36.150530E-6
5.3999975E-6	30.913899E-3	59.178099E-6	31.171825E-3	-54.967684E-6	31.416960E-3	43.788608E-6	30.832648E-3	36.659043E-6
6.0000020E-6	30.957365E-3	4.4939902E-6	31.201670E-3	-2.9651228E-6	31.394646E-3	61.990999E-6	30.846342E-3	51.142844E-6
6.5999920E-6	30.711479E-3	-53.653228E-6	31.199479E-3	64.668013E-6	31.403489E-3	-27.511196E-6	30.838815E-3	14.059842E-6
7.1999966E-6	30.694038E-3	-72.853181E-6	31.166865E-3	42.926600E-6	31.359561E-3	-79.834514E-6	30.733055E-3	-37.808524E-6
7.8000012E-6	30.708002E-3	14.078332E-6	31.152686E-3	-36.412668E-6	31.315107E-3	-34.993449E-6	30.631978E-3	-79.491132E-6
8.4000058E-6	30.712867E-3	72.794559E-6	31.093961E-3	-70.368573E-6	31.262442E-3	53.849428E-6	30.464195E-3	-24.318571E-6
8.9999958E-6	30.705431E-3	8.8115867E-6	31.050930E-3	-48.741742E-6	31.293433E-3	29.563522E-6	30.394794E-3	31.107873E-6
9.6000003E-6	30.743388E-3	-53.767020E-6	30.990966E-3	42.535921E-6	31.192489E-3	-43.880344E-6	30.424846E-3	74.063813E-6
10.200005E-6	30.704927E-3	-44.149518E-6	30.917713E-3	71.454480E-6	31.063350E-3	-84.468455E-6	30.563226E-3	38.246933E-6
10.799995E-6	30.692518E-3	39.058359E-6	30.872945E-3	1.2204658E-6	30.971128E-3	-11.065021E-6	30.644981E-3	-10.407732E-6
11.399999E-6	30.649189E-3	76.161225E-6	30.839803E-3	-80.556667E-6	31.059952E-3	69.227062E-6	30.686680E-3	-69.380862E-6
12.000004E-6	30.668868E-3	15.238683E-6	30.751675E-3	-64.544576E-6	31.080769E-3	31.766565E-6	30.662928E-3	-63.923319E-6
12.599994E-6	30.685982E-3	-52.238975E-6	30.834291E-3	-10.281979E-6	31.231619E-3	-52.975254E-6	30.668754E-3	-25.169524E-6
13.199999E-6	30.669894E-3	-47.251950E-6	30.799715E-3	57.790890E-6	31.184850E-3	-62.371349E-6	30.679157E-3	52.004911E-6
13.800003E-6	30.653158E-3	1.6719864E-6	30.827714E-3	33.939559E-6	31.134818E-3	32.609238E-6	30.679876E-3	60.289676E-6
14.399993E-6	30.673182E-3	64.514716E-6	30.944014E-3	-58.414731E-6	31.140091E-3	56.377950E-6	30.761594E-3	42.290296E-6
14.999998E-6	30.680209E-3	23.776278E-6	30.871255E-3	-76.536293E-6	31.115247E-3	-2.5512772E-6	30.927241E-3	-16.803377E-6
15.600002E-6	30.674331E-3	-40.536197E-6	30.791944E-3	-32.963442E-6	31.038763E-3	-62.909239E-6	31.070253E-3	-84.316576E-6
16.199992E-6	30.700214E-3	-66.076180E-6	30.807050E-3	34.018263E-6	30.938167E-3	-44.816301E-6	31.131094E-3	-56.121669E-6
16.799997E-6	30.689867E-3	10.685638E-6	30.816918E-3	73.120435E-6	30.932862E-3	41.970452E-6	31.044520E-3	15.543403E-6
17.400002E-6	30.680018E-3	66.541645E-6	30.819183E-3	13.066162E-6	30.951511E-3	71.741779E-6	30.956017E-3	64.060645E-6
17.999992E-6	30.673634E-3	34.218509E-6	30.791398E-3	-82.715116E-6	30.967332E-3	-13.103606E-6	30.856865E-3	58.054917E-6
18.599996E-6	30.705575E-3	-51.744737E-6	30.798901E-3	-49.394504E-6	30.925624E-3	-87.957669E-6	30.821566E-3	-3.7160996E-6
19.200001E-6	30.717816E-3	-64.621105E-6	30.794416E-3	31.528110E-6	30.952606E-3	-36.313344E-6	30.786509E-3	-62.832951E-6
19.800005E-6	30.684235E-3	-14.277684E-6	30.745346E-3	68.521113E-6	30.883705E-3	55.709137E-6	30.785376E-3	-62.043197E-6
20.399995E-6	30.656591E-3	71.056311E-6	30.782925E-3	43.960379E-6	31.031499E-3	53.053012E-6	30.722965E-3	-12.287050E-6
21.000000E-6	30.662911E-3	34.005632E-6	30.762447E-3	-61.478597E-6	30.972684E-3	-37.246344E-6	30.663490E-3	60.803333E-6
21.600004E-6	30.680340E-3	-54.745233E-6	30.750010E-3	-69.508540E-6	30.971551E-3	-70.495698E-6	30.494785E-3	70.168418E-6
22.199994E-6	30.713098E-3	-71.057744E-6	30.727627E-3	-31.925389E-6	30.946787E-3	-1.3881349E-6	30.312648E-3	21.527872E-6
22.799999E-6	30.676570E-3	-5.6713866E-6	30.699626E-3	54.985405E-6	30.945750E-3	82.233833E-6	30.399488E-3	-33.785509E-6
23.400004E-6	30.641992E-3	69.157730E-6	30.654605E-3	71.557035E-6	30.905219E-3	25.465057E-6	30.480307E-3	-95.948883E-6
23.999994E-6	30.630935E-3	40.806317E-6	30.619266E-3	-24.079387E-6	30.850938E-3	-67.045119E-6	30.613219E-3	-43.995944E-6
24.599998E-6	30.641550E-3	-61.774153E-6	30.598646E-3	-74.454612E-6	30.824175E-3	-45.363344E-6	30.745458E-3	-4.1246194E-6
25.200003E-6	30.679086E-3	-66.420813E-6	30.525625E-3	-51.349267E-6	30.767271E-3	24.832521E-6	30.771317E-3	58.926784E-6
25.799993E-6	30.656112E-3	-10.878636E-6	30.509725E-3	22.006123E-6	30.695822E-3	58.254820E-6	30.777508E-3	55.336055E-6
26.399997E-6	30.624228E-3	82.122453E-6	30.493593E-3	69.999929E-6	30.646985E-3	-3.8386547E-6	30.752566E-3	-6.5277031E-6
27.000002E-6	30.651344E-3	41.577638E-6	30.444367E-3	14.855440E-6	30.612744E-3	-56.926401E-6	30.808272E-3	-68.026202E-6
27.600006E-6	30.634265E-3	-63.714229E-6	30.396603E-3	-63.552208E-6	30.678743E-3	-78.663761E-6	30.872095E-3	-91.059155E-6
28.199996E-6	30.662704E-3	-73.679315E-6	30.437253E-3	-64.461099E-6	30.707467E-3	51.771192E-6	31.026686E-3	-18.686502E-6
28.800001E-6	30.667799E-3	-12.890126E-6	30.456860E-3	-21.829423E-6	30.738097E-3	67.307941E-6	31.176964E-3	47.106096E-6
29.400006E-6	30.662920E-3	84.684871E-6	30.483153E-3	75.942480E-6	30.765709E-3	-9.7420561E-6	31.266738E-3	62.792671E-6
29.999996E-6	30.663673E-3	37.270936E-6	30.532584E-3	61.001530E-6	30.775271E-3	-68.653550E-6	31.210819E-3	27.873171E-6
30.600000E-6	30.658836E-3	-73.742725E-6	30.554449E-3	-23.793735E-6	30.758422E-3	-39.421557E-6	31.070825E-3	-35.419336E-6
31.200005E-6	30.644266E-3	-58.388174E-6	30.633541E-3	-70.378905E-6	30.831641E-3	41.982348E-6	30.967582E-3	-81.492588E-6
31.799995E-6	30.638397E-3	2.7669053E-6	30.693905E-3	-58.209844E-6	30.923566E-3	67.701563E-6	30.917477E-3	-56.201596E-6
32.399999E-6	30.748749E-3	79.023645E-6	30.727237E-3	62.141095E-6	30.906212E-3	-33.337717E-6	30.870778E-3	26.837390E-6
33.000004E-6	30.735774E-3	34.710840E-6	30.779039E-3	65.843487E-6	30.942557E-3	-72.967567E-6	30.910484E-3	57.068828E-6
33.599994E-6	30.769143E-3	-36.493420E-6	30.828094E-3	8.0952595E-6	30.970380E-3	-11.670381E-6	30.881194E-3	77.721365E-6
34.199998E-6	30.725172E-3	-73.574469E-6	30.842850E-3	-42.986499E-6	30.966796E-3	88.215245E-6	30.869812E-3	-21.780777E-6
34.800003E-6	30.754093E-3	-2.9525131E-6	30.877579E-3	-73.268580E-6	31.035233E-3	47.606743E-6	30.829480E-3	-67.625551E-6
35.399993E-6	30.731346E-3	73.883501E-6	30.850260E-3	18.533281E-6	31.062432E-3	-26.745607E-6	30.726189E-3	-77.950026E-6
35.999998E-6	30.822655E-3	38.205355E-6	30.892363E-3	69.100068E-6	31.060159E-3	-79.571262E-6	30.682251E-3	-3.8780067E-6
36.600002E-6	30.789493E-3	-61.210892E-6	30.907979E-3	55.405540E-6	31.111484E-3	14.733009E-6	30.515788E-3	42.031930E-6
37.199992E-6	30.801378E-3	-73.867064E-6	30.908274E-3	-39.941184E-6	31.138411E-3	61.163097E-6	30.564900E-3	64.724183E-6
37.799997E-6	30.788047E-3	23.572977E-6	30.913912E-3	-90.858659E-6	31.161439E-3	51.734365E-6	30.637180E-3	15.344542E-6
38.400001E-6	30.769376E-3	59.865179E-6	30.878238E-3	-21.172185E-6	31.198122E-3	-57.050962E-6	30.715398E-3	-68.160254E-6
39.000006E-6	30.787591E-3	22.989554E-6	30.933533E-3	51.227416E-6	31.186825E-3	-56.499637E-6	30.803662E-3	-64.752130E-6
39.599996E-6	30.772010E-3	-83.656807E-6	30.881731E-3	60.257833E-6	31.234363E-3	-7.8553630E-6	30.827206E-3	-36.986799E-6
40.200001E-6	30.802913E-3	-73.148738E-6	30.906847E-3	-6.0619536E-6	31.251278E-3	73.089010E-6	30.858761E-3	63.378888E-6
40.800005E-6	30.742705E-3	36.044235E-6	30.892935E-3	-70.906892E-6	31.251054E-3	31.083426E-6	30.859085E-3	84.767358E-6
41.399995E-6	30.749438E-3	86.774264E-6	30.885966E-3	-68.722504E-6	31.298473E-3	-72.401817E-6	30.880585E-3	39.026610E-6
42.000000E-6	30.736964E-3	28.894146E-6	30.905589E-3	30.069737E-6	31.282235E-3	-78.538018E-6	30.892445E-3	-42.777174E-6
42.600004E-6	30.701004E-3	-53.061452E-6	30.936616E-3	79.967351E-6	31.296697E-3	9.2451619E-6	30.984255E-3	-68.650828E-6
43.199994E-6	30.482974E-3	-38.602051E-6	30.953255E-3	33.861008E-6	31.279944E-3	83.459890E-6	31.122537E-3	-33.039461E-6
43.799999E-6	30.438010E-3	39.364601E-6	30.982774E-3	-53.979722E-6	31.270627E-3	26.616548E-6	31.254556E-3	11.655980E-6
44.400003E-6	30.365258E-3	88.427951E-6	31.029461E-3	-58.765447E-6	31.279799E-3	-50.839721E-6	31.301003E-3	50.117746E-6
44.999993E-6	30.351326E-3	-17.354039E-6	31.028766E-3	-24.158786E-6	31.260774E-3	-58.836365E-6	31.334251E-3	58.022251E-6
45.599998E-6	30.305831E-3	-85.337349E-6	31.052195E-3	53.736669E-6	31.260412E-3	19.180918E-6	31.143684E-3	-3.2606197E-6
46.200003E-6	30.278254E-3	-44.092936E-6	31.127630E-3	73.942349E-6	31.309426E-3	70.057358E-6	31.076809E-3	-82.487270E-6
46.800007E-6	30.231481E-3	54.691016E-6	31.188002E-3	-8.4560288E-6	31.175086E-3	15.766029E-6	31.039264E-3	-78.447185E-6
47.399997E-6	30.198229E-3	46.637186E-6	31.217504E-3	-68.623463E-6	31.224150E-3	-83.342813E-6	31.001681E-3	-5.0305612E-6
48.000002E-6	30.150063E-3	-34.344266E-6	31.252246E-3	-51.100425E-6	31.210793E-3	-63.675616E-6	30.990331E-3	44.694669E-6
48.600006E-6	30.126760E-3	-79.720114E-6	31.260479E-3	13.775297E-6	31.248726E-3	49.791608E-6	30.955801E-3	83.269289E-6
49.199996E-6	30.086761E-3	-26.370632E-6	31.235725E-3	75.710763E-6	31.258471E-3	78.483805E-6	30.853093E-3	27.052271E-6
49.800001E-6	30.056011E-3	67.472101E-6	31.294197E-3	14.619238E-6	31.213297E-3	1.6306872E-6	30.783907E-3	-28.616463E-6
50.400005E-6	30.076880E-3	24.068237E-6	31.304307E-3	-42.269265E-6	31.207116E-3	-85.606378E-6	30.619653E-3	-102.43439E-6
50.999995E-6	30.100502E-3	-42.947901E-6	31.314287E-3	-66.697547E-6	31.243509E-3	-33.999215E-6	30.478299E-3	-42.586107E-6
51.600000E-6	30.140650E-3	-66.725996E-6	31.349167E-3	9.1393795E-6	31.250279E-3	47.716196E-6	30.474367E-3	22.341977E-6
52.200005E-6	30.180134E-3	33.849483E-6	31.310607E-3	69.265574E-6	31.230206E-3	74.572694E-6	30.553697E-3	47.268495E-6
52.799995E-6	30.270223E-3	88.190878E-6	31.372361E-3	20.042466E-6	31.325877E-3	-24.303550E-6	30.704059E-3	72.033705E-6
53.399999E-6	30.353187E-3	23.349789E-6	31.344578E-3	-59.381760E-6	31.331874E-3	-89.299261E-6	30.785719E-3	-15.187426E-6
54.000004E-6	30.435381E-3	-69.280002E-6	31.283412E-3	-76.356504E-6	31.296134E-3	-35.977988E-6	30.799545E-3	-55.781638E-6
54.599994E-6	30.451199E-3	-37.046382E-6	31.250764E-3	-40.906663E-6	31.352669E-3	56.810146E-6	30.857092E-3	-56.295052E-6
55.199998E-6	30.507635E-3	45.352699E-6	31.161785E-3	42.494317E-6	31.348426E-3	40.146260E-6	30.833095E-3	-23.375471E-6
55.800003E-6	30.517854E-3	56.287849E-6	31.261742E-3	64.787564E-6	31.401861E-3	-49.272625E-6	30.872991E-3	49.628394E-6
56.399993E-6	30.535337E-3	-5.5078181E-6	31.254891E-3	-24.471774E-6	31.427246E-3	-82.015482E-6	30.938197E-3	77.395554E-6
56.999997E-6	30.531457E-3	-89.103174E-6	31.256452E-3	-88.615743E-6	31.502306E-3	-8.8645929E-6	31.092135E-3	40.622817E-6
57.600002E-6	30.544251E-3	-34.022545E-6	31.235708E-3	-52.050615E-6	31.548284E-3	65.051288E-6	31.213503E-3	-45.428125E-6
58.200007E-6	30.554650E-3	69.000896E-6	31.185331E-3	48.058770E-6	31.602621E-3	31.895412E-6	31.317081E-3	-69.257658E-6
58.799997E-6	30.483689E-3	49.947073E-6	31.187566E-3	69.563852E-6	31.643163E-3	-57.302281E-6	31.310394E-3	-54.509183E-6
59.400001E-6	30.503528E-3	-36.740115E-6	31.173753E-3	-11.204756E-6	31.689309E-3	-79.699843E-6	31.168811E-3	12.501082E-6
60.000006E-6	30.528404E-3	-89.051944E-6	31.122675E-3	-78.153767E-6	31.601842E-3	6.2009017E-6	31.044828E-3	79.854915E-6
60.599996E-6	30.543940E-3	-6.7069559E-6	31.120535E-3	-69.906644E-6	31.587649E-3	71.343056E-6	30.979782E-3	54.612563E-6
61.200000E-6	30.492557E-3	70.911985E-6	31.097248E-3	23.170520E-6	31.610347E-3	-2.5966774E-6	30.976841E-3	-148.47437E-9
61.800005E-6	30.548299E-3	19.592711E-6	31.021664E-3	78.223267E-6	31.649571E-3	-66.561624E-6	30.951906E-3	-47.843245E-6
62.399995E-6	30.550631E-3	-66.206689E-6	31.029100E-3	22.234011E-6	31.577215E-3	-45.359549E-6	30.949730E-3	-60.352129E-6
62.999999E-6	30.588932E-3	-78.073812E-6	30.993270E-3	-61.071194E-6	31.534694E-3	42.098327E-6	30.892896E-3	4.3017940E-6
63.600004E-6	30.625258E-3	23.668086E-6	31.014303E-3	-68.130204E-6	31.480338E-3	64.130334E-6	30.867402E-3	58.418718E-6
64.199994E-6	30.671354E-3	60.709641E-6	30.992858E-3	20.128044E-6	31.455953E-3	-13.239943E-6	30.744571E-3	61.845582E-6
64.799999E-6	30.689070E-3	-4.0518139E-6	30.974636E-3	69.712114E-6	31.401340E-3	-93.077855E-6	30.611029E-3	-21.479957E-6
65.400003E-6	30.732773E-3	-87.425527E-6	30.973479E-3	47.720307E-6	31.323124E-3	-31.738680E-6	30.523248E-3	-71.192801E-6
66.000008E-6	30.793525E-3	-30.869673E-6	30.916151E-3	-17.952743E-6	31.277649E-3	46.633220E-6	30.428734E-3	-87.004235E-6
66.599998E-6	30.891981E-3	50.080347E-6	30.938113E-3	-78.963305E-6	31.199675E-3	52.065538E-6	30.510411E-3	-25.495290E-6
67.200002E-6	30.907528E-3	70.526636E-6	30.887840E-3	-22.953816E-6	31.184100E-3	-45.001332E-6	30.687213E-3	51.488492E-6
67.800007E-6	30.918198E-3	-28.886523E-6	30.924207E-3	61.205545E-6	31.200564E-3	-67.090885E-6	30.735144E-3	75.245385E-6
68.399997E-6	31.002190E-3	-74.838223E-6	30.902257E-3	57.059930E-6	31.172095E-3	12.130408E-6	30.780062E-3	30.157018E-6
69.000002E-6	31.029155E-3	-10.495059E-6	30.909339E-3	-25.024703E-6	31.149792E-3	58.771886E-6	30.818895E-3	-50.480445E-6
69.600006E-6	31.468030E-3	87.575441E-6	30.885592E-3	-68.922847E-6	31.148588E-3	26.009826E-6	30.816471E-3	-68.409157E-6
70.199996E-6	31.409733E-3	41.664374E-6	30.925648E-3	-43.132670E-6	31.139152E-3	-98.492266E-6	30.805808E-3	-34.995875E-6
70.800001E-6	31.388752E-3	-56.459532E-6	30.912062E-3	50.310322E-6	31.147333E-3	-46.395166E-6	30.827470E-3	39.903902E-6
71.400005E-6	31.339787E-3	-67.743567E-6	30.917039E-3	69.661430E-6	31.182224E-3	44.301407E-6	30.883260E-3	71.991046E-6
71.999995E-6	31.282976E-3	20.078622E-6	30.918572E-3	9.1420134E-6	31.202804E-3	57.356316E-6	30.999314E-3	39.352650E-6
72.600000E-6	31.224441E-3	70.249313E-6	30.962776E-3	-83.352192E-6	31.236375E-3	-15.874311E-6	31.123130E-3	-19.974792E-6
73.200004E-6	31.218400E-3	18.380008E-6	30.979199E-3	-56.841949E-6	31.103203E-3	-91.911716E-6	31.288635E-3	-78.193538E-6
73.799994E-6	31.147785E-3	-46.727149E-6	30.962575E-3	17.648481E-6	31.066284E-3	-21.785761E-6	31.341489E-3	-41.871346E-6
74.399999E-6	31.109868E-3	-53.369800E-6	30.976690E-3	73.345887E-6	31.080939E-3	53.082862E-6	31.275876E-3	23.082421E-6
75.000004E-6	30.931683E-3	15.918404E-6	30.983184E-3	6.1299052E-6	31.042788E-3	27.811657E-6	31.155758E-3	74.647214E-6
75.599994E-6	30.846613E-3	63.790285E-6	30.947147E-3	-65.259432E-6	31.038290E-3	-67.038040E-6	31.064598E-3	48.899863E-6
76.199998E-6	30.856229E-3	-4.7839499E-6	30.907402E-3	-74.713935E-6	30.959170E-3	-90.409689E-6	31.025851E-3	-22.793931E-6
76.800003E-6	30.868141E-3	-85.407730E-6	30.868862E-3	-13.627310E-6	30.888624E-3	-12.585176E-6	31.028258E-3	-77.248602E-6
77.400007E-6	30.909268E-3	-52.025443E-6	30.899605E-3	75.923548E-6	30.824076E-3	74.001087E-6	30.985333E-3	-55.247732E-6
77.999997E-6	30.909300E-3	32.112548E-6	30.867521E-3	48.157024E-6	30.789439E-3	5.6200706E-6	30.968102E-3	6.6864054E-6
78.600002E-6	30.911993E-3	72.162955E-6	30.860420E-3	-22.551476E-6	30.757949E-3	-53.996864E-6	30.948674E-3	64.930719E-6
79.200006E-6	30.884046E-3	-28.945542E-6	30.831851E-3	-63.482003E-6	30.793767E-3	-51.861782E-6	30.932855E-3	69.066897E-6
79.799996E-6	30.849578E-3	-71.842602E-6	30.799694E-3	-40.401057E-6	30.785041E-3	33.620097E-6	30.922424E-3	-9.0938138E-6
80.400001E-6	30.857109E-3	-12.882628E-6	30.778628E-3	38.689370E-6	30.869205E-3	73.401170E-6	30.830173E-3	-67.010071E-6
81.000006E-6	30.850353E-3	46.949775E-6	30.763408E-3	75.481948E-6	30.905193E-3	-42.458567E-6	30.768633E-3	-104.37599E-6
81.599996E-6	30.867402E-3	44.190856E-6	30.713284E-3	22.482049E-6	31.009946E-3	-84.325395E-6	30.521519E-3	34.249940E-9
82.200000E-6	30.823536E-3	-52.414700E-6	30.698331E-3	-62.733263E-6	31.137338E-3	-6.0897969E-6	30.438207E-3	69.506204E-6
82.800005E-6	30.862903E-3	-87.325148E-6	30.636527E-3	-79.050900E-6	31.178340E-3	57.963920E-6	30.384608E-3	60.557235E-6
83.399995E-6	30.862981E-3	-1.6156723E-6	30.615633E-3	24.721026E-6	31.214982E-3	52.092564E-6	30.352306E-3	-11.171926E-6
83.999999E-6	30.812599E-3	77.088887E-6	30.565888E-3	73.786432E-6	31.257976E-3	-48.700946E-6	30.482799E-3	-79.970901E-6
84.600004E-6	30.784419E-3	24.977662E-6	30.529222E-3	46.242429E-6	31.306762E-3	-78.106001E-6	30.550079E-3	-64.886124E-6
85.200008E-6	30.767186E-3	-54.085860E-6	30.480905E-3	-26.673339E-6	31.399116E-3	9.8251039E-6	30.610260E-3	-9.2462024E-6
85.799998E-6	30.792130E-3	-47.876922E-6	30.522732E-3	-61.331724E-6	31.416416E-3	90.067522E-6	30.668879E-3	50.285798E-6
86.400003E-6	30.732537E-3	52.232004E-6	30.575160E-3	-30.313231E-6	31.345394E-3	-3.7042741E-6	30.719733E-3	47.866597E-6
87.000008E-6	30.606251E-3	66.406748E-6	30.603647E-3	42.692347E-6	31.402230E-3	-67.097855E-6	30.697273E-3	-5.7707794E-6
87.599998E-6	30.528829E-3	-5.5587798E-6	30.654725E-3	80.269994E-6	31.383220E-3	-45.913130E-6	30.728800E-3	-69.030953E-6
88.200002E-6	30.439226E-3	-54.546639E-6	30.655371E-3	-1.4971686E-6	31.376641E-3	41.027226E-6	30.846518E-3	-66.502616E-6
88.800007E-6	30.371668E-3	-44.389337E-6	30.750850E-3	-67.362416E-6	31.407442E-3	75.023541E-6	30.866951E-3	4.8670704E-6
89.399997E-6	30.309351E-3	32.723099E-6	30.793043E-3	-83.148312E-6	31.290304E-3	-43.365184E-6	30.871399E-3	70.737646E-6
90.000001E-6	30.284438E-3	69.070280E-6	30.812748E-3	-3.7991408E-6	31.321887E-3	-78.218698E-6	30.918431E-3	48.721900E-6
90.600006E-6	30.186599E-3	-42.316140E-6	30.890552E-3	84.482555E-6	31.359732E-3	-16.433842E-6	30.892931E-3	-8.3612595E-6
91.199996E-6	30.164745E-3	-67.852816E-6	30.929331E-3	28.534134E-6	31.363614E-3	45.706427E-6	30.975537E-3	-87.372777E-6
91.800001E-6	30.127145E-3	-15.305492E-6	30.966917E-3	-37.616523E-6	31.377468E-3	30.484898E-6	30.961022E-3	-56.941946E-6
92.400005E-6	30.245565E-3	83.304294E-6	30.972529E-3	-75.537217E-6	31.449072E-3	-78.657955E-6	31.074174E-3	24.369660E-6
92.999995E-6	30.271765E-3	32.040683E-6	30.980611E-3	-30.421985E-6	31.537961E-3	-53.805121E-6	31.158896E-3	65.479559E-6
93.600000E-6	30.291962E-3	-31.452018E-6	31.017886E-3	53.381918E-6	31.579584E-3	24.496627E-6	31.208750E-3	39.842169E-6
94.199990E-6	30.300941E-3	-70.737027E-6	31.037945E-3	54.587064E-6	31.621903E-3	79.861340E-6	31.254999E-3	-36.961352E-6
94.799994E-6	30.371185E-3	6.6388611E-6	31.062104E-3	-2.4402716E-6	31.645723E-3	-44.387609E-6	34.387607E-3	1.2848211E-3
95.399999E-6	30.425977E-3	69.206755E-6	31.032706E-3	-94.769894E-6	33.307243E-3	497.78481E-6	33.492774E-3	845.65370E-6
96.000003E-6	30.480333E-3	13.927969E-6	31.036792E-3	-59.577531E-6	31.609602E-3	-32.020071E-6	31.362463E-3	1.1186674E-3
96.600008E-6	30.521708E-3	-91.650552E-6	31.022362E-3	6.0992948E-6	31.542029E-3	86.004089E-6	32.042731E-3	1.9703773E-3
97.200013E-6	30.553283E-3	-39.707153E-6	31.059993E-3	87.710483E-6	32.268185E-3	793.69580E-6	32.598186E-3	2.1595370E-3
97.799988E-6	30.568004E-3	833.97032E-6	31.074032E-3	43.806587E-6	31.398199E-3	-33.601980E-6	34.234095E-3	1.6797858E-3
98.399993E-6	30.569199E-3	634.41147E-6	31.062093E-3	-57.543657E-6	32.098014E-3	-85.792475E-6	33.619687E-3	844.35218E-6
98.999997E-6	30.575221E-3	-25.831032E-6	31.065023E-3	-74.339056E-6	31.223774E-3	17.422717E-6	32.798156E-3	850.91247E-6
99.600002E-6	30.566189E-3	-91.482223E-6	31.070931E-3	-6.7106930E-6	31.152761E-3	68.066773E-6	31.853594E-3	997.31504E-6
100.20001E-6	30.568106E-3	-10.955574E-6	31.092834E-3	88.095097E-6	31.140009E-3	811.07608E-6	31.695835E-3	2.1051082E-3
100.80001E-6	30.563014E-3	77.122888E-6	31.037427E-3	52.385618E-6	31.117702E-3	-64.941749E-6	32.688584E-3	1.9551273E-3
101.40002E-6	30.547122E-3	32.488151E-6	31.059001E-3	-34.701472E-6	31.099094E-3	-51.779782E-6	31.625152E-3	-13.848747E-6
101.99999E-6	30.593045E-3	-66.815934E-6	31.068249E-3	-82.749546E-6	31.173758E-3	53.190208E-6	32.782990E-3	437.52239E-6
102.60000E-6	30.647073E-3	-71.072172E-6	31.118218E-3	-40.580548E-6	31.164961E-3	38.479047E-6	31.890966E-3	554.93246E-6
103.20000E-6	31.386532E-3	741.86106E-6	31.142933E-3	44.363311E-6	31.964544E-3	659.15613E-6	32.315515E-3	1.2402995E-3
103.80000E-6	30.646639E-3	82.534818E-6	31.149050E-3	69.932590E-6	32.046162E-3	305.38606E-6	32.227688E-3	2.4719916E-3
104.40001E-6	30.700212E-3	-7.8845414E-6	31.012967E-3	30.968666E-6	32.018118E-3	2.0022612E-6	32.398239E-3	2.1510376E-3
105.00001E-6	30.747369E-3	-79.725454E-6	31.067086E-3	-53.043022E-6	31.105552E-3	68.623027E-6	33.395320E-3	1.5193893E-3
105.59999E-6	30.813558E-3	-12.785896E-6	31.334721E-3	-73.474264E-6	31.087991E-3	33.003282E-6	32.258730E-3	286.72261E-6
106.19999E-6	30.904358E-3	67.227738E-6	31.376511E-3	-9.1218717E-6	31.069521E-3	-55.734046E-6	30.452672E-3	295.71063E-6
106.80000E-6	30.946262E-3	76.498283E-6	31.323716E-3	75.888260E-6	30.914728E-3	-36.077843E-6	31.452615E-3	1.1273583E-3
107.40000E-6	31.001974E-3	-48.480131E-6	31.296980E-3	41.585437E-6	30.866846E-3	36.984984E-6	30.933985E-3	1.6397397E-3
108.00001E-6	31.094074E-3	-80.906844E-6	31.353176E-3	-24.651386E-6	31.129774E-3	740.24743E-6	33.417106E-3	1.8438392E-3
108.60001E-6	31.105643E-3	854.26355E-6	31.298339E-3	-58.389098E-6	30.650152E-3	-14.113762E-6	33.234388E-3	1.0909641E-3
109.19999E-6	31.113470E-3	75.529337E-6	31.250592E-3	-79.326084E-6	32.292366E-3	430.37641E-6	32.622475E-3	343.49816E-6
109.79999E-6	31.047106E-3	18.296498E-6	31.131363E-3	42.240099E-6	31.646948E-3	390.95734E-6	31.666260E-3	664.89895E-6
110.40000E-6	30.934699E-3	-83.777915E-6	31.098763E-3	79.679441E-6	30.685572E-3	582.00321E-6	30.729162E-3	1.5901404E-3
111.00000E-6	30.911366E-3	-56.075427E-6	31.033043E-3	16.984037E-6	32.454260E-3	2.0133029E-3	32.242473E-3	2.1558702E-3
111.60001E-6	31.731341E-3	774.26789E-6	30.963313E-3	-48.751954E-6	31.699654E-3	557.56955E-6	32.563288E-3	2.1398228E-3
112.20001E-6	30.915735E-3	52.373278E-6	30.975755E-3	-63.933163E-6	32.583278E-3	96.423508E-6	32.156553E-3	257.84345E-9
112.80001E-6	30.820582E-3	-23.388751E-6	30.929657E-3	-21.463375E-6	31.049613E-3	600.71767E-6	33.397205E-3	856.58231E-6
113.39999E-6	30.770537E-3	-110.00974E-6	30.965455E-3	66.658220E-6	31.045642E-3	888.43895E-6	33.411328E-3	753.31575E-6
113.99999E-6	36.772814E-3	3.2400908E-3	38.211174E-3	2.4969657E-3	38.172118E-3	2.9245366E-3	39.207216E-3	1.6212701E-3
114.60000E-6	38.186174E-3	2.6592091E-3	37.059139E-3	2.4196168E-3	36.845680E-3	2.9907490E-3	38.938262E-3	2.5763880E-3
115.20000E-6	37.381932E-3	2.5919082E-3	36.166873E-3	2.8694393E-3	36.933240E-3	2.5964093E-3	39.047867E-3	2.2819752E-3
115.80001E-6	35.925820E-3	2.7367503E-3	36.388218E-3	3.1439001E-3	38.253639E-3	2.1277841E-3	38.032740E-3	2.3677596E-3
116.40001E-6	37.697826E-3	2.9055788E-3	36.765102E-3	3.2942803E-3	38.364716E-3	2.7891211E-3	37.509162E-3	2.4125937E-3
116.99999E-6	36.772467E-3	3.1046441E-3	37.199136E-3	2.9351686E-3	36.787223E-3	3.1300660E-3	38.558990E-3	2.0339091E-3
117.59999E-6	37.560098E-3	2.7371009E-3	38.093206E-3	2.3839658E-3	37.066758E-3	2.5894567E-3	39.020546E-3	1.7218558E-3
118.20000E-6	37.077662E-3	2.8134328E-3	36.470287E-3	2.7798805E-3	37.962239E-3	2.4730675E-3	39.221071E-3	2.3479878E-3
118.80000E-6	36.563512E-3	2.6441833E-3	36.524728E-3	3.0456774E-3	39.176565E-3	2.0244848E-3	39.586943E-3	1.9932715E-3
119.40001E-6	36.855813E-3	3.1022613E-3	36.684211E-3	3.3126916E-3	38.477976E-3	2.8119823E-3	38.160168E-3	2.5871496E-3
120.00001E-6	38.285654E-3	2.5913580E-3	37.374727E-3	3.1708321E-3	38.648911E-3	2.7316683E-3	39.078742E-3	2.2620233E-3
120.60002E-6	37.419036E-3	2.4258175E-3	37.999526E-3	2.8981203E-3	37.593361E-3	2.4415602E-3	38.050108E-3	1.9527901E-3
121.19999E-6	36.434650E-3	2.5961334E-3	36.803324E-3	2.4673683E-3	38.555533E-3	2.5368985E-3	38.310237E-3	1.9273169E-3
121.80000E-6	36.595993E-3	2.9220090E-3	35.570607E-3	2.8529060E-3	38.984224E-3	2.6413859E-3	39.065197E-3	2.1411332E-3
122.40000E-6	36.800254E-3	3.0467524E-3	37.217829E-3	2.9938072E-3	38.129173E-3	2.8201693E-3	39.085619E-3	1.6805128E-3
123.00001E-6	37.575386E-3	2.6095349E-3	35.445452E-3	3.3308158E-3	37.135065E-3	2.7384080E-3	38.109463E-3	2.6100951E-3
123.60001E-6	36.674190E-3	2.8450449E-3	37.067007E-3	3.0135394E-3	37.502695E-3	2.5155144E-3	36.979720E-3	2.4810045E-3
124.20001E-6	35.308599E-3	2.9637304E-3	37.744392E-3	2.6483089E-3	38.637906E-3	2.5703944E-3	38.096633E-3	2.0213244E-3
124.79999E-6	36.744628E-3	3.0439352E-3	38.006805E-3	2.0700083E-3	36.944974E-3	3.0664473E-3	38.595363E-3	2.1052915E-3
125.39999E-6	38.415007E-3	2.5292593E-3	36.556564E-3	2.6296743E-3	36.780268E-3	2.8992081E-3	38.967285E-3	2.4320809E-3
126.00000E-6	37.869867E-3	2.4638139E-3	37.079290E-3	2.9325092E-3	37.435915E-3	2.5144171E-3	38.468480E-3	2.6971621E-3
126.60000E-6	36.719367E-3	2.5236199E-3	38.886845E-3	2.4581323E-3	38.423050E-3	2.8208250E-3	37.799291E-3	2.7318138E-3
127.20001E-6	36.831409E-3	3.0148651E-3	38.805887E-3	2.2407074E-3	38.843561E-3	2.5142860E-3	37.830815E-3	2.2749866E-3
127.80001E-6	38.114041E-3	2.7447566E-3	37.935328E-3	2.0698428E-3	37.510563E-3	3.2316507E-3	38.576577E-3	1.8190193E-3
128.40002E-6	37.233852E-3	3.0587863E-3	37.860844E-3	2.4821358E-3	37.502788E-3	2.5677651E-3	38.397465E-3	2.4998765E-3
128.99999E-6	37.290554E-3	2.4733848E-3	37.056316E-3	2.9287618E-3	37.511811E-3	2.4602276E-3	38.772073E-3	2.0789725E-3
129.60000E-6	36.991242E-3	2.6286531E-3	36.653504E-3	3.2120473E-3	37.722159E-3	2.8864101E-3	37.456598E-3	2.9189421E-3
130.20000E-6	37.049443E-3	2.9947816E-3	37.850861E-3	2.4764452E-3	37.300959E-3	2.8339461E-3	37.524492E-3	2.4433834E-3
130.80001E-6	37.834141E-3	3.1507351E-3	38.483966E-3	2.4728484E-3	37.802543E-3	2.6222221E-3	37.845291E-3	2.2273441E-3
131.40001E-6	38.246363E-3	2.5566719E-3	37.322104E-3	2.2768765E-3	37.689697E-3	2.0035356E-3	37.977066E-3	2.4299424E-3
132.00002E-6	36.954224E-3	2.5048882E-3	36.685031E-3	2.4476177E-3	37.858672E-3	2.6682338E-3	38.595453E-3	2.7046343E-3
132.59999E-6	37.968289E-3	2.9080489E-3	36.564164E-3	2.8148240E-3	36.406323E-3	3.1564024E-3	38.057104E-3	2.8930220E-3
133.20000E-6	40.226303E-3	925.81648E-6	40.308490E-3	900.27892E-6	39.731503E-3	1.0220506E-3	40.244248E-3	874.57639E-6
133.80000E-6	40.321227E-3	1.1204702E-3	40.390249E-3	1.0490546E-3	40.053163E-3	960.70475E-6	40.328089E-3	1.0153406E-3
134.40000E-6	40.634081E-3	1.1340393E-3	40.478136E-3	1.1067417E-3	40.102623E-3	1.1199579E-3	40.299293E-3	1.1178164E-3
135.00001E-6	40.780552E-3	969.09725E-6	40.695690E-3	1.0210096E-3	40.061213E-3	1.0388094E-3	40.082991E-3	1.1784065E-3
135.60001E-6	40.713880E-3	905.87337E-6	40.801924E-3	897.57866E-6	40.285565E-3	935.89904E-6	39.922725E-3	1.0287371E-3
136.19999E-6	40.568203E-3	1.0202687E-3	40.815048E-3	858.70590E-6	40.349305E-3	956.51514E-6	40.169932E-3	874.70800E-6
136.79999E-6	40.686920E-3	1.1754265E-3	40.771499E-3	915.03788E-6	40.664129E-3	1.0108449E-3	40.233422E-3	999.66733E-6
137.40000E-6	40.833179E-3	1.0191484E-3	40.588282E-3	1.0134939E-3	40.327121E-3	1.2289766E-3	40.443290E-3	983.87827E-6
138.00000E-6	40.601920E-3	885.70418E-6	40.460460E-3	1.0551185E-3	40.179715E-3	1.0376606E-3	40.265463E-3	1.2266132E-3
138.60001E-6	40.175803E-3	916.16600E-6	40.440165E-3	989.49729E-6	40.543243E-3	971.71834E-6	40.282320E-3	1.1390614E-3
139.20001E-6	40.336955E-3	1.1114510E-3	40.361010E-3	1.0336395E-3	40.707912E-3	1.1833768E-3	40.230606E-3	1.0120888E-3
139.80002E-6	40.401112E-3	1.1185517E-3	40.187143E-3	834.68849E-6	40.733621E-3	1.1866898E-3	40.346414E-3	898.60469E-6
140.39999E-6	40.487837E-3	1.0483144E-3	40.213179E-3	921.95644E-6	40.420230E-3	1.1357355E-3	40.692229E-3	976.14748E-6
141.00000E-6	40.208127E-3	934.65665E-6	40.044375E-3	1.0539687E-3	40.543046E-3	961.13607E-6	40.731445E-3	1.1146587E-3
141.60000E-6	40.241875E-3	1.0473509E-3	40.199604E-3	1.1255272E-3	40.833972E-3	919.18913E-6	40.621959E-3	1.1042822E-3
142.20001E-6	40.447999E-3	1.1655969E-3	40.285192E-3	1.0635391E-3	40.664442E-3	1.1657596E-3	40.443517E-3	1.0301360E-3
142.80001E-6	40.499561E-3	1.0803910E-3	40.272202E-3	927.16579E-6	40.671714E-3	1.1761001E-3	40.434517E-3	900.47385E-6
143.40002E-6	40.281154E-3	892.97339E-6	40.067259E-3	856.80850E-6	40.540695E-3	1.0281329E-3	40.514991E-3	880.56049E-6
143.99999E-6	40.028986E-3	1.0023243E-3	40.039387E-3	984.71274E-6	40.503521E-3	998.36022E-6	40.541042E-3	976.49184E-6
144.60000E-6	40.134840E-3	1.1107003E-3	40.153496E-3	1.0066956E-3	40.885612E-3	1.0718605E-3	40.273327E-3	1.1636078E-3
145.20000E-6	40.025208E-3	1.1632212E-3	40.118162E-3	1.0736410E-3	40.634301E-3	1.3874610E-3	40.260535E-3	1.1198323E-3
145.80000E-6	40.018834E-3	988.86911E-6	40.050417E-3	1.1106284E-3	40.455945E-3	1.1866803E-3	40.191177E-3	1.0050305E-3
146.40001E-6	39.865464E-3	963.95408E-6	40.002216E-3	874.13035E-6	40.493868E-3	979.42282E-6	40.316507E-3	857.97923E-6
147.00001E-6	39.953977E-3	1.1338718E-3	39.668173E-3	997.22808E-6	40.463831E-3	979.77137E-6	40.203117E-3	844.06295E-6
147.59999E-6	40.228136E-3	1.1247828E-3	39.702691E-3	1.0027291E-3	40.587425E-3	1.1654068E-3	40.305339E-3	856.74849E-6
148.19999E-6	40.309090E-3	1.0065113E-3	39.705429E-3	1.1057958E-3	40.455844E-3	1.0839880E-3	40.246829E-3	1.0288010E-3
148.80000E-6	40.342107E-3	1.0090402E-3	39.913122E-3	1.0191124E-3	40.377539E-3	951.83862E-6	40.229432E-3	1.0448662E-3
149.40000E-6	40.068425E-3	1.0070248E-3	39.971631E-3	893.36431E-6	40.449351E-3	866.46411E-6	40.079404E-3	989.70602E-6
150.00001E-6	40.272512E-3	1.1598358E-3	39.891712E-3	848.69721E-6	40.525950E-3	997.05567E-6	40.133301E-3	847.24737E-6
