Experiment	Sweeper	
Saved Date	30.06.2023 17:16:50	
User		
Date		
Start time	30.06.2023 17:04:45	
Sweep channel: Name	Output 2 (V)	
Sweep channel: Start (V)	-100E-6	
Sweep channel: Stop (V)	200E-6	
Sweep channel: Points	601	
Sweep channel: Max slew rate (V/s)	Inf	
Sweep channel: Initial settling time (s)	20E+3	
Sweep channel: End settling time (s)	2E+0	
Sweep channel: Backward sweep	TRUE	
Sweep channel: Number of sweeps	2	
Sweep channel: Reset	FALSE	
Step channel 1: Name	Output 3 (V)	
Step channel 1: Start (V)	50E-3	
Step channel 1: Stop (V)	50E-3	
Step channel 1: Points	2	
Step channel 1: Max slew rate (V/s)	10E+0	
Step channel 1:  Initial settling time (s)	2E+0	
Step channel 1: End settling time (s)	2E+0	
Step channel 1: Backward sweep	FALSE	
Step channel 1: Reset	FALSE	
Sweep Type	2D-Both RT	
Acquire channels	Input 1 (V);LI Demod 3 X (V)	
Filter type	None	
Order		
Cutoff frq		

[DATA]
Output 2 Setp. (V)	Input 1 [00001] (V)	LI Demod 3 X [00001] (V)	Input 1 [00002] (V)	LI Demod 3 X [00002] (V)	Input 1 [00001] [bwd] (V)	LI Demod 3 X [00001] [bwd] (V)	Input 1 [00002] [bwd] (V)	LI Demod 3 X [00002] [bwd] (V)
-99.999997E-6	31.102177E-3	13.310983E-6	30.930048E-3	66.664637E-6	30.450011E-3	95.094219E-6	31.446587E-3	47.565296E-6
-99.500001E-6	31.137045E-3	74.077914E-6	30.965224E-3	15.035414E-6	30.517716E-3	37.833433E-6	31.414032E-3	-4.4262961E-6
-98.999997E-6	31.152681E-3	50.742168E-6	30.971080E-3	-55.897784E-6	30.572796E-3	-18.553952E-6	31.403385E-3	-75.975142E-6
-98.500001E-6	31.195261E-3	-23.577666E-6	30.972902E-3	-65.386324E-6	30.678948E-3	-77.888639E-6	31.409647E-3	-31.690193E-6
-97.999997E-6	31.349316E-3	-63.717649E-6	30.975886E-3	-41.158073E-6	30.755591E-3	-46.336150E-6	31.310838E-3	15.647152E-6
-97.500000E-6	31.425573E-3	-57.206958E-6	31.052662E-3	34.948756E-6	30.808134E-3	27.379756E-6	31.471387E-3	74.066811E-6
-96.999996E-6	31.415269E-3	-34.259381E-6	31.122360E-3	79.206991E-6	30.847184E-3	77.227400E-6	31.441990E-3	33.934164E-6
-96.500000E-6	31.312414E-3	54.497261E-6	31.219320E-3	31.595860E-6	30.867731E-3	47.597936E-6	31.464390E-3	-39.801482E-6
-95.999996E-6	31.140570E-3	61.202736E-6	31.206602E-3	-32.913427E-6	30.868569E-3	-4.5001157E-6	31.440452E-3	-85.698462E-6
-95.500000E-6	31.045191E-3	12.310717E-6	31.068066E-3	-85.030930E-6	30.894976E-3	-68.165980E-6	31.404085E-3	-35.526115E-6
-94.999996E-6	31.029871E-3	-21.618171E-6	31.035846E-3	-64.165499E-6	30.925088E-3	-60.941606E-6	31.348202E-3	48.338730E-6
-94.499999E-6	31.029029E-3	-91.987349E-6	30.950705E-3	16.233298E-6	31.020818E-3	1.8790078E-6	31.311486E-3	49.051439E-6
-93.999995E-6	31.017734E-3	-47.545735E-6	30.947203E-3	70.336828E-6	31.135200E-3	50.583945E-6	31.179646E-3	-5.2368027E-6
-93.499999E-6	30.970605E-3	15.087943E-6	30.886067E-3	44.928951E-6	31.236414E-3	69.688998E-6	31.133328E-3	-57.535060E-6
-92.999995E-6	30.925950E-3	69.055997E-6	30.830888E-3	-17.798320E-6	31.280868E-3	18.555957E-6	31.126892E-3	-53.510095E-6
-92.499999E-6	30.826427E-3	50.959192E-6	30.891234E-3	-64.682623E-6	31.284891E-3	-52.712850E-6	31.076865E-3	6.0188795E-6
-91.999995E-6	30.677030E-3	-10.296181E-6	30.884616E-3	-57.285601E-6	31.223562E-3	-71.629744E-6	30.945608E-3	77.119075E-6
-91.499998E-6	30.659102E-3	-59.041056E-6	30.823553E-3	-9.2910168E-6	31.138107E-3	-10.752855E-6	30.888207E-3	37.197155E-6
-90.999994E-6	30.705493E-3	-60.647231E-6	30.737767E-3	61.545608E-6	31.043136E-3	50.268227E-6	30.899415E-3	-52.495321E-6
-90.499998E-6	30.874329E-3	-1.4397381E-6	30.581037E-3	93.288756E-6	31.000899E-3	47.784655E-6	30.933382E-3	-68.424262E-6
-90.000001E-6	30.999763E-3	29.928080E-6	30.524623E-3	10.806708E-6	30.982561E-3	22.779390E-6	30.970942E-3	-33.926128E-6
-89.499998E-6	31.060928E-3	68.357818E-6	30.507572E-3	-68.432353E-6	30.938426E-3	-59.167538E-6	31.049453E-3	46.933626E-6
-88.999994E-6	31.067405E-3	5.4075745E-6	30.617939E-3	-92.915019E-6	30.933229E-3	-68.612964E-6	31.074598E-3	73.731098E-6
-88.499997E-6	31.120857E-3	-43.843502E-6	30.727077E-3	-17.471253E-6	30.962341E-3	-20.660929E-6	31.146359E-3	-2.7370295E-6
-88.000001E-6	31.061161E-3	-112.01784E-6	30.858109E-3	57.257555E-6	30.926485E-3	34.318251E-6	31.228498E-3	-58.842619E-6
-87.499997E-6	31.124329E-3	-55.054166E-6	30.951496E-3	68.353846E-6	30.879151E-3	77.599259E-6	31.290479E-3	-86.614338E-6
-87.000000E-6	31.223029E-3	25.872358E-6	30.968003E-3	10.551314E-6	30.804541E-3	1.3406418E-6	31.216750E-3	3.4555592E-6
-86.499997E-6	31.296022E-3	62.873587E-6	30.975187E-3	-40.392824E-6	30.735079E-3	-49.094459E-6	31.213516E-3	63.910607E-6
-86.000000E-6	31.467143E-3	55.172699E-6	30.950502E-3	-69.277106E-6	30.590117E-3	-69.880225E-6	31.266596E-3	61.314662E-6
-85.499996E-6	31.474277E-3	-19.081252E-6	31.002194E-3	-39.750976E-6	30.508963E-3	-18.954841E-6	31.277720E-3	-34.399971E-6
-85.000000E-6	31.340301E-3	-76.647979E-6	30.999565E-3	29.010671E-6	30.531632E-3	63.125364E-6	31.304948E-3	-80.410362E-6
-84.499996E-6	31.232446E-3	-57.416713E-6	31.176917E-3	65.907159E-6	30.549895E-3	78.512123E-6	31.255241E-3	-52.626379E-6
-83.999999E-6	31.123571E-3	-18.446104E-6	31.275023E-3	27.087650E-6	30.674322E-3	13.051658E-6	31.254854E-3	28.760927E-6
-83.499996E-6	31.070851E-3	66.287314E-6	31.367522E-3	-29.549774E-6	30.772192E-3	-45.469886E-6	31.289991E-3	79.441728E-6
-82.999999E-6	31.053586E-3	72.106719E-6	31.411596E-3	-83.024221E-6	30.830448E-3	-71.223621E-6	31.297006E-3	36.276877E-6
-82.499995E-6	31.025345E-3	26.605365E-6	31.415034E-3	-32.359996E-6	30.864367E-3	4.2698734E-6	31.323757E-3	-51.692579E-6
-81.999999E-6	30.966472E-3	-59.783186E-6	31.295896E-3	34.691111E-6	30.812036E-3	47.821421E-6	31.357095E-3	-104.96542E-6
-81.499995E-6	30.984605E-3	-88.600973E-6	31.168949E-3	54.907388E-6	30.773193E-3	62.901257E-6	31.429358E-3	-9.1078655E-6
-80.999998E-6	30.834803E-3	-22.903063E-6	31.071939E-3	44.995988E-6	30.779984E-3	8.4620269E-6	31.452533E-3	62.845938E-6
-80.500002E-6	30.687233E-3	26.024958E-6	31.014929E-3	-8.8793468E-6	30.782348E-3	-61.164545E-6	31.515054E-3	45.315708E-6
-79.999998E-6	30.623727E-3	73.325464E-6	30.957630E-3	-83.656327E-6	30.774739E-3	-85.690815E-6	31.584810E-3	1.7329664E-6
-79.499994E-6	30.709881E-3	34.588385E-6	30.958300E-3	-58.457845E-6	30.912658E-3	-17.595488E-6	31.662036E-3	-67.107729E-6
-78.999998E-6	30.889044E-3	-20.763906E-6	30.984813E-3	-12.765561E-6	30.889187E-3	61.286919E-6	31.702150E-3	-44.420827E-6
-78.500001E-6	31.043569E-3	-73.653580E-6	30.956037E-3	66.451634E-6	30.970823E-3	79.739002E-6	31.760961E-3	20.307374E-6
-77.999997E-6	31.055450E-3	-73.379510E-6	30.918926E-3	55.281314E-6	31.051069E-3	8.2593515E-6	31.752601E-3	55.202745E-6
-77.499993E-6	31.144956E-3	-12.741742E-6	30.809943E-3	20.092439E-6	31.168984E-3	-49.666396E-6	31.749286E-3	39.095117E-6
-76.999997E-6	31.144431E-3	61.933802E-6	30.669205E-3	-59.928818E-6	31.213339E-3	-83.409737E-6	31.746745E-3	-31.192943E-6
-76.500000E-6	31.175043E-3	74.321746E-6	30.781634E-3	-67.833927E-6	31.289406E-3	-23.924282E-6	31.661138E-3	-79.372760E-6
-75.999997E-6	31.120354E-3	13.743173E-6	30.693229E-3	-18.501683E-6	31.212341E-3	39.098195E-6	31.607393E-3	-42.264495E-6
-75.500000E-6	31.198686E-3	-38.327162E-6	30.750329E-3	46.080346E-6	31.079050E-3	46.670244E-6	31.537589E-3	39.814346E-6
-74.999996E-6	31.331431E-3	-63.149324E-6	30.892517E-3	71.820497E-6	31.041984E-3	4.7135309E-6	31.474955E-3	69.570473E-6
-74.500000E-6	31.497188E-3	-21.999007E-6	31.017948E-3	40.414336E-6	31.005157E-3	-70.097100E-6	31.443376E-3	-1.3704262E-6
-73.999996E-6	31.518873E-3	42.247186E-6	31.055374E-3	-43.799511E-6	31.002322E-3	-78.160061E-6	31.403430E-3	-80.103877E-6
-73.499999E-6	31.392105E-3	56.459980E-6	31.110823E-3	-67.124303E-6	30.968560E-3	-38.789913E-6	31.419192E-3	-74.166048E-6
-72.999996E-6	31.207150E-3	38.804850E-6	31.115660E-3	-40.643521E-6	30.977052E-3	47.007976E-6	31.399857E-3	15.321719E-6
-72.499999E-6	31.132719E-3	-26.729678E-6	31.143827E-3	8.2600873E-6	31.010229E-3	74.407253E-6	31.400390E-3	73.892836E-6
-71.999995E-6	31.029660E-3	-81.760169E-6	31.187644E-3	75.259391E-6	30.998319E-3	23.202803E-6	31.393740E-3	46.548084E-6
-71.499999E-6	31.037133E-3	-61.396146E-6	31.231817E-3	55.834320E-6	30.977359E-3	-43.152853E-6	31.439945E-3	-6.3966722E-6
-70.999995E-6	31.018941E-3	-9.7897591E-6	31.344041E-3	-27.466409E-6	30.827746E-3	-51.398951E-6	31.449735E-3	-75.542848E-6
-70.499998E-6	31.023024E-3	58.406298E-6	31.413630E-3	-61.906787E-6	30.750526E-3	-29.467838E-6	31.449784E-3	-47.913476E-6
-69.999995E-6	31.003123E-3	56.380326E-6	31.484582E-3	-82.923427E-6	30.602146E-3	29.346305E-6	31.397626E-3	31.367414E-6
-69.499998E-6	30.965215E-3	9.6196645E-6	31.423245E-3	12.990902E-6	30.502370E-3	67.834633E-6	31.413905E-3	66.399007E-6
-69.000002E-6	30.855939E-3	-69.149406E-6	31.317491E-3	55.196862E-6	30.519543E-3	34.271929E-6	31.365540E-3	31.337022E-6
-68.499998E-6	30.735016E-3	-78.255674E-6	31.168073E-3	73.043731E-6	30.587558E-3	-28.915911E-6	31.345908E-3	-56.723569E-6
-67.999994E-6	30.678356E-3	-16.176853E-6	31.091424E-3	14.557305E-6	30.670878E-3	-68.254412E-6	31.300649E-3	-74.499847E-6
-67.499997E-6	30.709831E-3	50.500381E-6	31.084679E-3	-74.062489E-6	30.741181E-3	-31.006708E-6	31.264957E-3	-25.769326E-6
-67.000001E-6	30.787079E-3	59.746875E-6	31.047009E-3	-82.911014E-6	30.807516E-3	56.251072E-6	31.196071E-3	55.455435E-6
-66.499997E-6	30.898321E-3	21.423095E-6	31.028442E-3	-22.754230E-6	30.799832E-3	81.831793E-6	31.092323E-3	57.081481E-6
-65.999993E-6	31.028898E-3	-40.797855E-6	31.041216E-3	45.941142E-6	30.873151E-3	24.393048E-6	31.057373E-3	2.1970254E-6
-65.499997E-6	31.075448E-3	-88.525347E-6	30.976102E-3	65.825574E-6	30.843513E-3	-39.022430E-6	31.056151E-3	-73.308052E-6
-65.000000E-6	31.134114E-3	-49.195529E-6	30.912410E-3	29.499786E-6	30.903576E-3	-102.57788E-6	30.990835E-3	-54.740038E-6
-64.499996E-6	31.103209E-3	14.913728E-6	30.819222E-3	-47.240337E-6	30.847762E-3	-56.403675E-6	30.965529E-3	29.970062E-6
-63.999993E-6	31.130284E-3	59.752248E-6	30.642966E-3	-80.573853E-6	30.894119E-3	35.274454E-6	30.914435E-3	46.781613E-6
-63.499996E-6	31.156458E-3	56.053348E-6	30.621713E-3	-54.314660E-6	30.964825E-3	70.552320E-6	31.009706E-3	32.063956E-6
-62.999999E-6	31.210668E-3	-27.731690E-6	30.741274E-3	39.903705E-6	31.073721E-3	40.494448E-6	31.073598E-3	-44.333647E-6
-62.499996E-6	31.319223E-3	-65.908032E-6	30.908145E-3	77.816891E-6	31.206576E-3	-35.942732E-6	31.136291E-3	-72.485716E-6
-61.999999E-6	31.447139E-3	-46.482699E-6	31.038471E-3	47.792419E-6	31.357661E-3	-72.100862E-6	30.974459E-3	-31.563548E-6
-61.500003E-6	31.504206E-3	5.1550833E-6	31.122588E-3	-5.3170397E-6	31.422384E-3	-45.141955E-6	30.893795E-3	19.399333E-6
-60.999999E-6	31.488489E-3	67.207417E-6	31.155631E-3	-64.003005E-6	31.362917E-3	35.439494E-6	30.975198E-3	56.632274E-6
-60.499999E-6	31.326499E-3	61.932209E-6	31.175215E-3	-61.431361E-6	31.241959E-3	69.362621E-6	31.104064E-3	14.763160E-6
-59.999998E-6	31.193091E-3	10.739938E-6	31.144885E-3	8.8972702E-6	31.148564E-3	42.155090E-6	31.082166E-3	-71.722818E-6
-59.499998E-6	31.093776E-3	-57.283996E-6	31.176496E-3	74.794872E-6	31.060487E-3	-35.234676E-6	31.103205E-3	-72.672105E-6
-58.999998E-6	31.073984E-3	-66.849454E-6	31.236371E-3	63.932726E-6	31.047951E-3	-84.218584E-6	31.087713E-3	7.3119659E-6
-58.499998E-6	31.051418E-3	6.3980851E-6	31.281322E-3	20.118765E-6	31.003729E-3	-56.927431E-6	31.134726E-3	59.476424E-6
-57.999998E-6	31.093968E-3	56.233730E-6	31.425264E-3	-63.481995E-6	31.038549E-3	35.484441E-6	31.086389E-3	58.556940E-6
-57.499998E-6	31.031940E-3	59.980506E-6	31.527568E-3	-78.319346E-6	30.933982E-3	61.946426E-6	31.101732E-3	-18.135861E-6
-56.999997E-6	31.005362E-3	34.365490E-6	31.527784E-3	-9.8467563E-6	30.915955E-3	29.823903E-6	31.123551E-3	-82.831044E-6
-56.499997E-6	30.929353E-3	-53.422595E-6	31.442795E-3	46.205510E-6	30.976640E-3	-35.195131E-6	31.135594E-3	-68.091933E-6
-55.999997E-6	30.794937E-3	-89.286594E-6	31.306982E-3	71.917209E-6	30.963875E-3	-78.992583E-6	31.135060E-3	26.783579E-6
-55.499997E-6	30.700309E-3	-38.169706E-6	31.121813E-3	13.542763E-6	30.838266E-3	-21.573544E-6	31.127157E-3	69.420537E-6
-54.999997E-6	30.646961E-3	28.057855E-6	31.094784E-3	-49.816008E-6	30.773032E-3	25.744992E-6	31.171778E-3	35.405919E-6
-54.499997E-6	30.702502E-3	69.916474E-6	31.065896E-3	-73.888921E-6	30.660143E-3	62.837091E-6	31.236885E-3	-51.230425E-6
-53.999996E-6	30.827083E-3	27.319269E-6	31.024745E-3	-36.863032E-6	30.561294E-3	33.139677E-6	31.327423E-3	-69.765250E-6
-53.499996E-6	30.979760E-3	-35.417856E-6	31.034054E-3	39.483308E-6	30.471696E-3	-28.298266E-6	31.414885E-3	-26.422014E-6
-52.999996E-6	31.042976E-3	-70.802613E-6	30.997224E-3	60.021110E-6	30.548582E-3	-86.988526E-6	31.479180E-3	32.973912E-6
-52.499996E-6	31.113105E-3	-56.840112E-6	30.985618E-3	25.568661E-6	30.618604E-3	-44.673816E-6	31.573962E-3	62.177540E-6
-51.999996E-6	31.164475E-3	2.1554574E-6	30.927118E-3	-36.778463E-6	30.716166E-3	28.304907E-6	31.604249E-3	5.4939928E-6
-51.499999E-6	31.105109E-3	72.952462E-6	30.821932E-3	-73.301868E-6	30.781392E-3	53.594136E-6	31.609524E-3	-81.492683E-6
-50.999999E-6	31.138211E-3	50.103350E-6	30.728564E-3	-43.433447E-6	30.873740E-3	41.063911E-6	31.556923E-3	-59.965379E-6
-50.499999E-6	31.133790E-3	-11.332261E-6	30.667417E-3	19.206605E-6	30.857731E-3	-48.288108E-6	31.473324E-3	-12.958141E-6
-49.999999E-6	31.186560E-3	-72.148679E-6	30.666716E-3	84.585263E-6	30.867007E-3	-92.611910E-6	31.398952E-3	51.252104E-6
-49.499999E-6	31.311847E-3	-65.357402E-6	30.763024E-3	56.553970E-6	30.873615E-3	-45.680234E-6	31.358823E-3	53.172997E-6
-48.999998E-6	31.384230E-3	4.7483336E-6	30.918572E-3	-26.002697E-6	30.911680E-3	35.748835E-6	31.323597E-3	-7.7415916E-6
-48.499998E-6	31.427346E-3	34.971577E-6	30.998375E-3	-85.475855E-6	30.911034E-3	53.416272E-6	31.306706E-3	-70.950467E-6
-47.999998E-6	31.437632E-3	65.545435E-6	31.039199E-3	-54.545551E-6	30.917931E-3	46.219648E-6	31.306989E-3	-33.078737E-6
-47.499998E-6	31.292651E-3	16.623848E-6	31.049663E-3	-3.3303245E-6	30.976363E-3	-29.917001E-6	31.279873E-3	12.229954E-6
-46.999998E-6	31.132922E-3	-61.620136E-6	31.041631E-3	61.303173E-6	31.077700E-3	-76.620629E-6	31.341031E-3	75.337986E-6
-46.499998E-6	30.999765E-3	-96.589138E-6	31.075738E-3	47.486752E-6	31.223636E-3	-45.905825E-6	31.374291E-3	42.911059E-6
-45.999997E-6	31.019339E-3	-22.476179E-6	31.123303E-3	4.9295782E-6	31.352866E-3	14.149238E-6	31.334892E-3	-34.530476E-6
-45.499997E-6	30.963086E-3	45.339402E-6	31.145271E-3	-74.458505E-6	31.386603E-3	62.195853E-6	31.294722E-3	-81.441925E-6
-44.999997E-6	30.988744E-3	75.561496E-6	31.201044E-3	-80.504607E-6	31.379756E-3	53.576627E-6	31.222280E-3	-51.522107E-6
-44.499997E-6	30.988108E-3	31.090942E-6	31.298876E-3	-24.841813E-6	31.293090E-3	-38.819675E-6	31.200139E-3	32.233285E-6
-43.999997E-6	30.936416E-3	-40.959236E-6	31.381883E-3	75.607546E-6	31.166635E-3	-74.608361E-6	31.177880E-3	73.991119E-6
-43.499997E-6	30.870497E-3	-78.800098E-6	31.452764E-3	89.273031E-6	31.108163E-3	-40.035582E-6	31.131737E-3	26.467787E-6
-42.999996E-6	30.749254E-3	-65.788983E-6	31.442452E-3	71.005971E-9	31.070516E-3	17.722787E-6	31.033901E-3	-54.280365E-6
-42.499996E-6	30.669965E-3	20.478803E-6	31.333227E-3	-51.623952E-6	31.020025E-3	70.713097E-6	30.969005E-3	-54.031294E-6
-41.999996E-6	30.610822E-3	69.948263E-6	31.238537E-3	-79.599282E-6	31.000743E-3	64.626685E-6	30.900093E-3	-24.260391E-6
-41.499996E-6	30.684182E-3	47.019610E-6	31.103771E-3	-15.632233E-6	31.002913E-3	-8.9155583E-6	30.794254E-3	72.183429E-6
-40.999999E-6	30.860795E-3	-9.6057674E-6	31.020194E-3	42.842119E-6	31.028159E-3	-66.298329E-6	30.768558E-3	66.275832E-6
-40.499999E-6	30.955274E-3	-83.142870E-6	31.001419E-3	76.941062E-6	30.986518E-3	-67.453999E-6	30.694041E-3	-12.567055E-6
-39.999999E-6	31.017637E-3	-69.491936E-6	30.994110E-3	15.727628E-6	30.984502E-3	19.009847E-6	30.676121E-3	-71.034461E-6
-39.499999E-6	31.062672E-3	-12.100857E-6	30.956274E-3	-36.668665E-6	30.930519E-3	47.069978E-6	30.749068E-3	-81.497747E-6
-38.999999E-6	31.109121E-3	62.212675E-6	30.966679E-3	-100.66061E-6	30.828100E-3	37.944763E-6	30.792991E-3	11.014416E-6
-38.499995E-6	31.157358E-3	64.262422E-6	30.942520E-3	-42.052416E-6	30.657880E-3	-14.434411E-6	30.890208E-3	49.743485E-6
-37.999998E-6	31.160174E-3	7.3783854E-6	30.912677E-3	35.253848E-6	30.543143E-3	-99.287303E-6	30.907657E-3	66.537650E-6
-37.499995E-6	31.209759E-3	-53.693228E-6	30.842653E-3	54.063559E-6	30.527936E-3	-66.909233E-6	30.931665E-3	-17.698119E-6
-36.999998E-6	31.245258E-3	-88.453955E-6	30.714899E-3	14.098525E-6	30.635292E-3	23.865621E-6	30.937847E-3	-76.077034E-6
-36.499994E-6	31.352639E-3	-16.867838E-6	30.640073E-3	-36.149169E-6	30.733285E-3	58.792040E-6	31.013263E-3	-64.093656E-6
-35.999998E-6	31.484686E-3	56.808734E-6	30.607061E-3	-87.135377E-6	30.781040E-3	28.600365E-6	30.988634E-3	37.968533E-6
-35.500001E-6	31.440578E-3	102.92177E-6	30.656386E-3	-31.417545E-6	30.898070E-3	-31.562857E-6	30.991456E-3	62.021521E-6
-34.999997E-6	31.390708E-3	29.709521E-6	30.792193E-3	34.125595E-6	30.891487E-3	-57.789461E-6	31.009683E-3	54.860553E-6
-34.500001E-6	31.217493E-3	-42.330394E-6	30.933131E-3	73.408621E-6	30.916402E-3	-71.251823E-6	30.994300E-3	-51.144249E-6
-33.999997E-6	31.114658E-3	-75.856828E-6	31.066976E-3	37.360634E-6	30.889520E-3	11.580265E-6	31.024951E-3	-74.887415E-6
-33.500000E-6	31.013075E-3	-47.397625E-6	31.170227E-3	-41.965737E-6	30.917464E-3	58.203939E-6	31.092519E-3	-44.611934E-6
-32.999997E-6	31.014485E-3	34.705132E-6	31.140879E-3	-70.580645E-6	30.927364E-3	57.054182E-6	31.127183E-3	30.944699E-6
-32.500000E-6	30.977473E-3	81.469610E-6	31.137889E-3	-50.152768E-6	30.955294E-3	-790.57918E-9	31.210402E-3	74.753138E-6
-31.999996E-6	31.009864E-3	25.521709E-6	31.150047E-3	33.058535E-6	30.998327E-3	-75.784614E-6	31.428784E-3	28.109171E-6
-31.500000E-6	30.938921E-3	-24.153607E-6	31.132510E-3	63.913329E-6	31.086557E-3	-68.504713E-6	31.496856E-3	-45.518162E-6
-30.999996E-6	30.963892E-3	-84.731495E-6	31.161807E-3	24.076106E-6	31.123517E-3	2.2980828E-6	31.502727E-3	-90.278874E-6
-30.499999E-6	30.859247E-3	-58.142588E-6	31.116638E-3	-23.114450E-6	31.279046E-3	47.746729E-6	31.504121E-3	-27.210077E-6
-29.999996E-6	30.748900E-3	1.6214050E-6	31.217072E-3	-69.565205E-6	31.401344E-3	57.202145E-6	31.472314E-3	44.157718E-6
-29.499999E-6	30.692728E-3	43.675296E-6	31.347614E-3	-54.243141E-6	31.400442E-3	-30.798641E-6	31.412616E-3	77.842997E-6
-28.999995E-6	30.627277E-3	67.898225E-6	31.411357E-3	14.885802E-6	31.396564E-3	-92.047856E-6	31.326368E-3	26.384048E-6
-28.499999E-6	30.661860E-3	-16.355771E-6	31.430531E-3	70.368165E-6	31.269748E-3	-25.460724E-6	31.235754E-3	-61.524064E-6
-27.999995E-6	30.736361E-3	-77.105564E-6	31.440418E-3	31.855943E-6	31.182770E-3	-1.0223509E-6	31.186443E-3	-64.242857E-6
-27.499998E-6	30.856842E-3	-55.860255E-6	31.293079E-3	-25.446656E-6	31.116884E-3	74.591611E-6	31.129135E-3	-12.802416E-6
-26.999995E-6	30.982589E-3	-6.3741963E-6	31.146981E-3	-71.380462E-6	31.139664E-3	42.479100E-6	31.147238E-3	55.959928E-6
-26.499998E-6	31.034995E-3	65.150620E-6	31.068601E-3	-55.805820E-6	31.116854E-3	-13.882810E-6	31.139012E-3	51.530376E-6
-25.999994E-6	31.048261E-3	60.246814E-6	31.016937E-3	22.703005E-6	31.065013E-3	-53.685242E-6	31.104906E-3	-3.4119946E-6
-25.499998E-6	31.072948E-3	-3.1774621E-6	30.978249E-3	50.372331E-6	31.022057E-3	-64.132306E-6	31.190125E-3	-72.276482E-6
-25.000001E-6	31.073986E-3	-58.383583E-6	30.953515E-3	48.842601E-6	31.013770E-3	11.818323E-6	31.211648E-3	-73.772091E-6
-24.499997E-6	31.082643E-3	-70.772323E-6	30.965392E-3	-20.195641E-6	31.014137E-3	63.930485E-6	31.272884E-3	11.713893E-6
-24.000001E-6	31.121667E-3	-7.0650694E-6	30.976674E-3	-59.167382E-6	31.041050E-3	62.490617E-6	31.266332E-3	57.325920E-6
-23.499997E-6	31.136744E-3	48.888582E-6	31.010235E-3	-45.179349E-6	30.988008E-3	-9.1921756E-6	31.267609E-3	42.768839E-6
-23.000001E-6	31.198395E-3	66.801505E-6	31.006899E-3	28.111937E-6	30.854708E-3	-74.894866E-6	31.245962E-3	-38.993450E-6
-22.499997E-6	31.315722E-3	14.659375E-6	30.901808E-3	66.747234E-6	30.706991E-3	-84.577754E-6	31.193210E-3	-90.139773E-6
-22.000000E-6	31.426303E-3	-47.795336E-6	30.803414E-3	32.887005E-6	30.619893E-3	-19.293020E-6	31.085398E-3	-14.888256E-6
-21.499996E-6	31.451441E-3	-82.403647E-6	30.729041E-3	-10.532551E-6	30.609366E-3	34.181590E-6	30.986203E-3	47.366670E-6
-21.000000E-6	31.445704E-3	-23.275485E-6	30.609779E-3	-70.943825E-6	30.731896E-3	45.175435E-6	30.933833E-3	76.605327E-6
-20.499996E-6	31.299613E-3	51.736155E-6	30.632060E-3	-62.549225E-6	30.839112E-3	-14.051083E-6	30.803822E-3	21.097077E-6
-19.999999E-6	31.198438E-3	69.265850E-6	30.785339E-3	7.6499173E-6	30.879259E-3	-83.784034E-6	30.844618E-3	-31.705600E-6
-19.499996E-6	31.073643E-3	10.604359E-6	30.872868E-3	66.580345E-6	30.929100E-3	-73.643459E-6	30.812146E-3	-76.489683E-6
-18.999999E-6	31.029545E-3	-52.123472E-6	30.988438E-3	75.064767E-6	30.936792E-3	-21.164242E-6	30.840840E-3	-20.776668E-6
-18.499995E-6	31.016026E-3	-76.634664E-6	31.027265E-3	-19.882937E-6	30.969294E-3	58.589172E-6	30.884534E-3	41.408202E-6
-17.999999E-6	30.961927E-3	-17.154563E-6	31.065758E-3	-62.256491E-6	30.976748E-3	63.116597E-6	30.947886E-3	71.662413E-6
-17.499995E-6	31.010466E-3	38.459802E-6	31.072995E-3	-62.473649E-6	30.975169E-3	12.080870E-6	31.002242E-3	17.600218E-6
-16.999998E-6	30.968951E-3	75.492128E-6	31.076776E-3	18.106837E-6	31.022474E-3	-52.771229E-6	31.046368E-3	-82.524515E-6
-16.499995E-6	30.956818E-3	17.323438E-6	31.119213E-3	51.198254E-6	31.048471E-3	-52.458268E-6	31.104380E-3	-62.299070E-6
-15.999998E-6	30.961441E-3	-57.619356E-6	31.139852E-3	45.463625E-6	31.175364E-3	-27.032767E-6	31.108893E-3	-12.848242E-6
-15.499994E-6	30.953463E-3	-60.979004E-6	31.144798E-3	-5.0190802E-6	31.301834E-3	50.466886E-6	31.158611E-3	71.897623E-6
-14.999998E-6	30.846391E-3	-32.805867E-6	31.172032E-3	-68.386049E-6	31.393472E-3	94.704628E-6	31.180551E-3	57.794950E-6
-14.500001E-6	30.670108E-3	42.921511E-6	31.322137E-3	-65.646636E-6	31.445608E-3	13.668858E-6	31.174939E-3	-18.452507E-6
-13.999997E-6	30.606383E-3	71.007969E-6	31.360362E-3	20.984511E-6	31.401712E-3	-43.097178E-6	31.209808E-3	-77.861521E-6
-13.500001E-6	30.670239E-3	12.736772E-6	31.425744E-3	72.035436E-6	31.270515E-3	-80.738922E-6	31.211343E-3	-54.598477E-6
-12.999997E-6	30.741574E-3	-41.248837E-6	31.425916E-3	53.192431E-6	31.267777E-3	-22.565182E-6	31.268414E-3	-3.1058566E-6
-12.500001E-6	30.867236E-3	-83.154489E-6	31.375732E-3	-956.31674E-9	31.275243E-3	42.730804E-6	31.267826E-3	57.417517E-6
-11.999997E-6	31.014657E-3	-25.071668E-6	31.276610E-3	-68.377398E-6	31.269323E-3	86.719068E-6	31.288102E-3	29.107330E-6
-11.500000E-6	31.064399E-3	51.247476E-6	31.028923E-3	-70.632195E-6	31.202927E-3	17.885601E-6	31.350449E-3	-46.388635E-6
-10.999996E-6	31.103438E-3	71.289673E-6	30.932968E-3	3.0519541E-6	31.201895E-3	-37.163343E-6	31.419981E-3	-73.440970E-6
-10.500000E-6	31.119552E-3	22.787470E-6	30.766537E-3	53.890515E-6	31.235723E-3	-80.233833E-6	31.500503E-3	-52.503077E-6
-9.9999961E-6	31.123884E-3	-29.692508E-6	30.709324E-3	66.159955E-6	31.177321E-3	-38.441114E-6	31.633548E-3	34.783028E-6
-9.4999996E-6	31.091323E-3	-66.896566E-6	30.727273E-3	-10.733172E-6	31.113507E-3	35.091089E-6	31.702351E-3	69.332527E-6
-8.9999958E-6	31.082856E-3	-26.410924E-6	30.773485E-3	-67.074274E-6	31.063236E-3	67.811598E-6	31.709783E-3	23.531049E-6
-8.4999992E-6	31.100674E-3	43.557768E-6	30.769220E-3	-58.747119E-6	30.942965E-3	40.740844E-6	31.674217E-3	-48.074267E-6
-7.9999954E-6	31.087287E-3	75.921249E-6	30.773109E-3	-17.630968E-6	30.643791E-3	-31.456300E-6	31.619098E-3	-77.990277E-6
-7.4999989E-6	31.173613E-3	44.483149E-6	30.730164E-3	46.444453E-6	30.590735E-3	-72.893876E-6	31.534303E-3	-19.955438E-6
-6.9999951E-6	31.314816E-3	-38.149028E-6	30.618379E-3	84.746644E-6	30.617379E-3	-56.858560E-6	31.457283E-3	45.235083E-6
-6.4999986E-6	31.409800E-3	-88.487708E-6	30.494232E-3	-113.75085E-9	30.758424E-3	39.993472E-6	31.391624E-3	83.965839E-6
-5.9999948E-6	31.403668E-3	-47.780042E-6	30.581504E-3	-58.355094E-6	30.807348E-3	59.189486E-6	31.354792E-3	8.9137675E-6
-5.4999982E-6	31.351015E-3	25.269259E-6	30.577172E-3	-77.067467E-6	30.911947E-3	43.969671E-6	31.343792E-3	-46.583187E-6
-4.9999944E-6	31.226136E-3	73.984680E-6	30.607507E-3	-21.655689E-6	30.892015E-3	-22.338012E-6	31.269886E-3	-81.065882E-6
-4.4999979E-6	31.113224E-3	33.164226E-6	30.746698E-3	29.505100E-6	30.905336E-3	-59.056736E-6	31.301904E-3	-30.070392E-6
-3.9999941E-6	31.039052E-3	-58.323039E-6	30.834150E-3	71.833078E-6	30.946823E-3	-52.497548E-6	31.312030E-3	69.216134E-6
-3.4999975E-6	30.998183E-3	-78.568133E-6	30.949369E-3	30.917632E-6	30.987836E-3	26.929451E-6	31.315111E-3	45.212979E-6
-3.0000010E-6	30.960975E-3	-42.892210E-6	30.978641E-3	-38.999515E-6	31.014530E-3	72.676259E-6	31.280439E-3	-8.4956509E-6
-2.4999972E-6	30.956181E-3	21.379856E-6	30.992834E-3	-77.839650E-6	31.014947E-3	47.948728E-6	31.228760E-3	-42.214779E-6
-2.0000007E-6	30.964971E-3	56.100016E-6	30.996513E-3	-46.526398E-6	31.088041E-3	-16.419272E-6	31.166323E-3	-85.558087E-6
-1.4999969E-6	30.968716E-3	65.556203E-6	31.014521E-3	31.154119E-6	31.148734E-3	-63.470070E-6	31.041514E-3	-3.5973817E-6
-1.0000003E-6	31.002061E-3	-28.732640E-6	31.022351E-3	78.814162E-6	31.245356E-3	-30.533629E-6	30.986376E-3	58.879774E-6
-499.99653E-9	30.937206E-3	-86.143162E-6	31.074174E-3	50.275121E-6	31.372406E-3	12.120241E-6	30.878436E-3	68.551009E-6
0.0000000E+0	30.891728E-3	-78.990866E-6	31.146960E-3	-33.049175E-6	31.460378E-3	59.494436E-6	30.831853E-3	595.60239E-9
500.00381E-9	30.780407E-3	20.027603E-6	31.260934E-3	-76.510558E-6	31.402424E-3	60.378454E-6	30.854542E-3	-84.667088E-6
1.0000003E-6	30.672951E-3	72.464085E-6	31.338546E-3	-48.364382E-6	31.340651E-3	6.9227171E-6	30.926947E-3	-58.547343E-6
1.5000041E-6	30.649813E-3	47.666010E-6	31.308223E-3	9.5274854E-6	31.270538E-3	-83.163723E-6	30.994121E-3	-4.7727831E-6
2.0000007E-6	30.733833E-3	-30.076390E-6	31.205643E-3	64.607550E-6	31.217201E-3	-54.462897E-6	31.054817E-3	54.612075E-6
2.5000045E-6	30.843537E-3	-80.363672E-6	31.063190E-3	57.365854E-6	31.156328E-3	-9.8479650E-6	31.100592E-3	57.222092E-6
3.0000010E-6	31.003421E-3	-62.636653E-6	30.918961E-3	-3.6343426E-6	31.097183E-3	93.232309E-6	31.148240E-3	-8.6947148E-6
3.5000048E-6	31.088341E-3	16.233063E-6	30.869056E-3	-77.928606E-6	31.123523E-3	61.827450E-6	31.135116E-3	-51.430718E-6
4.0000014E-6	31.098029E-3	49.227499E-6	30.862924E-3	-68.330293E-6	31.083949E-3	-33.030101E-6	31.160628E-3	-61.465333E-6
4.5000052E-6	31.137226E-3	53.089763E-6	30.860122E-3	-37.315367E-6	31.056892E-3	-70.296810E-6	31.142220E-3	-3.7411126E-6
5.0000017E-6	31.148825E-3	-13.143648E-6	30.873846E-3	70.363647E-6	31.028811E-3	-72.572104E-6	31.070011E-3	76.715340E-6
5.5000055E-6	31.101411E-3	-55.704812E-6	30.799633E-3	56.788878E-6	30.997377E-3	30.156230E-6	31.083861E-3	65.384462E-6
6.0000020E-6	31.172989E-3	-77.151082E-6	30.836917E-3	-4.9326154E-6	30.987138E-3	78.976293E-6	31.101789E-3	-15.661006E-6
6.5000058E-6	31.165252E-3	45.820823E-9	30.786823E-3	-75.494303E-6	30.921537E-3	48.610767E-6	31.252030E-3	-73.177798E-6
7.0000024E-6	31.196753E-3	45.718469E-6	30.793592E-3	-71.787232E-6	30.872220E-3	-11.875417E-6	31.367887E-3	-57.954996E-6
7.4999989E-6	31.325486E-3	68.827212E-6	30.741472E-3	-6.1771998E-6	30.749945E-3	-76.324206E-6	31.451616E-3	-12.913538E-6
8.0000027E-6	31.428710E-3	3.6685817E-6	30.643731E-3	46.403511E-6	30.621957E-3	-58.679208E-6	31.603463E-3	55.675209E-6
8.4999992E-6	31.471759E-3	-59.192138E-6	30.663237E-3	46.179754E-6	30.561753E-3	-12.193498E-6	31.644437E-3	64.289627E-6
9.0000030E-6	31.437948E-3	-82.635503E-6	30.690566E-3	-11.501303E-6	30.610239E-3	50.310293E-6	31.669378E-3	-24.834966E-6
9.4999996E-6	31.386562E-3	-21.077407E-6	30.801795E-3	-63.756299E-6	30.687699E-3	45.204200E-6	31.536061E-3	-74.919953E-6
10.000003E-6	31.260058E-3	54.087315E-6	30.875815E-3	-97.472839E-6	30.779094E-3	-22.847060E-6	31.463806E-3	-55.164823E-6
10.500000E-6	31.183748E-3	78.264486E-6	31.012109E-3	4.4175777E-6	30.851280E-3	-88.742228E-6	31.345628E-3	-3.5989049E-6
11.000004E-6	31.132305E-3	6.2011673E-6	31.063525E-3	62.505838E-6	30.916929E-3	-40.296585E-6	31.313039E-3	58.363748E-6
11.500000E-6	31.074854E-3	-34.271663E-6	31.118363E-3	75.367076E-6	30.995984E-3	13.599047E-6	31.330459E-3	42.949203E-6
12.000004E-6	31.040588E-3	-79.695259E-6	31.149652E-3	-2.5010063E-6	30.954426E-3	76.706106E-6	31.309634E-3	5.5039736E-6
12.500001E-6	31.043023E-3	-18.003871E-6	31.119222E-3	-78.501442E-6	30.977476E-3	50.683280E-6	31.277101E-3	-75.402211E-6
13.000004E-6	31.078245E-3	61.377395E-6	31.134585E-3	-54.491167E-6	30.981712E-3	-18.684366E-6	31.280421E-3	-64.234140E-6
13.500001E-6	31.053215E-3	78.919424E-6	31.146202E-3	-5.8750306E-6	30.973127E-3	-74.374875E-6	31.185672E-3	-5.6445028E-6
14.000005E-6	31.029532E-3	26.219212E-6	31.131208E-3	68.988484E-6	31.004885E-3	-51.888263E-6	30.971367E-3	69.139831E-6
14.500001E-6	30.956656E-3	-39.823553E-6	31.191194E-3	48.598631E-6	31.094307E-3	20.572661E-6	30.965371E-3	71.403527E-6
15.000005E-6	30.821517E-3	-78.128731E-6	31.168019E-3	5.3123586E-6	31.174293E-3	48.360980E-6	30.908883E-3	-409.04595E-9
15.500002E-6	30.680696E-3	-54.792825E-6	31.246288E-3	-76.852019E-6	31.255759E-3	58.862744E-6	30.804966E-3	-68.539477E-6
16.000005E-6	30.700911E-3	38.535811E-6	31.346250E-3	-88.446257E-6	31.409107E-3	-24.000654E-6	30.640205E-3	-77.291748E-6
16.500002E-6	30.750513E-3	56.936657E-6	31.454720E-3	6.8641066E-6	31.407554E-3	-102.84590E-6	30.590324E-3	6.7822612E-6
17.000006E-6	30.880308E-3	33.171877E-6	31.524416E-3	61.864135E-6	31.432744E-3	-72.034396E-6	30.675624E-3	42.414656E-6
17.500002E-6	30.998370E-3	-35.218360E-6	31.506471E-3	46.061527E-6	31.334456E-3	-6.7492115E-6	30.756662E-3	52.055817E-6
17.999999E-6	31.093976E-3	-83.762650E-6	31.441532E-3	-30.227900E-6	31.230152E-3	63.715212E-6	30.818842E-3	-16.657537E-6
18.500003E-6	31.163849E-3	-58.967187E-6	31.346325E-3	-74.019539E-6	31.181401E-3	39.476807E-6	30.922873E-3	-53.165291E-6
18.999999E-6	31.195162E-3	39.474817E-6	31.245450E-3	-66.356894E-6	31.157067E-3	-26.496149E-6	30.928086E-3	-73.108124E-6
19.500003E-6	31.195635E-3	80.672187E-6	31.140570E-3	13.802536E-6	31.142702E-3	-80.571757E-6	30.926405E-3	8.5731253E-6
19.999999E-6	31.198042E-3	53.099218E-6	31.069599E-3	48.972546E-6	31.138698E-3	-59.722774E-6	30.957691E-3	58.608417E-6
20.500003E-6	31.207081E-3	-28.298909E-6	31.072134E-3	51.632745E-6	31.042369E-3	-4.0864456E-6	30.990675E-3	77.671772E-6
21.000000E-6	31.233745E-3	-70.791357E-6	31.022409E-3	-24.522662E-6	31.100275E-3	54.565819E-6	30.965220E-3	2.3689101E-6
21.500004E-6	31.331223E-3	-53.595366E-6	31.010427E-3	-100.75713E-6	31.058718E-3	50.109986E-6	30.993612E-3	-71.788883E-6
22.000000E-6	31.437088E-3	-1.0256939E-6	30.941645E-3	-48.394024E-6	31.002561E-3	-33.668173E-6	31.105911E-3	-49.385337E-6
22.500004E-6	31.535093E-3	68.064583E-6	30.921923E-3	30.749336E-6	30.986456E-3	-80.031095E-6	31.150807E-3	-21.006370E-6
23.000008E-6	31.506673E-3	55.658686E-6	30.926481E-3	67.317196E-6	30.879579E-3	-81.674436E-6	31.238584E-3	57.232235E-6
23.499997E-6	31.406354E-3	7.3879919E-6	30.893665E-3	23.926510E-6	30.826893E-3	15.480879E-6	31.387489E-3	50.506409E-6
24.000001E-6	31.115325E-3	-71.532988E-6	30.793840E-3	-41.589432E-6	30.689489E-3	63.293955E-6	31.498075E-3	-360.70350E-9
24.500005E-6	30.989213E-3	-98.992648E-6	30.657411E-3	-72.936447E-6	30.582471E-3	67.547342E-6	31.507332E-3	-50.166880E-6
25.000008E-6	30.935852E-3	-20.293790E-6	30.580888E-3	-34.960081E-6	30.581160E-3	-34.114713E-6	31.448189E-3	-73.239600E-6
25.499998E-6	30.912323E-3	41.498639E-6	30.484516E-3	29.664045E-6	30.613264E-3	-82.366183E-6	31.325974E-3	-37.729558E-6
26.000002E-6	30.924309E-3	62.967083E-6	30.558055E-3	78.068362E-6	30.646890E-3	-63.648047E-6	31.226851E-3	29.719748E-6
26.500005E-6	30.949788E-3	37.802085E-6	30.582473E-3	50.977866E-6	30.763481E-3	31.568426E-6	31.188896E-3	68.698107E-6
27.000009E-6	30.915365E-3	-54.958637E-6	30.643372E-3	-30.897128E-6	30.856598E-3	85.431791E-6	31.098299E-3	-3.9626193E-6
27.499998E-6	30.889973E-3	-92.146838E-6	30.734645E-3	-65.689230E-6	30.893704E-3	51.451261E-6	31.039314E-3	-65.121014E-6
28.000002E-6	30.770810E-3	-27.758333E-6	30.845590E-3	-47.425787E-6	30.873574E-3	-32.797598E-6	31.040855E-3	-89.954359E-6
28.500006E-6	30.648185E-3	36.662084E-6	30.939301E-3	53.335498E-6	30.923925E-3	-55.452085E-6	31.065980E-3	-36.134341E-6
28.999995E-6	30.546466E-3	70.624534E-6	31.012814E-3	70.546659E-6	30.898368E-3	-48.053877E-6	30.986343E-3	52.723572E-6
29.499999E-6	30.571477E-3	42.121777E-6	31.003967E-3	53.165786E-6	30.811770E-3	15.104891E-6	30.942613E-3	74.371143E-6
30.000003E-6	30.719876E-3	-42.799482E-6	31.000314E-3	-38.332029E-6	30.909926E-3	61.300721E-6	30.880958E-3	17.627604E-6
30.500007E-6	30.891700E-3	-70.249953E-6	31.062104E-3	-77.358287E-6	30.944318E-3	38.820490E-6	30.779144E-3	-53.798358E-6
30.999996E-6	31.008981E-3	-62.077866E-6	31.072730E-3	-41.617765E-6	31.014105E-3	-28.241786E-6	30.666608E-3	-54.981501E-6
31.500000E-6	31.021463E-3	17.120336E-6	31.084161E-3	42.776071E-6	31.105105E-3	-85.947562E-6	30.560380E-3	-27.303613E-6
32.000004E-6	31.047506E-3	75.679214E-6	31.092459E-3	77.987555E-6	31.199386E-3	-71.034818E-6	30.544173E-3	70.685201E-6
32.500007E-6	31.016629E-3	74.490825E-6	31.144088E-3	11.213016E-6	31.312093E-3	10.331259E-6	30.685268E-3	68.952890E-6
32.999997E-6	31.056101E-3	12.721814E-6	31.240791E-3	-29.712906E-6	31.376608E-3	75.317221E-6	30.773383E-3	35.444358E-6
33.500000E-6	31.041188E-3	-81.090788E-6	31.334516E-3	-100.88856E-6	31.367492E-3	41.355215E-6	30.824836E-3	-28.412394E-6
34.000004E-6	31.079344E-3	-82.999504E-6	31.412955E-3	-54.219639E-6	31.309549E-3	-29.655548E-6	30.881299E-3	-83.335945E-6
34.500008E-6	31.234669E-3	-7.1548338E-6	31.442162E-3	25.156061E-6	31.226683E-3	-82.420120E-6	30.935215E-3	-43.356496E-6
34.999997E-6	31.367313E-3	33.949709E-6	31.373799E-3	70.467569E-6	31.095358E-3	-51.782899E-6	30.939108E-3	35.609803E-6
35.500001E-6	31.370752E-3	55.263801E-6	31.242074E-3	46.537942E-6	31.030502E-3	7.7506693E-6	30.963035E-3	72.586794E-6
36.000005E-6	31.292304E-3	15.192993E-6	31.094637E-3	-31.678344E-6	30.985394E-3	96.890122E-6	30.935140E-3	17.864057E-6
36.500009E-6	31.291131E-3	-44.065710E-6	31.040462E-3	-84.825537E-6	31.005461E-3	38.952025E-6	30.977353E-3	-40.220941E-6
36.999998E-6	31.148808E-3	-66.104054E-6	30.940779E-3	-54.301538E-6	30.987794E-3	-46.002850E-6	31.008290E-3	-89.719280E-6
37.500002E-6	31.072069E-3	-36.679845E-6	30.991206E-3	10.143392E-6	30.965941E-3	-67.178822E-6	31.110231E-3	-53.035135E-6
38.000006E-6	31.023933E-3	29.905748E-6	30.988730E-3	69.437374E-6	30.962853E-3	-47.786732E-6	31.200975E-3	23.462260E-6
38.500009E-6	31.047335E-3	74.393276E-6	30.961931E-3	42.898162E-6	31.039627E-3	54.856078E-6	31.305023E-3	75.971089E-6
38.999999E-6	31.033408E-3	29.072056E-6	30.984722E-3	-28.196791E-6	31.014001E-3	79.642465E-6	31.376138E-3	32.406679E-6
39.500002E-6	31.043604E-3	-29.385770E-6	30.939069E-3	-57.604499E-6	30.961569E-3	22.826498E-6	31.433795E-3	-41.636515E-6
40.000006E-6	31.036265E-3	-101.83482E-6	30.889334E-3	-56.646099E-6	30.912744E-3	-35.773952E-6	31.344242E-3	-90.584384E-6
40.499996E-6	30.936036E-3	-47.883226E-6	30.872401E-3	23.227190E-6	30.871458E-3	-95.613315E-6	31.242270E-3	-54.667871E-6
40.999999E-6	30.818740E-3	11.008702E-6	30.681817E-3	97.397417E-6	30.765928E-3	-44.292654E-6	31.153494E-3	20.839456E-6
41.500003E-6	30.737763E-3	57.368932E-6	30.609734E-3	56.447207E-6	30.668257E-3	34.748020E-6	31.136094E-3	71.350340E-6
42.000007E-6	30.672878E-3	50.542130E-6	30.565342E-3	-18.352115E-6	30.570012E-3	84.930660E-6	31.057455E-3	35.585508E-6
42.499996E-6	30.747173E-3	-6.0941552E-6	30.599501E-3	-79.837526E-6	30.555746E-3	28.606915E-6	31.069499E-3	-26.138767E-6
43.000000E-6	30.865019E-3	-69.979040E-6	30.707018E-3	-55.229633E-6	30.607002E-3	-67.433735E-6	31.083513E-3	-59.184324E-6
43.500004E-6	30.990560E-3	-60.171988E-6	30.847589E-3	7.8584917E-6	30.662809E-3	-71.983974E-6	31.071331E-3	-46.234312E-6
44.000008E-6	31.079397E-3	7.1872155E-6	30.965239E-3	73.367628E-6	30.725366E-3	-26.197418E-6	31.082535E-3	1.6887558E-6
44.499997E-6	31.096186E-3	69.128546E-6	31.012744E-3	48.053265E-6	30.797381E-3	58.319954E-6	30.994186E-3	64.046355E-6
45.000001E-6	31.106086E-3	55.934186E-6	31.040993E-3	-16.130809E-6	30.859130E-3	71.728231E-6	31.125233E-3	58.795405E-6
45.500004E-6	31.124568E-3	-8.5931279E-6	31.060731E-3	-96.393203E-6	30.902002E-3	-4.8794968E-6	31.028757E-3	-16.199197E-6
46.000008E-6	31.166360E-3	-58.240756E-6	31.061254E-3	-64.510874E-6	30.948289E-3	-88.844419E-6	30.925198E-3	-74.860334E-6
46.499998E-6	31.153915E-3	-78.035999E-6	31.065255E-3	17.220396E-6	30.915488E-3	-57.881065E-6	30.893140E-3	-49.428665E-6
47.000001E-6	31.245522E-3	-33.319888E-6	31.041674E-3	72.535688E-6	30.992493E-3	10.693298E-6	30.884624E-3	1.1526879E-6
47.500005E-6	31.275157E-3	40.553085E-6	31.073267E-3	51.568386E-6	31.028796E-3	42.933494E-6	30.977016E-3	62.894134E-6
48.000009E-6	31.402703E-3	70.395537E-6	31.132132E-3	-22.982706E-6	31.016644E-3	46.812802E-6	30.868948E-3	51.763272E-6
48.499998E-6	31.471543E-3	4.6681280E-6	31.203371E-3	-67.070199E-6	31.007089E-3	-27.602931E-6	30.969333E-3	-2.8210145E-6
49.000002E-6	31.517144E-3	-43.354110E-6	31.315997E-3	-71.627204E-6	31.029169E-3	-82.900500E-6	31.008910E-3	-80.162456E-6
49.500006E-6	31.411968E-3	-85.765918E-6	31.409092E-3	22.375583E-6	31.043660E-3	-67.430163E-6	31.073961E-3	-62.985840E-6
49.999995E-6	31.318754E-3	-29.933555E-6	31.398062E-3	56.727589E-6	31.091306E-3	23.517781E-6	31.051733E-3	1.2736015E-6
50.499999E-6	31.189507E-3	24.022238E-6	31.282779E-3	45.276556E-6	31.091250E-3	66.326655E-6	31.034693E-3	65.888358E-6
51.000003E-6	31.105792E-3	75.908400E-6	31.185338E-3	-16.986365E-6	31.139884E-3	26.882642E-6	31.062568E-3	46.508456E-6
51.500007E-6	31.053621E-3	47.056550E-6	31.071156E-3	-90.741130E-6	31.179233E-3	-53.866996E-6	31.083472E-3	-9.9517201E-6
51.999996E-6	31.071072E-3	-53.059175E-6	30.992769E-3	-89.601854E-6	31.257689E-3	-86.153268E-6	31.126296E-3	-68.575559E-6
52.500000E-6	31.073548E-3	-82.371102E-6	30.955035E-3	-18.623670E-6	31.318277E-3	-12.606746E-6	31.173144E-3	-60.500890E-6
53.000003E-6	31.062009E-3	-58.254525E-6	30.942295E-3	46.488029E-6	31.380761E-3	59.153444E-6	31.266462E-3	-3.3221277E-6
53.500007E-6	31.001611E-3	11.794901E-6	30.926706E-3	69.790447E-6	31.475589E-3	70.228067E-6	31.377263E-3	52.033036E-6
53.999996E-6	30.965233E-3	75.498639E-6	30.984361E-3	8.7228618E-6	31.474914E-3	1.4873181E-6	31.388339E-3	68.290734E-6
54.500000E-6	30.839773E-3	47.814396E-6	30.961290E-3	-68.882167E-6	31.506527E-3	-68.539077E-6	31.454057E-3	4.0183618E-6
55.000004E-6	30.704675E-3	-886.75637E-9	30.978492E-3	-59.574289E-6	31.517290E-3	-41.985793E-6	31.373136E-3	-74.177180E-6
55.500008E-6	30.668128E-3	-71.515780E-6	30.893443E-3	-13.224566E-6	31.441823E-3	14.272558E-6	31.323783E-3	-75.055148E-6
55.999997E-6	30.705517E-3	-61.147301E-6	30.799182E-3	70.647038E-6	31.337433E-3	67.655332E-6	31.196406E-3	-17.114728E-6
56.500001E-6	30.823218E-3	4.2124598E-6	30.728513E-3	68.585061E-6	31.950288E-3	650.29459E-6	31.143349E-3	49.636426E-6
57.000005E-6	30.962782E-3	58.919639E-6	30.646043E-3	32.518034E-6	36.476672E-3	3.4107652E-3	36.059391E-3	2.8582639E-3
57.500009E-6	31.061990E-3	1.1985903E-3	31.502735E-3	-58.720012E-6	35.379097E-3	3.1170666E-3	34.609210E-3	3.2875787E-3
57.999998E-6	31.087672E-3	385.66013E-6	31.698413E-3	583.64164E-6	36.259241E-3	2.7757017E-3	34.853309E-3	3.2579384E-3
58.500002E-6	32.049268E-3	424.73382E-6	32.625429E-3	1.3560927E-3	37.642047E-3	2.5176145E-3	35.777971E-3	2.7214307E-3
59.000005E-6	31.087913E-3	-76.871976E-6	31.838961E-3	768.20329E-6	36.248632E-3	2.8952335E-3	36.693323E-3	2.7718202E-3
59.500009E-6	31.117214E-3	-31.393756E-6	31.096211E-3	1.4019901E-3	37.295368E-3	3.1927184E-3	37.612468E-3	2.7550375E-3
59.999998E-6	31.142564E-3	47.480724E-6	31.104663E-3	124.26292E-6	36.341708E-3	3.3729319E-3	35.657231E-3	2.7484694E-3
60.500002E-6	31.246010E-3	66.811124E-6	33.072811E-3	442.64860E-6	35.777416E-3	3.1204622E-3	35.000369E-3	3.2363038E-3
61.000006E-6	31.370535E-3	244.44435E-6	31.878129E-3	-80.445396E-6	36.620710E-3	2.7704036E-3	35.370070E-3	3.3186406E-3
61.499995E-6	31.471882E-3	-36.448699E-6	32.055803E-3	742.10018E-6	37.690617E-3	2.8268774E-3	35.426464E-3	3.0764912E-3
61.999999E-6	33.313219E-3	894.35105E-6	31.203633E-3	842.50362E-6	38.370170E-3	2.7340669E-3	36.268823E-3	2.7250382E-3
62.500003E-6	31.403381E-3	-74.973999E-6	31.207366E-3	912.81836E-6	37.902154E-3	3.1015470E-3	36.122620E-3	2.6110583E-3
63.000007E-6	31.261966E-3	15.931240E-6	31.268902E-3	781.72487E-6	35.360813E-3	3.2669024E-3	35.640113E-3	2.8550243E-3
63.499996E-6	31.144895E-3	1.2638704E-3	33.277512E-3	212.49041E-6	35.553154E-3	3.0890831E-3	36.682025E-3	3.3309937E-3
64.000000E-6	31.079745E-3	47.084945E-6	34.169491E-3	1.0316784E-3	36.346354E-3	2.7815350E-3	34.583475E-3	3.1780051E-3
64.500004E-6	32.008678E-3	280.61209E-6	33.378407E-3	1.4950541E-3	37.345488E-3	2.4323291E-3	35.711233E-3	2.9243096E-3
65.000007E-6	32.749161E-3	572.06821E-6	32.315277E-3	840.70320E-6	37.340749E-3	2.9762227E-3	36.750823E-3	2.6605199E-3
65.499997E-6	31.001076E-3	-59.401089E-6	32.010879E-3	1.4780076E-3	36.774870E-3	3.2778354E-3	37.875794E-3	2.6372757E-3
66.000001E-6	30.982908E-3	138.79470E-9	31.742096E-3	388.43128E-6	36.005940E-3	3.2722182E-3	38.185876E-3	2.9203731E-3
66.500004E-6	30.997582E-3	46.069395E-6	32.869361E-3	271.54412E-6	35.680111E-3	2.9363146E-3	36.755718E-3	3.3707025E-3
67.000008E-6	30.872295E-3	59.838003E-6	33.718057E-3	592.22925E-6	36.789786E-3	2.6675633E-3	35.886124E-3	3.4127196E-3
67.499997E-6	30.724680E-3	15.975991E-6	32.110929E-3	508.66191E-6	37.740197E-3	2.8735111E-3	35.728648E-3	3.0535914E-3
68.000001E-6	31.634931E-3	491.64769E-6	32.848798E-3	2.0618043E-3	38.334407E-3	2.2525541E-3	36.530774E-3	2.8176922E-3
68.500005E-6	30.672332E-3	-79.403209E-6	31.670745E-3	2.0820950E-3	36.639914E-3	3.3126795E-3	37.569966E-3	2.9139630E-3
69.000009E-6	31.570323E-3	741.23772E-6	30.959230E-3	1.3579803E-3	35.671405E-3	3.0563220E-3	36.160734E-3	2.9011883E-3
69.499998E-6	31.627834E-3	638.79014E-6	30.887676E-3	505.91648E-6	36.249191E-3	2.7138055E-3	37.277903E-3	3.3415221E-3
70.000002E-6	31.092882E-3	838.83316E-6	33.654273E-3	1.0723959E-3	36.983985E-3	2.2829615E-3	36.478549E-3	3.2924940E-3
70.500006E-6	31.138090E-3	610.23998E-6	34.018893E-3	1.9691691E-3	38.096189E-3	2.2852093E-3	35.582475E-3	3.0046892E-3
70.999995E-6	31.982284E-3	187.12772E-6	32.708216E-3	2.6349644E-3	37.926909E-3	2.9365490E-3	36.258463E-3	2.6411372E-3
71.499999E-6	31.171290E-3	-61.917708E-6	31.581573E-3	2.1248572E-3	36.002554E-3	3.4319682E-3	37.366468E-3	2.7385992E-3
72.000003E-6	32.050021E-3	616.15359E-6	30.864289E-3	1.5569576E-3	36.585331E-3	3.1952769E-3	35.500817E-3	2.8399935E-3
72.500006E-6	31.229969E-3	-9.8344699E-6	31.558018E-3	253.48549E-6	36.596816E-3	2.5013294E-3	35.959054E-3	3.1809544E-3
72.999996E-6	31.328000E-3	63.806256E-6	33.566143E-3	775.80899E-6	37.348464E-3	2.5744922E-3	34.955438E-3	3.0315358E-3
73.499999E-6	31.466380E-3	71.622511E-6	33.680778E-3	1.5781508E-3	37.947066E-3	2.9832381E-3	35.882875E-3	2.9969036E-3
74.000003E-6	31.917240E-3	407.32799E-6	33.335786E-3	1.4452746E-3	37.574928E-3	3.1402539E-3	36.674578E-3	2.4078030E-3
74.500007E-6	31.881310E-3	-66.872424E-6	31.074369E-3	1.3740510E-3	36.575437E-3	3.2549929E-3	37.699413E-3	2.7814927E-3
74.999996E-6	31.271841E-3	-81.073456E-6	31.095002E-3	1.3070303E-3	36.058381E-3	3.2406778E-3	37.402641E-3	2.9191845E-3
75.500000E-6	32.843698E-3	2.0874396E-3	31.232148E-3	489.53894E-6	36.686879E-3	2.6806558E-3	36.983281E-3	3.3922354E-3
76.000004E-6	39.034288E-3	2.4689401E-3	38.734511E-3	2.5253929E-3	40.229339E-3	1.2287529E-3	40.355779E-3	890.12465E-6
76.500008E-6	38.915604E-3	2.0766633E-3	38.320400E-3	2.9090869E-3	40.238824E-3	1.1475782E-3	40.438741E-3	1.0983713E-3
76.999997E-6	37.852287E-3	2.1979632E-3	39.808761E-3	2.2057542E-3	40.047958E-3	1.0935975E-3	40.413652E-3	1.1780177E-3
77.500001E-6	38.144480E-3	2.2849164E-3	39.580945E-3	1.9395377E-3	40.126882E-3	945.80674E-6	40.130857E-3	1.2417164E-3
78.000005E-6	37.009247E-3	2.9948624E-3	39.704461E-3	1.7331074E-3	40.196992E-3	960.57897E-6	39.826993E-3	1.1312587E-3
78.500008E-6	38.104799E-3	2.8819893E-3	39.120935E-3	2.1465691E-3	40.326264E-3	1.0389583E-3	39.653994E-3	966.05835E-6
78.999998E-6	38.849972E-3	2.5909066E-3	39.045684E-3	2.1048251E-3	40.429655E-3	1.1908150E-3	39.610270E-3	943.64432E-6
79.500001E-6	38.661845E-3	2.1438282E-3	39.437946E-3	1.8958099E-3	40.212426E-3	1.2478195E-3	40.015623E-3	1.0206354E-3
80.000005E-6	38.428813E-3	2.4060220E-3	39.520159E-3	1.6261219E-3	39.971866E-3	1.1018608E-3	39.972313E-3	1.1806187E-3
80.500009E-6	38.781896E-3	2.0839169E-3	39.367262E-3	1.3668461E-3	39.736666E-3	929.90592E-6	39.906312E-3	1.1722812E-3
80.999998E-6	38.691826E-3	2.2119617E-3	38.752135E-3	1.5970761E-3	39.651439E-3	957.28372E-6	39.858222E-3	1.1388836E-3
81.500002E-6	39.000239E-3	2.1833477E-3	38.960475E-3	2.1200003E-3	39.829250E-3	1.0385225E-3	40.060218E-3	975.36406E-6
82.000006E-6	38.845073E-3	2.4283985E-3	38.269307E-3	2.1369001E-3	39.747566E-3	1.2837023E-3	40.233087E-3	978.06845E-6
82.499995E-6	39.017636E-3	2.8133555E-3	39.416064E-3	1.5984282E-3	39.663091E-3	1.2580670E-3	40.352065E-3	1.2736076E-3
82.999999E-6	39.888784E-3	1.6624107E-3	39.359793E-3	1.4958489E-3	39.560024E-3	1.1239288E-3	40.329583E-3	1.2055413E-3
83.500003E-6	40.113822E-3	1.8809453E-3	39.265223E-3	1.2629280E-3	39.682459E-3	956.20658E-6	40.216677E-3	1.1917993E-3
84.000007E-6	39.165858E-3	2.5320454E-3	38.899347E-3	1.8750039E-3	39.989203E-3	993.70140E-6	40.087264E-3	1.0883634E-3
84.499996E-6	39.227009E-3	1.9830877E-3	38.285505E-3	1.8086846E-3	40.040009E-3	1.0783020E-3	40.260818E-3	911.01043E-6
85.000000E-6	39.300017E-3	2.1361618E-3	37.826505E-3	2.3536342E-3	39.881367E-3	1.3452108E-3	40.307280E-3	903.72429E-6
85.500003E-6	39.359976E-3	2.4199113E-3	38.875572E-3	2.0297230E-3	39.873265E-3	1.3329650E-3	40.344313E-3	1.0612854E-3
86.000007E-6	39.616112E-3	1.6883110E-3	38.210798E-3	2.4669536E-3	39.740223E-3	1.0755507E-3	40.245131E-3	1.2593778E-3
86.499997E-6	39.115220E-3	2.0601351E-3	38.944729E-3	2.3414285E-3	39.809845E-3	1.0125998E-3	40.112030E-3	1.1862974E-3
87.000000E-6	39.055757E-3	2.4198689E-3	38.974307E-3	2.0929282E-3	40.026769E-3	976.13659E-6	40.126435E-3	1.0167743E-3
87.500004E-6	38.070116E-3	2.8380989E-3	38.783610E-3	1.7808978E-3	40.081076E-3	1.1981133E-3	40.402420E-3	913.24892E-6
88.000008E-6	39.574079E-3	2.3184386E-3	39.225232E-3	1.7552733E-3	40.317450E-3	1.2650093E-3	40.584009E-3	1.0285545E-3
88.499997E-6	39.300144E-3	2.4929026E-3	38.839795E-3	2.1959813E-3	40.287714E-3	1.2687223E-3	40.826928E-3	1.0335112E-3
89.000001E-6	38.769964E-3	1.4708625E-3	38.786914E-3	1.9718937E-3	40.210590E-3	1.1577135E-3	40.806070E-3	1.1687512E-3
89.500005E-6	38.594693E-3	1.9378494E-3	39.174039E-3	1.8961568E-3	40.520616E-3	957.38150E-6	40.521786E-3	1.1285701E-3
90.000009E-6	38.996033E-3	1.9694390E-3	39.266318E-3	1.4056775E-3	40.332809E-3	944.99777E-6	40.424220E-3	956.80554E-6
90.499998E-6	38.874216E-3	2.1255156E-3	39.594144E-3	1.6407118E-3	40.363036E-3	1.1654121E-3	40.640809E-3	881.02836E-6
91.000002E-6	38.808625E-3	1.9399761E-3	38.591288E-3	2.3684925E-3	40.229641E-3	1.1702050E-3	40.576041E-3	1.0173366E-3
91.500006E-6	39.200157E-3	1.2338882E-3	39.156090E-3	2.5138853E-3	40.264931E-3	1.2661509E-3	40.531978E-3	1.2322188E-3
92.000009E-6	39.074745E-3	1.4408182E-3	39.225519E-3	2.3568480E-3	40.059499E-3	1.1683628E-3	40.263876E-3	1.3370859E-3
92.499999E-6	38.161613E-3	2.0566452E-3	39.694536E-3	1.2974261E-3	40.016271E-3	950.55229E-6	40.012483E-3	1.1661610E-3
93.000002E-6	37.672948E-3	1.9592654E-3	39.627567E-3	1.7340430E-3	40.231191E-3	980.68570E-6	39.896253E-3	976.50598E-6
93.500006E-6	39.592054E-3	1.7744558E-3	39.645381E-3	1.6806421E-3	40.291488E-3	1.0359173E-3	40.250722E-3	950.38506E-6
93.999995E-6	39.043240E-3	2.0056947E-3	38.640782E-3	2.1092989E-3	40.399246E-3	1.1300866E-3	40.306229E-3	1.0625512E-3
94.499999E-6	39.556906E-3	1.8594594E-3	39.432790E-3	1.7629787E-3	40.129308E-3	1.2263329E-3	40.235039E-3	1.1258402E-3
95.000003E-6	40.522590E-3	932.76816E-6	40.528595E-3	824.55453E-6	40.542126E-3	914.91733E-6	40.672779E-3	899.44847E-6
95.500007E-6	40.277198E-3	1.0770599E-3	40.485878E-3	854.70668E-6	40.421993E-3	860.35876E-6	40.687937E-3	911.55566E-6
95.999996E-6	40.094454E-3	1.1874537E-3	40.426139E-3	941.54646E-6	40.346663E-3	805.36475E-6	40.602453E-3	855.56839E-6
96.500000E-6	40.379751E-3	915.38567E-6	40.412202E-3	1.0136180E-3	40.211141E-3	771.01152E-6	40.522877E-3	775.12435E-6
97.000004E-6	40.364295E-3	830.36919E-6	40.490221E-3	982.22401E-6	40.198810E-3	824.71443E-6	40.424358E-3	802.53481E-6
97.500008E-6	40.291756E-3	876.72222E-6	40.558178E-3	912.21166E-6	40.257953E-3	904.79682E-6	40.322430E-3	849.80536E-6
97.999997E-6	40.410060E-3	937.58706E-6	40.507481E-3	797.87755E-6	40.353425E-3	918.91922E-6	40.260673E-3	910.18452E-6
98.500001E-6	40.447354E-3	1.0837282E-3	40.414620E-3	857.65182E-6	40.464941E-3	853.95400E-6	40.278938E-3	894.93504E-6
99.000004E-6	40.696975E-3	1.1082932E-3	40.207729E-3	967.20899E-6	40.547639E-3	800.89038E-6	40.349178E-3	832.61746E-6
99.500008E-6	40.662307E-3	1.0633006E-3	40.158156E-3	995.19000E-6	40.597644E-3	773.04099E-6	40.486734E-3	776.21749E-6
99.999997E-6	40.571049E-3	950.88640E-6	40.204685E-3	991.84609E-6	40.617116E-3	823.80883E-6	40.535703E-3	789.13762E-6
100.50000E-6	40.384553E-3	856.75076E-6	40.240515E-3	847.76868E-6	40.604915E-3	875.37582E-6	40.564060E-3	871.36880E-6
101.00001E-6	40.326860E-3	870.13148E-6	40.283676E-3	815.33665E-6	40.613409E-3	903.55473E-6	40.601254E-3	909.69756E-6
101.50001E-6	40.289387E-3	933.21223E-6	40.279370E-3	863.43737E-6	40.569741E-3	870.84586E-6	40.628437E-3	886.32025E-6
102.00000E-6	40.209927E-3	1.0531197E-3	40.210068E-3	1.0001222E-3	40.609147E-3	799.16883E-6	40.655654E-3	856.42305E-6
102.50000E-6	40.326331E-3	1.0270062E-3	40.407140E-3	1.0452237E-3	40.709130E-3	797.35951E-6	40.742449E-3	775.81441E-6
103.00001E-6	40.337164E-3	950.61678E-6	40.482011E-3	1.0383765E-3	40.812798E-3	818.79436E-6	40.739458E-3	798.28483E-6
103.50000E-6	40.203262E-3	925.82160E-6	40.511899E-3	882.07930E-6	40.940050E-3	878.83422E-6	40.720209E-3	843.41195E-6
104.00000E-6	40.008489E-3	848.45599E-6	40.523387E-3	824.00331E-6	41.077092E-3	928.96039E-6	40.756602E-3	914.01476E-6
104.50000E-6	39.945748E-3	901.85535E-6	40.342759E-3	857.14110E-6	41.096866E-3	867.81807E-6	40.803574E-3	891.53642E-6
105.00001E-6	40.061120E-3	1.0271484E-3	40.331490E-3	1.0156009E-3	41.005310E-3	804.52545E-6	40.900134E-3	817.77462E-6
105.50000E-6	40.290620E-3	1.0099101E-3	40.625278E-3	955.75175E-6	40.869378E-3	775.69811E-6	41.049141E-3	784.05341E-6
106.00000E-6	40.297750E-3	1.0729576E-3	40.547770E-3	1.0913080E-3	40.794306E-3	802.54488E-6	41.193895E-3	779.26769E-6
106.50000E-6	40.418196E-3	916.22613E-6	40.714119E-3	886.05279E-6	40.730391E-3	882.53175E-6	41.243762E-3	865.95304E-6
107.00001E-6	40.479079E-3	951.07104E-6	40.750295E-3	866.12196E-6	40.677376E-3	903.18936E-6	41.253798E-3	904.80805E-6
107.50000E-6	40.264882E-3	876.56261E-6	40.759470E-3	862.76879E-6	40.686794E-3	885.76251E-6	41.158736E-3	898.23088E-6
108.00000E-6	40.197507E-3	987.38680E-6	40.653046E-3	1.0075008E-3	40.741034E-3	835.86440E-6	41.047204E-3	843.07144E-6
108.50000E-6	40.233877E-3	1.1470031E-3	40.801097E-3	1.0373225E-3	40.740840E-3	777.42594E-6	40.928628E-3	787.27026E-6
109.00001E-6	40.504117E-3	1.1346701E-3	40.826377E-3	995.05764E-6	40.708024E-3	806.94474E-6	40.877655E-3	808.53864E-6
109.50000E-6	40.717416E-3	1.1788760E-3	40.737659E-3	844.28873E-6	40.672347E-3	866.40596E-6	40.827826E-3	875.85323E-6
110.00000E-6	40.810388E-3	951.60212E-6	40.764570E-3	833.15151E-6	40.612083E-3	909.12823E-6	40.765159E-3	931.97852E-6
110.50000E-6	40.799450E-3	846.27810E-6	40.695261E-3	858.93855E-6	40.498070E-3	879.73534E-6	40.737309E-3	889.24653E-6
111.00001E-6	40.405151E-3	923.81117E-6	40.719297E-3	914.63194E-6	40.340859E-3	811.80339E-6	40.729471E-3	822.05643E-6
111.50000E-6	40.365055E-3	1.0166954E-3	40.513374E-3	1.0641604E-3	40.195074E-3	791.77046E-6	40.740345E-3	773.86847E-6
112.00000E-6	40.359028E-3	1.0591960E-3	40.713474E-3	987.07748E-6	40.150400E-3	805.45165E-6	40.743239E-3	831.02734E-6
112.50001E-6	40.343512E-3	1.1245057E-3	40.685982E-3	934.09803E-6	40.218420E-3	871.83458E-6	40.742464E-3	893.27869E-6
113.00001E-6	40.447388E-3	984.50982E-6	40.588040E-3	804.68593E-6	40.344536E-3	915.05062E-6	40.709082E-3	913.25515E-6
113.50000E-6	40.243290E-3	916.54755E-6	40.602598E-3	859.17895E-6	40.460810E-3	865.00356E-6	40.686935E-3	846.98747E-6
114.00000E-6	40.606227E-3	811.77749E-6	40.794004E-3	870.61746E-6	40.662128E-3	801.42479E-6	40.745392E-3	778.99307E-6
114.50001E-6	40.549900E-3	855.36583E-6	40.758517E-3	893.34813E-6	40.683933E-3	774.37999E-6	40.631529E-3	745.43373E-6
115.00000E-6	40.441655E-3	894.09837E-6	40.704057E-3	853.95580E-6	40.708695E-3	782.10811E-6	40.622395E-3	811.75769E-6
115.50000E-6	40.301390E-3	898.38816E-6	40.608037E-3	785.59102E-6	40.713083E-3	841.85624E-6	40.538236E-3	886.87125E-6
116.00000E-6	40.261153E-3	836.55206E-6	40.567528E-3	764.43341E-6	40.677827E-3	894.91915E-6	40.478665E-3	892.65109E-6
116.50001E-6	40.406670E-3	780.48534E-6	40.506341E-3	822.91994E-6	40.621668E-3	875.18001E-6	40.370710E-3	821.71487E-6
117.00000E-6	40.551782E-3	791.47459E-6	40.502191E-3	868.12570E-6	40.633149E-3	823.89347E-6	40.365264E-3	758.39582E-6
117.50000E-6	40.653273E-3	838.96029E-6	40.544275E-3	899.30656E-6	40.678155E-3	764.63068E-6	40.364776E-3	761.74637E-6
118.00000E-6	40.725768E-3	890.33891E-6	40.670361E-3	860.56325E-6	40.794019E-3	784.73147E-6	40.386733E-3	856.23603E-6
118.50001E-6	40.728375E-3	893.62118E-6	40.762376E-3	781.67504E-6	40.922757E-3	842.21503E-6	40.396687E-3	891.72821E-6
119.00000E-6	40.725552E-3	868.32448E-6	40.830016E-3	785.09143E-6	41.029733E-3	917.20524E-6	40.420368E-3	863.85378E-6
119.50000E-6	40.753826E-3	774.78378E-6	40.953420E-3	805.42837E-6	41.106075E-3	881.66713E-6	40.517855E-3	810.94442E-6
120.00000E-6	40.737856E-3	772.85303E-6	40.937588E-3	883.40469E-6	41.100584E-3	831.29079E-6	40.557005E-3	745.06371E-6
120.50001E-6	40.833287E-3	803.13999E-6	40.905040E-3	910.53086E-6	41.044842E-3	760.32459E-6	40.634662E-3	785.86792E-6
121.00000E-6	40.954746E-3	869.64248E-6	40.982120E-3	862.45587E-6	40.927250E-3	766.98716E-6	40.670525E-3	876.20184E-6
121.50000E-6	40.997159E-3	906.27820E-6	40.978000E-3	773.73290E-6	40.828355E-3	817.37660E-6	40.688697E-3	905.29450E-6
122.00000E-6	41.012000E-3	899.85109E-6	40.966853E-3	787.69022E-6	40.875729E-3	891.07023E-6	40.683001E-3	855.34697E-6
122.50000E-6	40.879797E-3	832.10540E-6	40.959924E-3	811.40368E-6	40.809631E-3	889.10089E-6	40.742699E-3	788.32079E-6
123.00001E-6	40.759884E-3	792.86651E-6	40.962048E-3	892.73526E-6	40.759850E-3	818.21135E-6	40.675726E-3	772.06595E-6
123.50001E-6	40.618595E-3	798.77547E-6	41.051053E-3	898.79957E-6	40.764235E-3	748.61734E-6	40.695883E-3	807.78333E-6
124.00001E-6	40.626962E-3	867.32180E-6	41.122559E-3	864.78284E-6	40.797520E-3	770.41180E-6	40.708862E-3	883.25341E-6
124.49999E-6	40.610973E-3	900.89889E-6	41.253414E-3	788.03074E-6	40.813927E-3	806.81470E-6	40.648967E-3	890.41988E-6
124.99999E-6	40.618505E-3	897.94991E-6	41.298676E-3	754.23170E-6	40.765598E-3	879.22055E-6	40.734887E-3	822.00428E-6
125.50000E-6	40.560987E-3	850.69542E-6	41.332826E-3	836.68972E-6	40.653788E-3	886.06821E-6	40.768780E-3	750.33284E-6
126.00000E-6	40.559396E-3	797.70765E-6	41.200239E-3	888.83901E-6	40.536568E-3	838.98782E-6	40.830567E-3	765.80874E-6
126.50000E-6	40.491655E-3	768.49386E-6	41.099727E-3	900.41704E-6	40.399823E-3	763.55622E-6	40.911008E-3	834.51479E-6
127.00001E-6	40.339790E-3	828.80858E-6	40.986780E-3	840.66164E-6	40.277854E-3	752.81196E-6	41.042186E-3	897.72936E-6
127.50001E-6	40.214848E-3	875.03647E-6	40.916428E-3	779.60384E-6	40.266126E-3	825.35355E-6	41.148912E-3	877.97997E-6
128.00001E-6	40.255118E-3	912.15759E-6	40.893748E-3	759.71289E-6	40.368356E-3	871.52538E-6	41.188437E-3	799.68112E-6
128.49999E-6	40.408343E-3	879.75746E-6	40.856194E-3	812.29093E-6	40.459160E-3	877.50028E-6	41.187983E-3	765.75804E-6
128.99999E-6	40.556159E-3	817.57974E-6	40.800750E-3	874.95957E-6	40.545411E-3	833.48871E-6	41.165773E-3	761.88718E-6
129.50000E-6	40.661830E-3	771.13142E-6	40.808585E-3	897.84421E-6	40.626697E-3	763.90262E-6	41.031029E-3	855.30523E-6
130.00000E-6	40.684376E-3	781.81259E-6	40.870585E-3	835.03802E-6	40.655080E-3	755.09219E-6	40.961657E-3	908.44434E-6
130.50000E-6	40.683862E-3	862.20464E-6	40.831994E-3	800.63910E-6	40.597785E-3	792.94207E-6	40.868018E-3	862.68352E-6
131.00001E-6	40.640119E-3	913.75050E-6	40.819995E-3	768.43135E-6	40.565308E-3	887.32084E-6	40.895477E-3	810.83900E-6
131.50001E-6	40.775061E-3	891.94666E-6	40.864427E-3	842.04512E-6	40.555932E-3	878.79202E-6	40.903945E-3	756.91380E-6
132.00002E-6	40.764309E-3	845.17826E-6	40.790990E-3	881.31567E-6	40.625602E-3	835.57155E-6	40.915426E-3	775.93129E-6
132.49999E-6	40.864404E-3	774.60770E-6	40.711332E-3	909.85541E-6	40.675901E-3	772.11467E-6	40.884256E-3	837.55952E-6
132.99999E-6	41.071754E-3	755.77211E-6	40.661409E-3	840.44179E-6	40.832076E-3	738.91197E-6	40.909190E-3	885.26832E-6
133.50000E-6	41.181311E-3	793.95180E-6	40.539462E-3	756.12770E-6	40.973220E-3	797.60759E-6	40.860113E-3	853.70499E-6
134.00000E-6	41.163865E-3	852.66557E-6	40.533986E-3	775.19898E-6	41.073892E-3	858.60479E-6	40.824506E-3	801.49469E-6
134.50001E-6	40.984612E-3	894.77247E-6	40.659823E-3	823.62653E-6	41.200899E-3	909.04103E-6	40.774416E-3	767.02435E-6
135.00001E-6	40.935911E-3	848.80972E-6	40.749904E-3	866.82831E-6	41.199364E-3	861.10167E-6	40.727891E-3	772.79424E-6
135.50001E-6	40.741298E-3	778.46978E-6	40.836904E-3	873.24437E-6	41.144900E-3	766.73314E-6	40.613640E-3	839.05691E-6
135.99999E-6	40.701132E-3	724.37612E-6	40.965844E-3	809.93684E-6	41.022200E-3	740.31984E-6	40.529538E-3	886.91898E-6
136.49999E-6	40.618330E-3	779.61356E-6	41.020632E-3	777.88648E-6	40.846165E-3	783.75184E-6	40.421542E-3	886.02735E-6
137.00000E-6	40.627800E-3	837.86866E-6	41.008897E-3	743.17731E-6	40.826190E-3	865.65246E-6	40.394362E-3	797.29507E-6
137.50000E-6	40.627837E-3	899.65807E-6	41.028108E-3	821.89043E-6	40.762428E-3	879.93289E-6	40.404506E-3	751.83989E-6
138.00000E-6	40.644661E-3	864.81188E-6	41.020382E-3	913.47966E-6	40.842533E-3	830.79940E-6	40.470384E-3	780.61735E-6
138.50001E-6	40.593386E-3	791.30928E-6	40.955067E-3	884.67670E-6	40.815834E-3	782.53774E-6	40.567700E-3	849.29285E-6
139.00001E-6	40.483221E-3	750.22399E-6	41.017435E-3	829.93781E-6	40.839665E-3	735.36125E-6	40.638428E-3	889.56294E-6
139.50001E-6	40.420197E-3	768.55911E-6	41.039709E-3	765.86445E-6	40.801570E-3	779.43807E-6	40.662084E-3	857.32876E-6
139.99999E-6	40.373743E-3	818.19511E-6	40.805042E-3	758.50158E-6	40.784579E-3	871.57963E-6	40.656999E-3	792.69568E-6
140.49999E-6	40.421586E-3	899.63444E-6	40.888086E-3	841.47236E-6	40.703163E-3	878.23841E-6	40.705953E-3	752.60538E-6
141.00000E-6	40.573545E-3	878.34138E-6	40.983014E-3	882.09793E-6	40.648609E-3	856.54506E-6	40.732279E-3	771.24865E-6
141.50000E-6	40.651392E-3	809.66763E-6	41.059416E-3	863.28725E-6	40.502988E-3	775.29741E-6	40.759470E-3	865.97179E-6
142.00000E-6	40.712651E-3	749.00629E-6	41.156828E-3	791.72052E-6	40.427014E-3	732.19475E-6	40.834699E-3	880.38261E-6
142.50001E-6	40.761072E-3	763.51123E-6	41.204698E-3	732.94656E-6	40.338077E-3	815.65313E-6	40.891945E-3	860.56226E-6
143.00001E-6	40.779762E-3	785.31646E-6	41.164126E-3	770.63392E-6	40.325560E-3	873.71003E-6	40.851668E-3	781.55578E-6
143.50002E-6	40.816404E-3	865.00507E-6	41.098665E-3	835.55072E-6	40.391281E-3	897.28093E-6	40.890500E-3	743.91876E-6
143.99999E-6	40.887859E-3	896.13564E-6	40.994141E-3	888.55921E-6	40.313967E-3	856.38172E-6	40.974751E-3	773.53482E-6
144.49999E-6	40.865563E-3	852.03379E-6	40.878080E-3	851.99514E-6	40.424883E-3	778.85290E-6	41.015420E-3	849.71928E-6
145.00000E-6	40.983245E-3	786.65820E-6	40.851794E-3	812.23150E-6	40.501446E-3	748.30727E-6	41.027572E-3	900.12263E-6
145.50000E-6	41.104604E-3	750.37323E-6	40.837578E-3	753.97873E-6	40.663373E-3	805.66684E-6	41.054171E-3	830.99911E-6
146.00001E-6	41.159913E-3	768.57017E-6	40.785018E-3	771.02793E-6	40.661700E-3	868.69253E-6	41.104034E-3	797.52289E-6
146.49998E-6	41.089237E-3	840.10046E-6	40.814195E-3	876.70074E-6	40.625330E-3	888.45467E-6	41.011564E-3	736.80555E-6
146.99998E-6	40.977385E-3	896.45019E-6	40.768396E-3	883.28804E-6	40.671684E-3	837.83682E-6	40.971659E-3	794.29615E-6
147.49999E-6	40.850215E-3	868.86465E-6	40.736347E-3	863.96583E-6	40.642779E-3	785.46064E-6	40.867928E-3	858.58803E-6
147.99999E-6	40.745541E-3	810.50571E-6	40.718380E-3	795.65839E-6	40.671106E-3	730.96732E-6	40.798500E-3	887.19674E-6
148.50000E-6	40.740494E-3	757.40943E-6	40.664524E-3	735.14017E-6	40.732928E-3	800.68869E-6	40.717535E-3	851.47680E-6
149.00000E-6	40.705711E-3	774.36393E-6	40.668804E-3	785.34777E-6	40.793154E-3	859.47185E-6	40.710479E-3	771.90279E-6
149.50000E-6	40.741827E-3	801.55185E-6	40.689208E-3	863.04883E-6	40.877730E-3	888.77667E-6	40.687799E-3	748.35733E-6
150.00001E-6	40.697176E-3	874.07022E-6	40.634494E-3	870.20372E-6	41.025124E-3	858.38407E-6	40.663913E-3	786.33928E-6
150.49998E-6	40.674187E-3	896.89356E-6	40.532835E-3	865.58261E-6	41.114841E-3	784.76936E-6	40.784985E-3	866.91749E-6
150.99999E-6	40.614173E-3	849.61834E-6	40.466204E-3	793.34428E-6	41.155405E-3	754.47280E-6	40.802129E-3	893.63114E-6
151.49999E-6	40.451605E-3	766.51259E-6	40.407628E-3	741.51554E-6	41.158002E-3	788.83814E-6	40.857546E-3	832.02415E-6
151.99999E-6	40.271558E-3	749.22934E-6	40.395398E-3	778.90273E-6	41.023169E-3	872.80944E-6	40.749185E-3	786.01111E-6
152.50000E-6	40.267352E-3	802.33224E-6	40.385228E-3	881.99857E-6	40.933233E-3	908.44103E-6	40.719055E-3	751.66958E-6
153.00000E-6	40.416047E-3	890.31522E-6	40.532939E-3	907.65918E-6	40.917348E-3	867.99392E-6	40.688522E-3	833.99378E-6
153.50000E-6	40.553685E-3	882.25643E-6	40.530909E-3	861.21546E-6	40.837526E-3	791.39281E-6	40.554158E-3	902.46077E-6
154.00001E-6	40.719513E-3	873.20886E-6	40.607274E-3	770.91478E-6	40.836576E-3	754.35051E-6	40.462479E-3	911.86672E-6
154.49998E-6	40.795092E-3	806.56062E-6	40.691789E-3	748.24860E-6	40.865649E-3	801.16704E-6	40.354434E-3	822.95295E-6
154.99999E-6	40.812545E-3	741.19156E-6	40.694285E-3	808.28555E-6	40.985219E-3	857.48616E-6	40.314347E-3	748.89022E-6
155.49999E-6	40.742926E-3	803.74692E-6	40.745113E-3	886.46245E-6	41.145343E-3	902.59500E-6	40.279388E-3	776.25259E-6
155.99999E-6	40.741008E-3	844.20241E-6	40.759191E-3	887.87545E-6	41.127760E-3	866.79665E-6	40.256709E-3	848.67247E-6
156.50000E-6	40.738445E-3	896.47277E-6	40.781770E-3	851.93070E-6	41.064709E-3	791.35835E-6	40.305089E-3	921.78071E-6
157.00000E-6	40.798612E-3	878.81152E-6	40.766146E-3	769.59317E-6	40.991724E-3	767.52529E-6	40.447026E-3	899.85441E-6
157.50001E-6	40.857017E-3	803.41048E-6	40.753737E-3	748.60931E-6	40.902879E-3	803.32637E-6	40.497620E-3	796.72917E-6
157.99998E-6	41.012578E-3	769.71861E-6	40.766973E-3	811.37154E-6	40.844601E-3	868.84061E-6	40.584631E-3	760.60707E-6
158.49998E-6	41.144423E-3	753.07686E-6	40.805284E-3	907.34957E-6	40.733431E-3	922.05190E-6	40.637627E-3	796.14262E-6
158.99999E-6	41.102875E-3	816.76565E-6	40.873479E-3	921.88409E-6	40.676646E-3	876.10161E-6	40.661599E-3	843.44205E-6
159.49999E-6	40.959716E-3	883.74846E-6	40.962376E-3	833.99488E-6	40.627968E-3	802.05139E-6	40.617835E-3	890.10410E-6
160.00000E-6	40.817395E-3	893.49039E-6	41.061155E-3	780.99349E-6	40.561363E-3	754.50423E-6	40.607933E-3	867.82651E-6
160.50000E-6	40.734112E-3	828.87366E-6	41.122418E-3	761.04130E-6	40.646538E-3	796.19489E-6	40.641952E-3	802.45803E-6
161.00000E-6	40.700782E-3	780.98103E-6	41.015476E-3	812.58541E-6	40.659100E-3	848.30675E-6	40.652003E-3	752.50509E-6
161.50001E-6	40.618751E-3	748.03625E-6	40.908165E-3	878.47112E-6	40.626708E-3	903.34233E-6	40.687084E-3	800.29311E-6
161.99998E-6	40.630002E-3	787.84634E-6	40.813815E-3	905.35916E-6	40.627681E-3	870.71850E-6	40.722284E-3	879.35792E-6
162.49999E-6	40.664308E-3	852.75027E-6	40.702723E-3	843.82913E-6	40.634859E-3	802.41531E-6	40.746726E-3	913.84398E-6
162.99999E-6	40.621612E-3	890.81866E-6	40.681422E-3	764.31740E-6	40.624309E-3	755.02321E-6	40.759284E-3	874.89001E-6
163.49999E-6	40.611818E-3	872.06863E-6	40.671457E-3	743.88471E-6	40.699922E-3	787.69441E-6	40.802345E-3	789.52766E-6
164.00000E-6	40.498648E-3	802.31938E-6	40.636331E-3	787.77527E-6	40.718824E-3	866.52773E-6	40.872015E-3	780.68709E-6
164.50000E-6	40.387131E-3	748.96478E-6	40.632673E-3	861.39375E-6	40.806171E-3	903.33255E-6	40.922578E-3	826.16141E-6
165.00000E-6	40.348317E-3	782.54828E-6	40.631719E-3	897.75113E-6	40.896140E-3	881.19146E-6	41.036502E-3	896.67592E-6
165.50001E-6	40.447038E-3	858.31445E-6	40.669192E-3	862.14632E-6	41.006323E-3	822.22535E-6	41.121997E-3	891.17355E-6
165.99998E-6	40.603895E-3	896.76620E-6	40.642388E-3	768.46749E-6	41.107528E-3	765.93837E-6	41.157506E-3	831.19649E-6
166.49999E-6	40.687472E-3	887.69005E-6	40.594291E-3	754.73910E-6	41.131757E-3	767.29618E-6	41.106801E-3	766.00502E-6
166.99999E-6	40.709395E-3	819.08546E-6	40.446863E-3	789.06037E-6	41.036271E-3	864.50047E-6	41.047379E-3	777.26587E-6
167.49999E-6	40.711284E-3	754.80063E-6	40.343333E-3	856.64488E-6	40.955398E-3	909.21705E-6	40.937312E-3	810.84727E-6
168.00000E-6	40.715724E-3	761.13595E-6	40.366940E-3	918.17114E-6	40.858902E-3	898.91226E-6	40.931828E-3	888.59769E-6
168.50000E-6	40.785912E-3	820.52994E-6	40.451977E-3	843.49973E-6	40.856600E-3	825.38318E-6	40.866803E-3	907.23066E-6
169.00001E-6	40.802080E-3	895.79890E-6	40.584061E-3	798.31993E-6	40.804297E-3	760.36062E-6	40.847428E-3	847.26565E-6
169.49998E-6	40.868510E-3	913.43705E-6	40.669385E-3	751.46236E-6	40.805638E-3	790.02493E-6	40.775973E-3	773.34885E-6
169.99998E-6	40.947556E-3	843.79828E-6	40.749919E-3	775.40602E-6	40.800497E-3	836.10311E-6	40.771101E-3	749.54407E-6
170.49999E-6	41.106481E-3	760.62203E-6	40.754024E-3	846.59143E-6	40.798429E-3	910.28673E-6	40.766776E-3	833.75716E-6
170.99999E-6	41.112062E-3	742.20105E-6	40.809531E-3	887.80181E-6	40.797710E-3	892.64062E-6	40.844738E-3	924.73289E-6
171.50000E-6	40.852264E-3	833.31647E-6	40.665817E-3	908.46169E-6	40.503077E-3	1.1448768E-3	40.654551E-3	1.1730185E-3
172.00000E-6	40.674999E-3	883.77285E-6	40.725425E-3	823.16325E-6	40.346403E-3	1.0202542E-3	40.498901E-3	1.1147285E-3
172.50000E-6	40.588409E-3	935.88303E-6	40.570289E-3	771.44604E-6	40.114369E-3	969.00150E-6	40.479135E-3	911.24867E-6
173.00001E-6	40.369913E-3	905.18541E-6	40.584181E-3	821.37878E-6	40.037461E-3	949.13779E-6	40.116321E-3	945.71180E-6
173.49998E-6	40.493552E-3	825.65850E-6	40.663727E-3	884.51663E-6	40.088687E-3	950.39920E-6	40.218174E-3	922.73590E-6
173.99999E-6	40.519949E-3	809.84476E-6	40.746748E-3	919.76818E-6	40.204190E-3	1.0505208E-3	40.188149E-3	1.0674405E-3
174.49999E-6	40.402036E-3	877.86128E-6	40.810354E-3	932.93336E-6	40.208772E-3	1.0144669E-3	40.255126E-3	1.2059523E-3
174.99999E-6	40.512860E-3	936.39636E-6	40.818941E-3	856.90897E-6	40.164508E-3	914.56738E-6	40.001571E-3	1.1778432E-3
175.50000E-6	40.448185E-3	937.88985E-6	40.877603E-3	789.19122E-6	40.294420E-3	871.13841E-6	39.939489E-3	988.63966E-6
176.00000E-6	40.320475E-3	933.12463E-6	40.793631E-3	793.49306E-6	40.194258E-3	879.39779E-6	39.948981E-3	948.10518E-6
176.50001E-6	40.192340E-3	881.76469E-6	40.690232E-3	855.65716E-6	40.104844E-3	949.20240E-6	39.990909E-3	948.27212E-6
177.00001E-6	39.858986E-3	855.64045E-6	40.626954E-3	928.81283E-6	40.096361E-3	1.1095138E-3	40.176045E-3	963.52102E-6
177.49998E-6	40.100720E-3	921.34642E-6	40.449090E-3	929.99055E-6	40.234491E-3	1.0984826E-3	40.322814E-3	1.2370796E-3
177.99999E-6	40.377006E-3	841.53231E-6	40.507857E-3	858.30223E-6	40.135130E-3	1.1248827E-3	40.411405E-3	917.16240E-6
178.49999E-6	40.533517E-3	928.93885E-6	40.473308E-3	804.03395E-6	40.186498E-3	936.66982E-6	40.310130E-3	943.35934E-6
179.00000E-6	40.637184E-3	931.85331E-6	40.534656E-3	776.84509E-6	40.078368E-3	923.09574E-6	40.010713E-3	953.82892E-6
179.50000E-6	40.667184E-3	895.65787E-6	40.562887E-3	857.26299E-6	40.434979E-3	945.80272E-6	40.243536E-3	945.07897E-6
180.00000E-6	40.534668E-3	854.30947E-6	40.515497E-3	909.62125E-6	40.689778E-3	941.01892E-6	40.264945E-3	1.0286170E-3
180.50001E-6	40.472168E-3	880.03982E-6	40.450830E-3	970.61862E-6	40.837362E-3	975.67041E-6	40.251005E-3	1.0962173E-3
180.99998E-6	40.604740E-3	816.22839E-6	40.228818E-3	858.94816E-6	40.788740E-3	1.0011547E-3	40.226854E-3	1.0809612E-3
181.49999E-6	40.576380E-3	984.61937E-6	40.184148E-3	828.48174E-6	40.638994E-3	985.19109E-6	40.383838E-3	915.91501E-6
181.99999E-6	40.683806E-3	940.99919E-6	40.139828E-3	816.06692E-6	40.556282E-3	900.56221E-6	40.337224E-3	887.32073E-6
182.49999E-6	40.803984E-3	922.28409E-6	40.292133E-3	844.93437E-6	40.622916E-3	903.75007E-6	40.480778E-3	907.59876E-6
183.00000E-6	40.772051E-3	871.43626E-6	40.400464E-3	988.11800E-6	40.594004E-3	1.1130993E-3	40.792037E-3	1.0517450E-3
183.50000E-6	40.847640E-3	782.90590E-6	40.536322E-3	953.41215E-6	40.572383E-3	927.69606E-6	40.863138E-3	1.0619354E-3
184.00000E-6	40.664062E-3	841.01420E-6	40.464967E-3	894.42125E-6	40.599301E-3	833.81176E-6	40.697027E-3	914.22989E-6
184.50001E-6	40.588420E-3	897.48565E-6	40.467810E-3	842.06241E-6	40.523030E-3	862.23660E-6	40.545058E-3	968.06115E-6
184.99998E-6	40.544678E-3	892.23782E-6	40.673591E-3	779.52747E-6	40.268727E-3	943.76050E-6	40.561207E-3	900.43526E-6
185.49999E-6	40.493470E-3	961.14818E-6	40.558413E-3	944.85859E-6	40.493958E-3	890.59956E-6	40.570810E-3	934.50880E-6
185.99999E-6	40.472593E-3	889.12097E-6	40.716406E-3	951.25649E-6	40.550403E-3	965.11317E-6	40.841281E-3	918.95385E-6
186.49999E-6	40.459007E-3	806.97349E-6	40.725287E-3	986.92230E-6	40.405575E-3	1.0530027E-3	40.656134E-3	1.1124210E-3
187.00000E-6	40.424153E-3	784.64387E-6	40.842250E-3	902.10402E-6	40.276393E-3	855.67747E-6	40.563606E-3	916.07677E-6
187.50000E-6	40.350910E-3	809.13876E-6	40.667310E-3	934.81987E-6	40.122475E-3	872.12067E-6	40.614285E-3	854.75610E-6
188.00001E-6	40.280212E-3	953.00749E-6	40.751029E-3	918.16444E-6	39.778102E-3	959.10166E-6	40.589053E-3	856.91910E-6
188.49998E-6	40.167216E-3	938.52985E-6	40.698130E-3	1.0695909E-3	40.062495E-3	901.69813E-6	40.617533E-3	945.77286E-6
188.99998E-6	39.995492E-3	910.44739E-6	40.907647E-3	908.84557E-6	40.165074E-3	947.36507E-6	40.648647E-3	956.95845E-6
189.49999E-6	40.126625E-3	857.46404E-6	40.769804E-3	1.0966320E-3	40.411886E-3	1.0971461E-3	40.460072E-3	1.3211638E-3
189.99999E-6	40.308625E-3	798.87820E-6	40.609848E-3	920.22028E-6	40.374286E-3	1.1928632E-3	40.458698E-3	1.0618211E-3
190.50000E-6	39.292160E-3	1.6063518E-3	39.213099E-3	1.2890280E-3	38.326606E-3	1.7393433E-3	39.185029E-3	1.8244339E-3
191.00000E-6	39.707016E-3	1.8405395E-3	38.979828E-3	1.5370185E-3	39.033454E-3	2.0676595E-3	38.632266E-3	2.7069428E-3
191.50000E-6	39.167281E-3	2.5406915E-3	38.583543E-3	1.7653354E-3	39.002448E-3	1.1742212E-3	37.600163E-3	2.6908666E-3
192.00001E-6	39.468735E-3	2.0950087E-3	38.067993E-3	1.9757457E-3	38.832698E-3	2.2268139E-3	38.653918E-3	1.8241233E-3
192.49998E-6	39.487183E-3	1.3308836E-3	37.874948E-3	2.6679381E-3	38.823072E-3	2.2544642E-3	37.243918E-3	2.3502330E-3
192.99999E-6	39.462905E-3	1.2675184E-3	38.262878E-3	3.0572116E-3	38.710553E-3	2.3789136E-3	38.644709E-3	1.6489082E-3
193.49999E-6	39.187465E-3	1.4925284E-3	37.494309E-3	3.2881338E-3	39.535698E-3	1.6982326E-3	38.767401E-3	2.0238201E-3
193.99999E-6	39.929289E-3	1.7650211E-3	38.723975E-3	2.2666282E-3	39.112009E-3	1.4143733E-3	38.906932E-3	2.3863981E-3
194.50000E-6	40.049948E-3	1.8312875E-3	39.152369E-3	1.9732828E-3	39.528720E-3	1.6803588E-3	39.100543E-3	2.1310155E-3
195.00000E-6	40.443830E-3	1.6310170E-3	38.206298E-3	2.0139031E-3	39.843742E-3	1.4723133E-3	37.924089E-3	2.6108401E-3
195.50000E-6	39.854504E-3	1.1286029E-3	38.578995E-3	2.4380221E-3	38.644735E-3	2.6425226E-3	38.594261E-3	2.1411008E-3
196.00001E-6	39.388470E-3	1.2065945E-3	38.846016E-3	2.3470002E-3	39.178237E-3	2.3041777E-3	38.694512E-3	1.6125328E-3
196.49998E-6	39.184347E-3	1.3342650E-3	39.366800E-3	2.1655199E-3	39.084360E-3	1.8915946E-3	39.118685E-3	1.2767439E-3
196.99999E-6	39.340697E-3	1.6352409E-3	39.162938E-3	2.5046463E-3	39.119918E-3	1.5335960E-3	39.605930E-3	2.2909595E-3
197.49999E-6	39.473161E-3	1.7435526E-3	38.765155E-3	2.0253514E-3	39.369311E-3	2.1858006E-3	38.875557E-3	2.6134811E-3
197.99999E-6	38.250294E-3	2.2936848E-3	38.266551E-3	1.7702346E-3	39.450843E-3	1.3707769E-3	39.287996E-3	2.4157336E-3
198.50000E-6	38.188379E-3	2.9333560E-3	39.010979E-3	2.0994858E-3	39.393049E-3	1.8958980E-3	38.711224E-3	2.4028851E-3
199.00000E-6	39.317168E-3	1.2035279E-3	39.218429E-3	2.4142757E-3	38.960241E-3	2.4096046E-3	38.645279E-3	1.7097867E-3
199.50001E-6	38.757354E-3	1.8194272E-3	38.548272E-3	3.0331758E-3	38.802668E-3	2.0339787E-3	39.533589E-3	1.2864096E-3
199.99998E-6	38.600359E-3	1.8056253E-3	39.852787E-3	1.4935359E-3	38.486209E-3	1.8585020E-3	39.683748E-3	1.4887018E-3
