Experiment	Sweeper	
Saved Date	30.06.2023 22:14:41	
User		
Date		
Start time	30.06.2023 22:02:36	
Sweep channel: Name	Output 2 (V)	
Sweep channel: Start (V)	-200E-6	
Sweep channel: Stop (V)	1E-3	
Sweep channel: Points	601	
Sweep channel: Max slew rate (V/s)	Inf	
Sweep channel: Initial settling time (s)	20E+3	
Sweep channel: End settling time (s)	2E+0	
Sweep channel: Backward sweep	TRUE	
Sweep channel: Number of sweeps	2	
Sweep channel: Reset	FALSE	
Step channel 1: Name	Output 3 (V)	
Step channel 1: Start (V)	50E-3	
Step channel 1: Stop (V)	50E-3	
Step channel 1: Points	2	
Step channel 1: Max slew rate (V/s)	10E+0	
Step channel 1:  Initial settling time (s)	2E+0	
Step channel 1: End settling time (s)	2E+0	
Step channel 1: Backward sweep	FALSE	
Step channel 1: Reset	FALSE	
Sweep Type	2D-Both RT	
Acquire channels	Input 1 (V);LI Demod 3 X (V)	
Filter type	None	
Order		
Cutoff frq		

[DATA]
Output 2 Setp. (V)	Input 1 [00001] (V)	LI Demod 3 X [00001] (V)	Input 1 [00002] (V)	LI Demod 3 X [00002] (V)	Input 1 [00001] [bwd] (V)	LI Demod 3 X [00001] [bwd] (V)	Input 1 [00002] [bwd] (V)	LI Demod 3 X [00002] [bwd] (V)
-199.99999E-6	40.305752E-3	901.68871E-6	40.612940E-3	764.73894E-6	40.605064E-3	755.75785E-6	40.655639E-3	854.54836E-6
-197.99999E-6	40.317219E-3	843.10799E-6	40.619463E-3	852.28059E-6	40.596861E-3	777.11302E-6	40.625967E-3	888.66783E-6
-195.99999E-6	40.339984E-3	779.65378E-6	40.672693E-3	879.56304E-6	40.608265E-3	857.46736E-6	40.680077E-3	859.01836E-6
-193.99999E-6	40.309008E-3	740.91816E-6	40.709034E-3	851.99077E-6	40.561285E-3	915.34317E-6	40.670849E-3	747.09888E-6
-191.99999E-6	40.307302E-3	818.43312E-6	40.787872E-3	791.02028E-6	40.512048E-3	864.57323E-6	40.692586E-3	769.79946E-6
-189.99999E-6	40.369801E-3	875.20853E-6	40.970717E-3	744.21935E-6	40.400635E-3	783.82710E-6	40.684447E-3	856.32881E-6
-187.99999E-6	40.296093E-3	888.91492E-6	41.042469E-3	786.97712E-6	40.367249E-3	731.29463E-6	40.729783E-3	898.02599E-6
-185.99999E-6	40.184215E-3	817.79668E-6	41.042577E-3	864.66246E-6	40.264901E-3	804.67481E-6	40.714495E-3	846.03962E-6
-183.99999E-6	40.103514E-3	754.78794E-6	41.011877E-3	875.74078E-6	40.217340E-3	862.66751E-6	40.681031E-3	746.75836E-6
-181.99999E-6	39.936364E-3	779.16536E-6	40.946919E-3	819.49233E-6	40.184993E-3	897.37389E-6	40.650204E-3	783.29671E-6
-180.00000E-6	40.048029E-3	830.20073E-6	40.861119E-3	758.77772E-6	40.150851E-3	832.72374E-6	40.643394E-3	826.48726E-6
-177.99999E-6	40.079813E-3	887.05402E-6	40.736265E-3	750.74862E-6	40.200409E-3	768.69753E-6	40.582452E-3	882.71312E-6
-176.00000E-6	40.134814E-3	832.03369E-6	40.660519E-3	825.64878E-6	40.199783E-3	755.57409E-6	40.610746E-3	825.56700E-6
-174.00000E-6	40.194944E-3	771.13684E-6	40.645991E-3	880.16508E-6	40.290505E-3	810.87713E-6	40.545247E-3	757.38295E-6
-172.00000E-6	40.203329E-3	747.61739E-6	40.531661E-3	873.91405E-6	40.292051E-3	904.23838E-6	40.367786E-3	803.46415E-6
-170.00000E-6	40.212482E-3	816.90005E-6	40.535521E-3	804.00408E-6	40.340502E-3	909.72771E-6	40.405683E-3	873.53511E-6
-168.00000E-6	40.207729E-3	883.59381E-6	40.554054E-3	769.22681E-6	40.369242E-3	842.27475E-6	40.514197E-3	918.51357E-6
-166.00000E-6	40.259868E-3	912.76481E-6	40.514614E-3	791.97716E-6	40.367879E-3	797.32476E-6	40.488657E-3	853.75988E-6
-164.00000E-6	40.252548E-3	825.29953E-6	40.572647E-3	877.60715E-6	40.361211E-3	765.74797E-6	40.464111E-3	761.30114E-6
-162.00000E-6	40.284019E-3	753.77518E-6	40.564694E-3	914.27757E-6	40.364392E-3	841.45041E-6	40.447913E-3	793.44859E-6
-160.00000E-6	40.353645E-3	754.18066E-6	40.554546E-3	868.64905E-6	40.375862E-3	886.39080E-6	40.393721E-3	897.05916E-6
-158.00000E-6	40.399119E-3	845.60941E-6	40.481869E-3	765.60781E-6	40.386736E-3	920.74013E-6	40.393930E-3	887.05670E-6
-155.99999E-6	40.438868E-3	887.78476E-6	40.486574E-3	757.87172E-6	40.389817E-3	865.54006E-6	40.312316E-3	815.15760E-6
-153.99999E-6	40.486451E-3	863.49947E-6	40.356174E-3	799.49794E-6	40.404532E-3	779.54785E-6	40.305786E-3	761.02937E-6
-151.99999E-6	40.375009E-3	801.70867E-6	40.161282E-3	923.76670E-6	39.198708E-3	1.2166697E-3	39.330069E-3	1.1334346E-3
-149.99999E-6	40.383972E-3	766.22207E-6	40.222201E-3	914.92385E-6	39.346561E-3	1.1667510E-3	39.524306E-3	1.2164024E-3
-147.99999E-6	40.393278E-3	836.64095E-6	40.169254E-3	869.62973E-6	39.917022E-3	1.1141109E-3	40.011879E-3	1.2937002E-3
-145.99999E-6	40.332809E-3	912.74106E-6	40.096436E-3	778.46838E-6	40.060900E-3	1.5714667E-3	39.607171E-3	1.5498486E-3
-143.99999E-6	40.289160E-3	916.47805E-6	40.058725E-3	788.64704E-6	39.952412E-3	1.7619352E-3	39.149970E-3	1.3442918E-3
-141.99999E-6	40.287372E-3	845.38001E-6	39.982107E-3	886.48178E-6	39.810557E-3	1.3873319E-3	39.257050E-3	1.1193639E-3
-139.99999E-6	40.273812E-3	775.57843E-6	39.963875E-3	934.57085E-6	39.711367E-3	1.2166158E-3	39.284389E-3	1.8584495E-3
-138.00000E-6	40.380012E-3	801.32316E-6	39.799921E-3	916.02158E-6	39.707184E-3	1.1601869E-3	39.336044E-3	1.5627719E-3
-135.99999E-6	40.396832E-3	861.66762E-6	39.864369E-3	815.56098E-6	39.865196E-3	1.3703011E-3	39.270174E-3	1.5893057E-3
-134.00000E-6	39.946400E-3	1.5316794E-3	38.908314E-3	1.3592357E-3	35.897288E-3	3.0541664E-3	35.003465E-3	2.7169615E-3
-131.99999E-6	39.346930E-3	1.3437014E-3	39.000332E-3	1.6138148E-3	35.466332E-3	2.3105938E-3	34.480244E-3	3.1487984E-3
-130.00000E-6	39.080936E-3	1.2254694E-3	39.358214E-3	1.6511466E-3	35.159566E-3	2.3725734E-3	34.149282E-3	2.5415113E-3
-127.99999E-6	39.374787E-3	1.4409189E-3	38.691636E-3	2.4987950E-3	34.605924E-3	2.8287987E-3	35.532188E-3	2.2541911E-3
-126.00000E-6	39.706428E-3	1.6904161E-3	38.747009E-3	1.2244288E-3	34.021113E-3	2.9959304E-3	35.137005E-3	2.1918502E-3
-124.00000E-6	39.898191E-3	1.7978859E-3	38.743060E-3	1.4512090E-3	35.127155E-3	2.7435948E-3	34.573488E-3	2.6827164E-3
-122.00000E-6	40.054381E-3	1.3259389E-3	39.052293E-3	1.5301306E-3	35.819516E-3	2.0968998E-3	33.756908E-3	3.1887235E-3
-120.00000E-6	39.521970E-3	1.3703812E-3	39.374541E-3	1.9286406E-3	37.086263E-3	2.5427958E-3	34.880567E-3	2.8030768E-3
-118.00000E-6	39.671857E-3	1.3148845E-3	39.718442E-3	1.5198325E-3	34.817588E-3	2.2571010E-3	35.822880E-3	2.6076490E-3
-116.00000E-6	39.900377E-3	1.5725641E-3	38.782455E-3	2.2035236E-3	33.015650E-3	2.8104181E-3	34.657121E-3	2.0634478E-3
-113.99999E-6	35.586435E-3	2.1408200E-3	33.170674E-3	3.0765051E-3	30.731523E-3	29.764475E-6	30.662458E-3	-66.281114E-6
-111.99999E-6	35.635795E-3	3.0782372E-3	33.569444E-3	2.4702107E-3	30.673638E-3	66.012559E-6	30.714130E-3	24.180532E-6
-109.99999E-6	34.025196E-3	2.9204655E-3	34.247775E-3	1.8152971E-3	30.574298E-3	41.832162E-6	30.705696E-3	67.734938E-6
-107.99999E-6	33.067282E-3	2.8874986E-3	34.402903E-3	1.5982048E-3	30.479386E-3	-52.211668E-6	30.709717E-3	15.886439E-6
-105.99999E-6	34.879226E-3	2.3517418E-3	35.140686E-3	2.2848262E-3	30.422948E-3	-66.299144E-6	30.773818E-3	-65.596010E-6
-103.99999E-6	36.632221E-3	2.6318692E-3	34.079876E-3	2.7367235E-3	30.365035E-3	-25.431460E-6	30.799108E-3	-37.798189E-6
-102.00000E-6	35.635751E-3	2.8784019E-3	33.883639E-3	2.7809558E-3	30.424651E-3	49.297778E-6	30.809894E-3	29.815497E-6
-99.999997E-6	34.860235E-3	2.8510096E-3	33.957273E-3	1.8079953E-3	30.476091E-3	73.300609E-6	30.832885E-3	65.021202E-6
-97.999997E-6	33.471469E-3	3.1423741E-3	32.993391E-3	1.2800489E-3	30.532643E-3	6.7936999E-6	30.860512E-3	-15.327398E-6
-95.999996E-6	35.439678E-3	2.8263475E-3	33.826273E-3	1.2680407E-3	30.648720E-3	-55.462955E-6	30.869646E-3	-81.507998E-6
-93.999995E-6	30.640839E-3	-65.224362E-6	31.006457E-3	46.053206E-6	30.715542E-3	-72.325704E-6	30.901415E-3	-40.774303E-6
-91.999995E-6	30.593339E-3	3.1457757E-6	31.028243E-3	3.1343786E-6	30.738873E-3	-2.7573824E-6	30.859970E-3	33.224798E-6
-89.999994E-6	30.608147E-3	55.850407E-6	31.153752E-3	-66.825880E-6	30.779673E-3	50.576036E-6	30.889461E-3	66.269778E-6
-87.999993E-6	30.635603E-3	67.522997E-6	31.226648E-3	-62.248168E-6	30.717762E-3	73.167044E-6	30.894756E-3	-20.601030E-6
-85.999993E-6	30.640023E-3	-41.435491E-6	31.232685E-3	-5.2189312E-6	30.759400E-3	4.2377878E-6	30.888615E-3	-76.698307E-6
-83.999992E-6	30.737415E-3	-86.418149E-6	31.307947E-3	65.907123E-6	30.758960E-3	-80.354337E-6	30.875146E-3	-12.064247E-6
-81.999999E-6	30.665323E-3	-30.974279E-6	31.289522E-3	60.822767E-6	30.792596E-3	-78.500758E-6	30.878827E-3	67.602276E-6
-79.999998E-6	30.710585E-3	43.591532E-6	31.238548E-3	-24.063003E-6	30.782226E-3	-7.7054292E-6	30.884283E-3	36.081186E-6
-77.999997E-6	30.629855E-3	68.839501E-6	31.188702E-3	-88.705485E-6	30.742977E-3	59.974460E-6	30.894224E-3	-62.747356E-6
-75.999997E-6	30.649571E-3	14.525994E-6	31.127505E-3	-45.763867E-6	30.759577E-3	65.430999E-6	30.913141E-3	-69.347370E-6
-73.999996E-6	30.634100E-3	-50.803930E-6	31.080265E-3	30.511483E-6	30.807087E-3	1.3665319E-6	30.874027E-3	9.8397895E-6
-71.999995E-6	30.584564E-3	-64.446533E-6	30.995538E-3	59.378643E-6	30.839140E-3	-78.013523E-6	30.922525E-3	79.025762E-6
-69.999995E-6	30.527726E-3	-11.259152E-6	30.943276E-3	11.035259E-6	30.940302E-3	-48.607788E-6	30.935498E-3	24.735715E-6
-67.999994E-6	30.433880E-3	56.429955E-6	30.920871E-3	-86.797270E-6	31.059017E-3	33.319269E-6	30.917987E-3	-61.262261E-6
-65.999993E-6	30.403512E-3	53.429518E-6	30.858509E-3	-79.162222E-6	31.068565E-3	79.122045E-6	30.916978E-3	-41.652092E-6
-63.999993E-6	30.341648E-3	3.0009423E-6	30.827124E-3	-2.8002532E-6	31.184794E-3	22.962749E-6	30.968463E-3	41.296815E-6
-61.999992E-6	30.329322E-3	-56.527824E-6	30.808002E-3	49.604489E-6	31.200929E-3	-23.378396E-6	30.990735E-3	62.439176E-6
-59.999991E-6	30.348739E-3	-64.882282E-6	30.819334E-3	30.719937E-6	31.168377E-3	-63.546569E-6	31.000560E-3	-15.307625E-6
-57.999991E-6	30.391794E-3	14.015504E-6	30.786026E-3	-32.283329E-6	31.151846E-3	-30.638999E-6	31.083019E-3	-73.587413E-6
-55.999990E-6	30.431718E-3	58.912523E-6	30.790932E-3	-79.447251E-6	31.174386E-3	45.717130E-6	31.102927E-3	-30.242256E-6
-53.999989E-6	30.543527E-3	51.231906E-6	30.814307E-3	-48.777358E-6	31.103915E-3	57.522750E-6	31.151814E-3	67.153043E-6
-51.999989E-6	30.521518E-3	-39.176372E-6	30.778849E-3	20.991549E-6	31.087535E-3	28.503628E-6	31.156359E-3	60.674160E-6
-50.000002E-6	30.579463E-3	-78.434343E-6	30.801415E-3	79.945668E-6	31.043816E-3	-67.104360E-6	31.200359E-3	-29.269959E-6
-48.000002E-6	30.636476E-3	-33.375964E-6	30.771153E-3	35.588888E-6	31.008199E-3	-66.727058E-6	31.228105E-3	-81.524769E-6
-46.000001E-6	30.640844E-3	36.201793E-6	30.658729E-3	-66.977707E-6	31.050455E-3	-14.607805E-6	31.283800E-3	-3.2418659E-6
-44.000000E-6	30.682711E-3	84.762512E-6	30.734261E-3	-62.207168E-6	31.038985E-3	46.366600E-6	31.246640E-3	55.064924E-6
-42.000000E-6	30.653805E-3	20.296215E-6	30.861588E-3	-11.390901E-6	31.043913E-3	75.129719E-6	31.246493E-3	22.675031E-6
-39.999999E-6	30.578924E-3	-53.507258E-6	30.790957E-3	74.275435E-6	31.036502E-3	-15.069634E-6	31.234697E-3	-41.183277E-6
-37.999998E-6	30.565169E-3	-72.956573E-6	30.795371E-3	45.770972E-6	30.979451E-3	-70.305308E-6	31.193685E-3	-79.612655E-6
-35.999998E-6	30.578353E-3	-20.456528E-6	30.776763E-3	-22.037519E-6	30.990927E-3	-77.667362E-6	31.107455E-3	-5.8524074E-6
-33.999997E-6	30.568060E-3	50.205217E-6	30.705806E-3	-87.157576E-6	30.964740E-3	-1.9029879E-6	31.093463E-3	42.044037E-6
-31.999996E-6	30.601095E-3	54.091182E-6	30.634010E-3	-33.917469E-6	30.932205E-3	55.280587E-6	31.059053E-3	24.355706E-6
-29.999996E-6	30.644199E-3	-30.661151E-6	30.603938E-3	26.359370E-6	30.880582E-3	51.360043E-6	31.021083E-3	-61.902487E-6
-27.999995E-6	30.630281E-3	-84.139007E-6	30.572472E-3	68.975576E-6	30.833572E-3	-20.060035E-6	30.991485E-3	-90.702662E-6
-25.999994E-6	30.620731E-3	-61.007482E-6	30.484019E-3	11.058830E-6	30.737201E-3	-69.780093E-6	30.980770E-3	-12.397168E-6
-23.999994E-6	30.699911E-3	21.409869E-6	30.443065E-3	-30.061736E-6	30.613249E-3	-38.331626E-6	30.965209E-3	94.043789E-6
-21.999993E-6	30.746158E-3	68.952948E-6	30.419739E-3	-86.317450E-6	30.542536E-3	35.044839E-6	30.937467E-3	27.455511E-6
-19.999992E-6	30.788472E-3	36.406404E-6	30.433580E-3	-6.1446763E-6	30.525472E-3	80.978323E-6	30.985000E-3	-67.183835E-6
-17.999992E-6	30.837977E-3	-40.175306E-6	30.483190E-3	68.572583E-6	30.524986E-3	42.432584E-6	30.994292E-3	-62.945954E-6
-15.999991E-6	30.800436E-3	-81.562022E-6	30.493936E-3	57.622572E-6	30.549070E-3	-31.377516E-6	30.938782E-3	27.038654E-6
-13.999990E-6	30.837385E-3	-25.219797E-6	30.534578E-3	-3.0673523E-6	30.610390E-3	-65.148655E-6	30.844677E-3	55.154032E-6
-11.999990E-6	30.865643E-3	50.539064E-6	30.552821E-3	-71.169517E-6	30.693466E-3	-28.943270E-6	30.813785E-3	13.676202E-6
-9.9999888E-6	30.821515E-3	53.767504E-6	30.645275E-3	-39.957831E-6	30.766312E-3	61.838924E-6	30.794270E-3	-88.219756E-6
-7.9999882E-6	30.809047E-3	-6.2445629E-6	30.679170E-3	33.583336E-6	30.842522E-3	77.310113E-6	30.769873E-3	-49.678671E-6
-6.0000020E-6	30.968077E-3	-72.348877E-6	30.757653E-3	67.422930E-6	30.852003E-3	15.721882E-6	30.745944E-3	45.408357E-6
-4.0000014E-6	30.881468E-3	-69.699548E-6	30.778568E-3	30.111292E-6	30.849509E-3	-63.075771E-6	30.737488E-3	59.464004E-6
-2.0000007E-6	30.844823E-3	24.591525E-6	30.812232E-3	-70.432921E-6	30.884990E-3	-78.068675E-6	30.761141E-3	-9.7929287E-6
0.0000000E+0	30.765394E-3	72.944895E-6	30.846499E-3	-65.069107E-6	30.871071E-3	-30.980213E-6	30.697066E-3	-79.975121E-6
2.0000007E-6	30.744055E-3	62.195817E-6	30.888915E-3	-3.9925076E-6	30.877903E-3	67.454130E-6	30.707773E-3	-30.599807E-6
4.0000014E-6	30.680642E-3	-36.378526E-6	30.831864E-3	53.701715E-6	30.921478E-3	65.405191E-6	30.723164E-3	56.682264E-6
6.0000020E-6	30.666213E-3	-79.203564E-6	30.846607E-3	37.553542E-6	30.942896E-3	-9.1810844E-6	30.734720E-3	49.119328E-6
8.0000027E-6	30.643133E-3	-45.912071E-6	30.858545E-3	-18.686900E-6	30.937061E-3	-48.929473E-6	30.701354E-3	-11.950829E-6
10.000003E-6	30.701455E-3	41.505526E-6	30.863957E-3	-97.392171E-6	30.978568E-3	-62.440311E-6	30.707885E-3	-91.379494E-6
12.000004E-6	30.734718E-3	71.703893E-6	30.903026E-3	-39.925955E-6	31.064410E-3	-5.9740928E-6	30.681472E-3	-27.520271E-6
14.000005E-6	30.782644E-3	11.003716E-6	30.831994E-3	46.355992E-6	31.154739E-3	66.028959E-6	30.672885E-3	62.912433E-6
16.000005E-6	30.763887E-3	-89.609093E-6	30.866928E-3	57.092548E-6	31.261791E-3	48.665115E-6	30.681249E-3	29.716273E-6
18.000006E-6	30.687356E-3	-89.553912E-6	30.870698E-3	11.622493E-6	31.335078E-3	94.773483E-9	30.703211E-3	-47.021535E-6
20.000007E-6	30.650344E-3	-21.106713E-6	30.886877E-3	-40.840041E-6	31.403523E-3	-76.988130E-6	30.708577E-3	-66.779619E-6
22.000007E-6	30.628726E-3	51.348030E-6	30.918455E-3	-74.547715E-6	31.408951E-3	-59.357153E-6	30.703682E-3	-6.0296443E-6
24.000008E-6	30.602327E-3	35.734738E-6	30.939259E-3	-28.772072E-6	31.377204E-3	3.8072167E-6	30.689947E-3	60.231028E-6
26.000009E-6	30.670071E-3	-14.568132E-6	30.961765E-3	54.819775E-6	31.255946E-3	64.720829E-6	30.690674E-3	23.794215E-6
28.000009E-6	30.627018E-3	-88.225759E-6	30.936334E-3	38.448117E-6	31.178167E-3	54.324413E-6	30.672275E-3	-74.256255E-6
30.000010E-6	30.594707E-3	-55.305598E-6	30.997433E-3	-6.2467043E-6	31.106159E-3	-30.395951E-6	30.658819E-3	-52.323303E-6
32.000011E-6	30.572737E-3	36.727492E-6	31.027677E-3	-84.204024E-6	31.081749E-3	-68.934132E-6	30.670587E-3	22.298547E-6
34.000012E-6	30.513979E-3	90.032874E-6	31.119009E-3	-41.960302E-6	31.047957E-3	-53.202915E-6	30.652445E-3	66.645451E-6
35.999998E-6	30.425118E-3	53.474912E-6	31.154895E-3	49.255985E-6	31.004274E-3	14.437048E-6	30.617287E-3	20.860036E-6
37.999998E-6	30.388728E-3	-27.879149E-6	31.185443E-3	72.374954E-6	30.958030E-3	73.607232E-6	30.578131E-3	-80.427097E-6
39.999999E-6	30.377971E-3	-73.932140E-6	31.227399E-3	-435.64873E-9	30.988047E-3	36.266218E-6	30.430984E-3	-67.902023E-6
42.000000E-6	30.314557E-3	-19.595009E-6	31.228835E-3	-37.383430E-6	31.003203E-3	-22.592121E-6	30.443642E-3	29.949006E-6
44.000000E-6	30.253319E-3	52.641626E-6	31.207589E-3	-67.982975E-6	30.995296E-3	-101.48578E-6	30.381162E-3	59.989157E-6
46.000016E-6	30.240752E-3	64.811560E-6	31.174816E-3	-30.509578E-6	31.009644E-3	-41.414114E-6	30.365059E-3	-9.6685926E-6
48.000002E-6	30.303907E-3	-9.0822214E-6	31.098569E-3	65.252716E-6	30.986551E-3	29.726607E-6	30.290112E-3	-77.162818E-6
50.000017E-6	30.349419E-3	-86.993459E-6	31.029325E-3	57.907298E-6	30.934015E-3	64.117587E-6	30.303318E-3	-34.757421E-6
52.000003E-6	30.398790E-3	-60.719929E-6	30.983543E-3	-22.723949E-6	30.861041E-3	27.358506E-6	30.287452E-3	48.192120E-6
54.000018E-6	30.473800E-3	16.495213E-6	30.916341E-3	-80.720136E-6	30.730156E-3	-58.442551E-6	30.312637E-3	58.299094E-6
56.000004E-6	30.533055E-3	92.766233E-6	30.882427E-3	-35.543031E-6	30.645974E-3	-85.271677E-6	30.337939E-3	-28.270997E-6
57.999991E-6	30.597284E-3	35.053501E-6	30.822720E-3	8.0459085E-6	30.573150E-3	-10.631432E-6	30.305503E-3	-94.504248E-6
60.000006E-6	30.616356E-3	-62.091211E-6	30.751202E-3	63.203988E-6	30.560868E-3	42.000906E-6	30.322362E-3	-8.1966227E-6
61.999992E-6	30.656232E-3	-46.610297E-6	30.749014E-3	34.405472E-6	30.575791E-3	62.096398E-6	30.405825E-3	83.847182E-6
64.000007E-6	30.680077E-3	-18.628878E-6	30.787528E-3	-53.957319E-6	30.626718E-3	9.3213312E-6	30.431097E-3	71.520553E-6
65.999993E-6	30.727090E-3	43.374232E-6	30.848823E-3	-101.59784E-6	30.659612E-3	-58.256981E-6	30.436661E-3	-53.631869E-6
68.000008E-6	30.749422E-3	75.014555E-6	30.841546E-3	-17.543731E-6	30.777644E-3	-65.054475E-6	30.489586E-3	-75.482953E-6
69.999995E-6	30.757716E-3	-6.3590915E-6	30.816104E-3	44.965218E-6	30.868988E-3	-17.102766E-6	30.580932E-3	-3.5453656E-6
72.000010E-6	30.737033E-3	-58.625294E-6	30.794282E-3	54.326567E-6	30.905956E-3	56.411460E-6	30.627722E-3	63.930667E-6
73.999996E-6	30.767677E-3	-51.179646E-6	30.806987E-3	-20.080046E-6	30.911008E-3	64.166663E-6	30.658061E-3	16.294585E-6
76.000011E-6	30.788025E-3	-4.7709427E-6	30.809162E-3	-57.338064E-6	30.906472E-3	-23.394894E-6	30.718137E-3	-51.209499E-6
77.999997E-6	30.782189E-3	60.941195E-6	30.783940E-3	-38.963895E-6	30.937236E-3	-61.065199E-6	30.750539E-3	-68.269335E-6
80.000013E-6	30.769493E-3	39.962026E-6	30.795800E-3	36.330628E-6	30.901162E-3	-56.244764E-6	30.759064E-3	15.410755E-6
81.999999E-6	30.763831E-3	-47.509686E-6	30.772412E-3	78.170677E-6	30.887991E-3	15.851703E-6	30.797150E-3	72.537259E-6
84.000014E-6	30.776622E-3	-83.940409E-6	30.699078E-3	17.608394E-6	30.915847E-3	82.909690E-6	30.776806E-3	20.866233E-6
86.000000E-6	30.781701E-3	-44.208831E-6	30.672112E-3	-36.825983E-6	30.910686E-3	49.453643E-6	30.808108E-3	-61.777479E-6
88.000015E-6	30.819451E-3	31.155316E-6	30.542692E-3	-79.003090E-6	30.906437E-3	-45.045239E-6	30.823804E-3	-60.518709E-6
90.000001E-6	30.850792E-3	40.844057E-6	30.475972E-3	-10.332326E-6	30.926395E-3	-82.304243E-6	30.814638E-3	13.223597E-6
92.000017E-6	30.971291E-3	15.163115E-6	30.406646E-3	40.137988E-6	30.967252E-3	-42.494332E-6	30.809430E-3	57.466958E-6
94.000003E-6	31.015966E-3	-45.301706E-6	30.351952E-3	81.546590E-6	30.968158E-3	52.030144E-6	30.848972E-3	2.2780200E-6
96.000018E-6	31.095907E-3	-72.718358E-6	30.336205E-3	8.7437911E-6	35.810981E-3	2.8959634E-3	34.878306E-3	3.0277343E-3
98.000004E-6	31.113427E-3	-13.050998E-6	30.329926E-3	-65.900924E-6	36.761642E-3	3.2005038E-3	35.689231E-3	2.6644710E-3
99.999990E-6	31.051131E-3	50.572107E-6	30.294290E-3	-67.930647E-6	35.038430E-3	3.3221294E-3	36.524113E-3	2.9254332E-3
102.00001E-6	31.048678E-3	55.784367E-6	30.337030E-3	375.88913E-9	36.288556E-3	3.0782321E-3	34.447987E-3	2.7222717E-3
103.99999E-6	30.937798E-3	-22.778444E-6	30.367559E-3	63.576634E-6	36.932062E-3	2.3018231E-3	34.579113E-3	3.3309965E-3
106.00001E-6	30.810254E-3	-68.967129E-6	30.413501E-3	50.980540E-6	38.127996E-3	2.9056480E-3	35.522506E-3	3.1823763E-3
107.99999E-6	30.737879E-3	-79.479607E-6	30.505991E-3	-20.749829E-6	36.197715E-3	3.2415865E-3	36.419760E-3	2.6709377E-3
110.00001E-6	30.668296E-3	6.7530514E-6	30.602401E-3	-59.596070E-6	35.435386E-3	3.2801160E-3	36.571518E-3	2.9944782E-3
111.99999E-6	30.704547E-3	84.662381E-6	30.667694E-3	-41.033982E-6	36.009599E-3	3.1958872E-3	37.336539E-3	3.1931053E-3
114.00001E-6	30.658795E-3	60.909806E-6	30.789943E-3	41.824678E-6	40.307853E-3	1.0146905E-3	39.997879E-3	931.33649E-6
116.00000E-6	30.640617E-3	-21.035605E-6	30.878097E-3	66.024637E-6	40.126849E-3	1.2463907E-3	40.254116E-3	918.31101E-6
118.00001E-6	30.617062E-3	-94.037161E-6	30.876905E-3	37.744478E-6	39.993390E-3	1.1371886E-3	40.377401E-3	1.0363909E-3
120.00000E-6	30.722205E-3	-66.530840E-6	31.789295E-3	-54.388474E-6	39.831799E-3	1.0249737E-3	40.271875E-3	1.0745794E-3
122.00001E-6	30.771427E-3	9.2616974E-6	30.801041E-3	-90.369474E-6	40.206831E-3	867.11900E-6	40.166471E-3	1.0046120E-3
124.00000E-6	30.770080E-3	66.489374E-6	30.831836E-3	-20.774140E-6	40.275022E-3	927.84897E-6	40.173195E-3	920.84269E-6
126.00001E-6	30.749418E-3	41.329738E-6	30.800147E-3	64.420237E-6	40.298056E-3	1.0324653E-3	40.263604E-3	872.35338E-6
128.00000E-6	30.698236E-3	-35.785295E-6	30.961303E-3	596.29243E-6	40.228594E-3	1.0685007E-3	40.392775E-3	1.0426437E-3
130.00001E-6	30.622281E-3	-49.820042E-6	30.937212E-3	-14.602907E-6	40.153392E-3	1.0732068E-3	40.394705E-3	1.0203002E-3
132.00000E-6	30.546352E-3	-74.052143E-6	32.592524E-3	182.73921E-6	40.092293E-3	948.79273E-6	40.311322E-3	947.71496E-6
134.00002E-6	37.421763E-3	3.0999226E-3	37.232146E-3	3.1610273E-3	40.500756E-3	790.64030E-6	40.802870E-3	780.43848E-6
136.00000E-6	36.842622E-3	3.1375925E-3	37.892055E-3	2.5470492E-3	40.419605E-3	777.71733E-6	40.830586E-3	791.80481E-6
138.00002E-6	37.586775E-3	2.1081378E-3	38.563009E-3	2.3612103E-3	40.442746E-3	842.62481E-6	40.787820E-3	891.95324E-6
140.00000E-6	36.584079E-3	2.5744913E-3	38.114257E-3	1.9919206E-3	40.437743E-3	915.83625E-6	40.749636E-3	890.02639E-6
141.99999E-6	35.803244E-3	2.9386643E-3	38.326249E-3	2.3620350E-3	40.389385E-3	905.36429E-6	40.796734E-3	821.44351E-6
144.00001E-6	36.600523E-3	3.1039985E-3	38.427789E-3	2.6154609E-3	40.351439E-3	833.28452E-6	40.835798E-3	773.14512E-6
145.99999E-6	38.841490E-3	2.1288130E-3	38.550556E-3	2.7225970E-3	40.318210E-3	795.90525E-6	40.819038E-3	839.38841E-6
148.00001E-6	38.485520E-3	2.4079869E-3	39.208487E-3	2.4478156E-3	40.184956E-3	785.81180E-6	40.782731E-3	897.93856E-6
149.99999E-6	38.331337E-3	2.1463125E-3	39.355639E-3	2.1581622E-3	40.101334E-3	860.05242E-6	40.719956E-3	881.81096E-6
152.00001E-6	40.412601E-3	955.43166E-6	40.703043E-3	1.0087203E-3	40.138971E-3	889.43384E-6	40.759061E-3	783.16295E-6
153.99999E-6	40.374115E-3	914.60347E-6	40.785968E-3	874.68134E-6	40.118162E-3	865.47720E-6	40.803861E-3	758.64664E-6
156.00001E-6	40.254869E-3	841.62556E-6	40.798552E-3	837.73135E-6	40.176734E-3	822.62175E-6	40.791042E-3	825.85635E-6
158.00000E-6	40.376674E-3	888.59507E-6	40.711213E-3	895.01153E-6	40.251717E-3	740.91827E-6	40.725730E-3	888.92638E-6
160.00001E-6	40.389385E-3	948.49494E-6	40.670220E-3	980.86754E-6	40.338971E-3	770.81786E-6	40.721118E-3	844.43268E-6
162.00000E-6	40.383156E-3	1.0254559E-3	40.679615E-3	922.34981E-6	40.462699E-3	844.01382E-6	40.651996E-3	777.33450E-6
164.00001E-6	40.560473E-3	967.30015E-6	40.596802E-3	887.79262E-6	40.494449E-3	886.37928E-6	40.659089E-3	767.60346E-6
166.00000E-6	40.671565E-3	831.59585E-6	40.574014E-3	801.31873E-6	40.522661E-3	843.11131E-6	40.583234E-3	851.94467E-6
168.00001E-6	40.749568E-3	845.85184E-6	40.482547E-3	863.14697E-6	40.507417E-3	780.72707E-6	40.554538E-3	865.58936E-6
170.00000E-6	40.621284E-3	950.29565E-6	40.382050E-3	931.32356E-6	40.526614E-3	749.80845E-6	40.598270E-3	809.15034E-6
172.00001E-6	40.863909E-3	909.64674E-6	40.510416E-3	902.46781E-6	40.574510E-3	808.56774E-6	40.554617E-3	766.97161E-6
174.00000E-6	40.745035E-3	906.01569E-6	40.539071E-3	847.70320E-6	40.554799E-3	869.45720E-6	40.560599E-3	805.29816E-6
176.00002E-6	40.654264E-3	822.64876E-6	40.579405E-3	790.35771E-6	40.551838E-3	891.25894E-6	40.587131E-3	891.07500E-6
178.00000E-6	40.518593E-3	767.90678E-6	40.550269E-3	778.27607E-6	40.544655E-3	842.24809E-6	40.581007E-3	881.96137E-6
180.00002E-6	40.469896E-3	804.34041E-6	40.524051E-3	848.39354E-6	40.567793E-3	768.03047E-6	40.611804E-3	803.85833E-6
182.00000E-6	40.439136E-3	855.30558E-6	40.522546E-3	908.03241E-6	40.603433E-3	751.30991E-6	40.578816E-3	740.36029E-6
184.00002E-6	40.419791E-3	899.76768E-6	40.599935E-3	892.32193E-6	40.667739E-3	827.67743E-6	40.569194E-3	803.11496E-6
186.00000E-6	40.465154E-3	889.15013E-6	40.544163E-3	822.19264E-6	40.711090E-3	884.08910E-6	40.573668E-3	896.96853E-6
187.99999E-6	40.428456E-3	814.08565E-6	40.544529E-3	776.75469E-6	40.817443E-3	914.72932E-6	40.516812E-3	871.15675E-6
190.00001E-6	40.464573E-3	770.13503E-6	40.538903E-3	801.36402E-6	40.837195E-3	830.28700E-6	40.495895E-3	778.58748E-6
191.99999E-6	40.530942E-3	747.05895E-6	40.577807E-3	854.69498E-6	40.780105E-3	810.73237E-6	40.365286E-3	786.99121E-6
194.00001E-6	40.461961E-3	858.25234E-6	40.624525E-3	896.89123E-6	40.819112E-3	788.09651E-6	40.335022E-3	891.57565E-6
195.99999E-6	40.396027E-3	860.67064E-6	40.579207E-3	828.83943E-6	40.808514E-3	876.60621E-6	40.169403E-3	936.18565E-6
198.00001E-6	40.290181E-3	871.88446E-6	40.598512E-3	761.57949E-6	40.766176E-3	941.08668E-6	40.141396E-3	884.81780E-6
199.99999E-6	40.145960E-3	779.53469E-6	40.608387E-3	769.96395E-6	40.674679E-3	930.35272E-6	40.119290E-3	797.77249E-6
202.00001E-6	40.127486E-3	749.07934E-6	40.536251E-3	827.87272E-6	40.605668E-3	851.72354E-6	40.043630E-3	808.95069E-6
204.00000E-6	40.179301E-3	773.33284E-6	40.469971E-3	890.01545E-6	40.564515E-3	794.00907E-6	39.969988E-3	907.95819E-6
206.00001E-6	40.315297E-3	848.26490E-6	40.409975E-3	871.25949E-6	40.458471E-3	854.38578E-6	39.903492E-3	932.11402E-6
208.00000E-6	40.432509E-3	869.36250E-6	40.363427E-3	789.36602E-6	40.537536E-3	894.74354E-6	39.901085E-3	852.03972E-6
210.00001E-6	40.464826E-3	864.72504E-6	40.266003E-3	740.51938E-6	39.032266E-3	2.3639041E-3	38.077794E-3	1.9428286E-3
212.00000E-6	40.545385E-3	790.67179E-6	40.235903E-3	782.55369E-6	37.834227E-3	2.5798117E-3	38.503893E-3	2.1818227E-3
214.00001E-6	40.607095E-3	764.32794E-6	40.229172E-3	875.27640E-6	38.765557E-3	2.0447951E-3	38.277488E-3	2.5193987E-3
216.00000E-6	40.615246E-3	805.02901E-6	40.269293E-3	919.01777E-6	39.039016E-3	1.8970709E-3	37.246861E-3	2.7770267E-3
218.00002E-6	40.611498E-3	876.51459E-6	40.303420E-3	846.64713E-6	39.448343E-3	2.1640270E-3	37.588485E-3	2.1504941E-3
220.00000E-6	40.602658E-3	917.09988E-6	40.339049E-3	783.50841E-6	38.815342E-3	2.6608640E-3	38.774427E-3	1.5900471E-3
222.00002E-6	40.556014E-3	867.99258E-6	40.395908E-3	771.20529E-6	38.500302E-3	2.8085224E-3	38.393568E-3	2.5327294E-3
224.00000E-6	40.617447E-3	786.48375E-6	40.463772E-3	830.34288E-6	37.963893E-3	2.6424835E-3	38.046475E-3	2.8543114E-3
226.00002E-6	40.609062E-3	769.08403E-6	40.651757E-3	895.69617E-6	37.852660E-3	2.1998016E-3	37.629433E-3	2.5840122E-3
228.00000E-6	40.676620E-3	773.07021E-6	40.688969E-3	873.88739E-6	38.541526E-3	2.1457924E-3	37.894282E-3	2.4956164E-3
229.99999E-6	40.650148E-3	889.50491E-6	40.531419E-3	842.53430E-6	30.758802E-3	729.80387E-6	31.400580E-3	1.2961476E-3
232.00001E-6	40.768810E-3	917.99756E-6	40.487137E-3	844.81441E-6	31.586207E-3	755.18014E-6	32.375325E-3	2.0239726E-3
233.99999E-6	40.854048E-3	869.05417E-6	40.641122E-3	902.13359E-6	31.463992E-3	318.68659E-6	33.104718E-3	1.4662131E-3
236.00001E-6	40.850345E-3	800.97083E-6	40.682722E-3	923.67991E-6	31.584099E-3	200.87083E-6	33.235006E-3	574.33319E-6
237.99999E-6	40.791381E-3	765.04250E-6	40.708464E-3	942.84758E-6	30.711731E-3	737.53326E-6	31.476375E-3	358.44347E-6
240.00001E-6	40.678833E-3	812.90898E-6	40.637333E-3	881.72121E-6	30.794472E-3	-77.866927E-6	30.910632E-3	1.0604707E-3
241.99999E-6	40.586974E-3	917.41449E-6	40.654946E-3	809.57031E-6	30.883655E-3	-26.816451E-6	33.258069E-3	1.6476287E-3
244.00001E-6	40.470868E-3	919.63977E-6	40.619411E-3	795.31199E-6	31.728845E-3	580.71053E-6	32.803077E-3	1.1028042E-3
246.00001E-6	40.397119E-3	896.07300E-6	40.611014E-3	862.40325E-6	30.922420E-3	65.736946E-6	31.807110E-3	28.322853E-6
248.00003E-6	38.909052E-3	1.1477048E-3	38.507432E-3	2.4503914E-3	30.969702E-3	-11.122156E-6	30.969486E-3	-51.257044E-6
249.99998E-6	39.181709E-3	1.7364403E-3	39.118968E-3	2.4867326E-3	31.010225E-3	-64.381900E-6	30.998303E-3	-62.592837E-6
252.00000E-6	38.130637E-3	1.8363111E-3	39.405201E-3	2.0586420E-3	31.000936E-3	-69.895133E-6	30.936066E-3	-1.4776788E-6
254.00001E-6	37.956953E-3	2.5728212E-3	38.842432E-3	1.7619529E-3	31.007608E-3	5.3234121E-6	30.957844E-3	72.477647E-6
256.00003E-6	38.182102E-3	2.9977497E-3	38.589995E-3	2.0885575E-3	31.020235E-3	57.068217E-6	30.969048E-3	50.712020E-6
257.99999E-6	38.553394E-3	2.6645353E-3	39.133918E-3	1.9197637E-3	31.060137E-3	40.651215E-6	30.948041E-3	-62.157909E-6
260.00000E-6	38.858976E-3	2.3007051E-3	38.368333E-3	2.6824544E-3	31.085046E-3	-25.297797E-6	30.939216E-3	-60.056027E-6
262.00002E-6	38.571801E-3	1.5781719E-3	38.853928E-3	2.7621996E-3	31.048888E-3	-84.462306E-6	30.970780E-3	514.18851E-9
264.00003E-6	38.001131E-3	2.0960323E-3	39.401051E-3	2.3641484E-3	31.080296E-3	-43.915225E-6	30.965647E-3	50.167619E-6
265.99999E-6	37.567157E-3	2.5214243E-3	39.218239E-3	2.0276567E-3	31.125501E-3	2.0682612E-6	30.994460E-3	24.022791E-6
268.00000E-6	34.603320E-3	1.9748125E-3	33.843126E-3	926.68209E-6	31.224279E-3	55.351655E-6	30.994773E-3	-52.900385E-6
270.00002E-6	33.050183E-3	2.5677504E-3	34.202896E-3	999.98061E-6	31.276271E-3	39.891336E-6	30.987792E-3	-78.521611E-6
271.99998E-6	32.720931E-3	2.5549480E-3	34.708120E-3	1.6172463E-3	31.384729E-3	-28.893670E-6	30.983847E-3	22.186086E-6
273.99999E-6	31.242056E-3	1.7576684E-3	33.538319E-3	2.8770610E-3	31.470444E-3	-65.704902E-6	30.971475E-3	84.663996E-6
276.00001E-6	30.667298E-3	-31.770483E-6	32.669626E-3	2.3443364E-3	31.512547E-3	-31.937001E-6	30.993514E-3	40.499108E-6
278.00002E-6	33.270899E-3	900.99120E-6	31.186258E-3	1.1994980E-3	31.526830E-3	53.882930E-6	31.011119E-3	-37.840146E-6
279.99998E-6	33.007022E-3	931.67234E-6	33.505362E-3	940.48667E-6	31.480841E-3	66.475004E-6	30.971266E-3	-70.007081E-6
281.99999E-6	32.504462E-3	2.1113295E-3	32.780990E-3	585.45609E-6	31.412315E-3	6.5691579E-6	31.008061E-3	5.3492449E-6
284.00001E-6	33.082876E-3	1.7315883E-3	31.903110E-3	824.99365E-6	31.345855E-3	-61.958803E-6	30.992856E-3	51.679970E-6
286.00002E-6	30.956037E-3	-71.614988E-6	31.040668E-3	-26.658348E-6	31.274360E-3	-67.647423E-6	30.998386E-3	42.112944E-6
287.99998E-6	30.930784E-3	-9.4874813E-6	30.941235E-3	-78.008467E-6	31.188212E-3	-11.971263E-6	31.022402E-3	-49.146605E-6
290.00000E-6	30.874291E-3	25.843496E-6	30.930266E-3	-51.442679E-6	31.184426E-3	55.312394E-6	30.971328E-3	-79.910431E-6
292.00001E-6	31.102832E-3	60.921357E-6	30.946195E-3	28.492448E-6	31.144202E-3	72.555180E-6	30.990886E-3	-16.459955E-6
293.99997E-6	31.093091E-3	-924.81514E-9	30.965423E-3	74.725780E-6	31.107731E-3	-6.3264688E-6	31.006949E-3	58.658199E-6
295.99998E-6	31.091513E-3	-52.131090E-6	30.922059E-3	23.313078E-6	31.116290E-3	-58.000081E-6	30.986579E-3	58.699621E-6
298.00000E-6	31.162487E-3	-59.511807E-6	30.971849E-3	-41.771233E-6	31.088673E-3	-72.267874E-6	30.986745E-3	-30.558247E-6
300.00001E-6	31.211700E-3	-25.978916E-6	30.935625E-3	-74.017851E-6	31.094596E-3	691.59319E-9	30.991940E-3	-71.806360E-6
301.99997E-6	31.381767E-3	41.917559E-6	30.877909E-3	-13.348355E-6	31.067543E-3	64.188680E-6	30.929409E-3	-17.287957E-6
303.99999E-6	31.413671E-3	57.993933E-6	30.914487E-3	54.236156E-6	31.074828E-3	25.890204E-6	30.932162E-3	45.866233E-6
306.00000E-6	31.290926E-3	-8.8880379E-6	30.929605E-3	57.377139E-6	31.048315E-3	-12.988698E-6	30.916551E-3	49.048569E-6
308.00002E-6	31.251740E-3	-45.499975E-6	30.932305E-3	-14.650504E-6	31.005794E-3	-72.950534E-6	30.920269E-3	-18.836256E-6
309.99997E-6	31.131146E-3	-62.803636E-6	30.889705E-3	-66.491360E-6	30.925177E-3	-56.987010E-6	30.925464E-3	-96.863849E-6
311.99999E-6	30.995008E-3	-2.4042422E-6	30.850925E-3	-51.136183E-6	30.840663E-3	19.656958E-6	30.919511E-3	-44.257034E-6
314.00000E-6	30.973056E-3	72.627226E-6	30.788524E-3	19.553168E-6	30.760305E-3	87.171706E-6	30.882355E-3	57.104869E-6
315.99996E-6	30.881926E-3	70.990405E-6	30.660802E-3	62.953557E-6	30.667493E-3	45.776800E-6	30.886926E-3	88.319575E-6
317.99998E-6	30.848758E-3	8.0122018E-6	30.654145E-3	31.883526E-6	30.659454E-3	-52.100317E-6	30.873779E-3	-461.56831E-9
319.99999E-6	30.860145E-3	-68.903973E-6	30.612422E-3	-60.805211E-6	30.547682E-3	-84.413361E-6	30.871918E-3	-91.526628E-6
322.00001E-6	30.841209E-3	-55.521210E-6	30.601105E-3	-55.430210E-6	30.612789E-3	-32.355594E-6	30.859722E-3	-61.156112E-6
323.99996E-6	30.848619E-3	-21.753589E-6	30.557064E-3	613.02700E-9	30.682789E-3	61.088649E-6	30.848887E-3	16.805609E-6
325.99998E-6	30.833384E-3	71.292860E-6	30.525921E-3	45.642239E-6	30.752160E-3	67.283952E-6	30.836310E-3	77.080207E-6
327.99999E-6	30.838288E-3	59.643742E-6	30.511839E-3	67.332163E-6	30.826053E-3	48.973714E-6	30.804168E-3	24.237406E-6
330.00001E-6	30.777888E-3	-23.216706E-6	30.493781E-3	-24.379759E-6	30.846126E-3	-47.225250E-6	30.792715E-3	-56.899597E-6
331.99997E-6	30.810317E-3	-55.195800E-6	30.548060E-3	-60.992181E-6	30.897118E-3	-59.297945E-6	30.946344E-3	-68.954178E-6
333.99998E-6	30.669183E-3	-73.555908E-6	30.567640E-3	-44.461987E-6	30.900938E-3	-9.7793327E-6	30.901358E-3	19.646743E-6
336.00000E-6	30.631773E-3	13.880391E-6	30.671110E-3	42.660515E-6	30.907335E-3	58.622234E-6	30.908795E-3	89.095884E-6
338.00001E-6	30.527622E-3	59.505339E-6	30.670037E-3	72.619710E-6	31.100547E-3	72.328417E-6	30.903561E-3	43.332413E-6
339.99997E-6	30.440062E-3	55.548688E-6	30.741774E-3	19.448340E-6	31.083975E-3	5.0888193E-6	30.898849E-3	-55.891203E-6
341.99998E-6	30.503390E-3	-14.540371E-6	30.787870E-3	-45.351593E-6	30.880099E-3	-49.681195E-6	30.900562E-3	-73.971431E-6
344.00000E-6	30.566031E-3	-93.274786E-6	30.811217E-3	-87.211010E-6	30.915808E-3	-70.693655E-6	30.827587E-3	-390.91324E-9
346.00002E-6	30.685462E-3	-77.902841E-6	30.847657E-3	1.0739385E-6	30.934252E-3	6.3411189E-6	30.822271E-3	71.098329E-6
347.99997E-6	30.771278E-3	-7.2309931E-6	30.862289E-3	55.956018E-6	30.978410E-3	54.453743E-6	30.836860E-3	33.038934E-6
349.99999E-6	30.869283E-3	55.161465E-6	30.878007E-3	31.467564E-6	31.031709E-3	47.292953E-6	30.806364E-3	-49.736071E-6
352.00000E-6	30.878685E-3	50.804414E-6	30.903716E-3	-20.690761E-6	31.181255E-3	-19.333726E-6	30.795405E-3	-76.981662E-6
354.00002E-6	30.922940E-3	-27.804486E-6	30.928591E-3	-63.689462E-6	31.241616E-3	-53.623244E-6	30.802637E-3	-2.7349379E-6
355.99997E-6	30.911408E-3	-65.557979E-6	30.943021E-3	-32.675336E-6	31.284787E-3	-50.027080E-6	30.829644E-3	78.469704E-6
357.99999E-6	30.917067E-3	-65.624721E-6	30.930156E-3	32.365126E-6	31.370107E-3	1.8613781E-6	30.797083E-3	56.513149E-6
360.00001E-6	30.909568E-3	24.051038E-6	30.987805E-3	65.011372E-6	31.421546E-3	32.391072E-6	30.792760E-3	-31.520653E-6
361.99996E-6	30.930765E-3	62.355328E-6	30.978095E-3	-9.8260662E-6	31.381324E-3	50.391060E-6	30.774817E-3	-82.464670E-6
363.99998E-6	30.972064E-3	36.869136E-6	30.973598E-3	-83.379848E-6	31.335428E-3	-30.073270E-6	30.820077E-3	-35.006114E-9
365.99999E-6	30.987293E-3	-15.079757E-6	30.953895E-3	-54.854314E-6	31.255811E-3	-103.50417E-6	30.785201E-3	68.932713E-6
368.00001E-6	31.125676E-3	-78.451427E-6	31.005835E-3	19.227346E-6	31.182464E-3	-40.883759E-6	30.810697E-3	54.600077E-6
369.99997E-6	31.215057E-3	-64.152176E-6	30.974507E-3	67.850655E-6	31.090256E-3	38.692317E-6	30.819485E-3	-16.720214E-6
371.99998E-6	31.315632E-3	774.23368E-9	30.999146E-3	21.428672E-6	31.079149E-3	68.321031E-6	30.752597E-3	-93.739458E-6
374.00000E-6	31.279847E-3	73.850795E-6	30.935816E-3	-58.438913E-6	31.014560E-3	11.136761E-6	30.760596E-3	-13.958688E-6
376.00001E-6	31.223023E-3	48.132271E-6	30.970255E-3	-68.830879E-6	31.038318E-3	-61.723076E-6	30.843906E-3	51.003142E-6
377.99997E-6	31.107854E-3	4.1354124E-6	30.995402E-3	-5.2516052E-6	31.076096E-3	-72.003226E-6	30.884147E-3	43.244945E-6
379.99998E-6	31.058056E-3	-65.572829E-6	30.976087E-3	61.747225E-6	31.036250E-3	-11.301017E-6	30.828103E-3	-22.731054E-6
382.00000E-6	31.098986E-3	-44.927376E-6	31.008072E-3	27.531254E-6	31.053226E-3	42.036783E-6	30.894740E-3	-87.757304E-6
384.00001E-6	31.014176E-3	23.434894E-6	31.033408E-3	-46.690398E-6	31.053934E-3	67.700195E-6	30.918678E-3	-13.099197E-6
385.99997E-6	30.966595E-3	66.276429E-6	31.022042E-3	-84.294254E-6	31.023122E-3	-16.057462E-6	30.956015E-3	81.940605E-6
387.99999E-6	30.984759E-3	62.136198E-6	30.956710E-3	-40.481351E-6	31.032573E-3	-63.738175E-6	30.939892E-3	46.138110E-6
390.00000E-6	30.982554E-3	3.5162286E-6	30.996213E-3	46.258887E-6	31.025225E-3	-50.169776E-6	30.973816E-3	-36.311420E-6
392.00002E-6	30.956211E-3	-86.539272E-6	30.985620E-3	64.481785E-6	31.035153E-3	29.826608E-6	31.011377E-3	-51.927625E-6
393.99997E-6	30.991768E-3	-63.378604E-6	31.047434E-3	4.4938211E-6	31.021953E-3	70.076909E-6	30.960653E-3	-9.5312089E-6
395.99999E-6	31.019902E-3	15.643715E-6	31.076042E-3	-61.235311E-6	31.018382E-3	28.988894E-6	31.026630E-3	73.854790E-6
398.00000E-6	30.945828E-3	70.227004E-6	31.079292E-3	-63.668529E-6	30.995870E-3	-40.162769E-6	31.082474E-3	59.754802E-6
399.99996E-6	30.889679E-3	62.894949E-6	31.196916E-3	28.395409E-6	30.946026E-3	-73.524854E-6	31.077214E-3	-41.431722E-6
401.99998E-6	30.752212E-3	-11.943465E-6	31.219995E-3	78.333891E-6	30.827135E-3	-25.986737E-6	31.084647E-3	-74.725845E-6
403.99999E-6	30.674137E-3	-65.363303E-6	31.262327E-3	40.165156E-6	30.748082E-3	52.721643E-6	31.112464E-3	-23.972978E-6
406.00001E-6	30.693585E-3	-81.979684E-6	31.316940E-3	-45.152530E-6	30.675748E-3	74.772841E-6	31.129858E-3	59.865411E-6
407.99996E-6	30.676587E-3	24.660001E-6	31.309202E-3	-84.908439E-6	30.646089E-3	-2.3871498E-6	31.128446E-3	36.344401E-6
409.99998E-6	30.731950E-3	51.550101E-6	31.366687E-3	-14.775024E-6	30.664397E-3	-62.711471E-6	31.156238E-3	-30.161951E-6
411.99999E-6	30.924994E-3	43.950946E-6	31.350140E-3	72.689822E-6	30.682199E-3	-81.826794E-6	31.167716E-3	-68.358429E-6
414.00001E-6	30.983254E-3	-12.130537E-6	31.353716E-3	75.135118E-6	30.729041E-3	-9.6280573E-6	31.157672E-3	-22.113503E-6
415.99997E-6	31.073421E-3	-77.940735E-6	31.312823E-3	-12.043572E-6	30.820338E-3	66.784116E-6	31.188184E-3	86.288230E-6
417.99998E-6	31.078156E-3	-66.281202E-6	31.293556E-3	-61.772771E-6	30.890698E-3	31.518095E-6	31.190280E-3	37.030582E-6
420.00000E-6	31.101374E-3	10.129063E-6	31.225344E-3	-65.863831E-6	30.940944E-3	-12.715774E-6	31.241534E-3	-47.376434E-6
422.00001E-6	31.132858E-3	63.824133E-6	31.188650E-3	6.7929036E-6	30.956706E-3	-77.379264E-6	31.306572E-3	-80.893820E-6
423.99997E-6	31.140829E-3	51.720595E-6	31.133262E-3	79.466605E-6	30.987380E-3	-54.074131E-6	31.316437E-3	1.9652614E-6
425.99998E-6	31.136157E-3	-5.7247953E-6	31.051043E-3	46.035577E-6	30.989543E-3	9.6980493E-6	31.301163E-3	64.593230E-6
428.00000E-6	31.158252E-3	-57.530182E-6	30.999372E-3	-45.743669E-6	30.983740E-3	65.133136E-6	31.240327E-3	39.512313E-6
430.00001E-6	31.187046E-3	-60.739618E-6	30.946268E-3	-100.01572E-6	30.989705E-3	30.296897E-6	31.231700E-3	-68.848829E-6
431.99997E-6	31.370249E-3	-3.5164710E-6	30.911975E-3	-26.926820E-6	31.024737E-3	-29.242456E-6	31.248337E-3	-59.946989E-6
433.99999E-6	31.530920E-3	68.309411E-6	30.884899E-3	52.467713E-6	30.993355E-3	-79.103207E-6	31.259555E-3	18.483814E-6
436.00000E-6	31.609569E-3	57.110017E-6	30.915014E-3	71.579452E-6	31.029375E-3	-33.561715E-6	31.262465E-3	93.091869E-6
438.00002E-6	31.613655E-3	-23.368862E-6	31.014100E-3	-2.8943264E-6	31.011948E-3	55.024699E-6	31.251475E-3	30.828101E-6
439.99997E-6	31.598870E-3	-57.363693E-6	30.937126E-3	-63.784901E-6	35.602935E-3	2.7468700E-3	34.170941E-3	2.0237474E-3
441.99999E-6	31.451099E-3	-65.732558E-6	30.972796E-3	-58.768361E-6	33.658419E-3	3.1833737E-3	33.165790E-3	793.64912E-6
444.00000E-6	31.328451E-3	-8.6417976E-6	30.982403E-3	26.524131E-6	34.571014E-3	3.1028765E-3	33.847000E-3	1.4789182E-3
445.99996E-6	31.260036E-3	43.488933E-6	30.963182E-3	85.117725E-6	35.073087E-3	2.4667375E-3	33.518717E-3	2.1347264E-3
447.99998E-6	31.225441E-3	51.537176E-6	30.963089E-3	54.666212E-6	35.988219E-3	2.6692974E-3	33.753701E-3	2.8090875E-3
449.99999E-6	31.178344E-3	-32.667260E-6	31.018686E-3	-57.224701E-6	34.579758E-3	2.0969633E-3	34.754507E-3	2.5970489E-3
452.00001E-6	31.169761E-3	-55.045108E-6	30.985827E-3	-94.642302E-6	35.633549E-3	2.6818407E-3	35.667825E-3	2.0361152E-3
453.99996E-6	31.145694E-3	-87.043241E-6	30.976046E-3	-15.437894E-6	34.716506E-3	3.1395189E-3	34.867615E-3	2.0152323E-3
455.99998E-6	31.116569E-3	-20.996356E-6	30.976929E-3	52.995838E-6	35.487879E-3	3.1452684E-3	34.696367E-3	2.3686618E-3
457.99999E-6	31.127438E-3	45.891946E-6	30.985823E-3	62.045234E-6	40.499449E-3	1.2479977E-3	39.571781E-3	1.2141909E-3
460.00001E-6	31.124385E-3	58.585396E-6	30.965948E-3	-19.830655E-6	40.096804E-3	1.6273415E-3	39.877925E-3	1.1530491E-3
461.99997E-6	31.035017E-3	-2.9496762E-6	30.891297E-3	-70.060771E-6	40.313236E-3	1.2339662E-3	40.018663E-3	1.3727417E-3
463.99998E-6	30.945417E-3	-59.705097E-6	30.933375E-3	-47.325291E-6	40.041260E-3	1.0866000E-3	40.308587E-3	1.3371119E-3
466.00000E-6	30.855121E-3	-75.149495E-6	30.938672E-3	24.539451E-6	40.077265E-3	968.67920E-6	39.975788E-3	1.4269629E-3
468.00001E-6	30.785499E-3	-13.813585E-6	30.882202E-3	79.413359E-6	40.171914E-3	965.75543E-6	39.826140E-3	1.1410477E-3
469.99997E-6	30.896833E-3	40.668438E-6	30.815512E-3	57.330057E-6	39.916743E-3	1.4936125E-3	39.826680E-3	951.35695E-6
471.99999E-6	30.982250E-3	61.870131E-6	30.769184E-3	-29.037603E-6	40.286507E-3	1.2993134E-3	40.146485E-3	1.1956515E-3
474.00000E-6	31.157464E-3	24.549754E-6	30.729514E-3	-89.263092E-6	40.011473E-3	1.3031138E-3	39.991200E-3	1.4664778E-3
476.00002E-6	31.289056E-3	-43.749151E-6	30.744331E-3	-40.340339E-6	39.901625E-3	1.1041875E-3	40.109996E-3	1.3185864E-3
477.99997E-6	31.989880E-3	-70.720707E-6	30.746413E-3	58.252841E-6	40.730573E-3	808.75901E-6	40.840540E-3	892.14288E-6
479.99999E-6	31.549308E-3	820.81388E-6	31.037992E-3	65.389868E-6	40.710259E-3	787.70722E-6	40.867873E-3	819.59972E-6
482.00000E-6	31.253926E-3	872.80438E-6	31.122923E-3	3.8456342E-6	40.713735E-3	842.39128E-6	40.862445E-3	798.84077E-6
483.99996E-6	31.361133E-3	69.003443E-6	31.957217E-3	-53.634856E-6	40.812615E-3	911.62790E-6	40.842209E-3	876.13967E-6
485.99998E-6	32.201231E-3	25.292953E-6	31.222714E-3	-72.291565E-6	40.845204E-3	901.51612E-6	40.831212E-3	919.61224E-6
487.99999E-6	31.295415E-3	119.82266E-6	32.419920E-3	2.3315975E-3	40.825784E-3	859.06289E-6	40.810946E-3	908.81268E-6
490.00001E-6	32.016147E-3	-63.116036E-6	31.581096E-3	1.6025411E-3	40.765561E-3	794.89354E-6	40.795948E-3	834.20612E-6
491.99996E-6	33.101745E-3	1.4276039E-3	31.370524E-3	38.605383E-6	40.572118E-3	800.51506E-6	40.813997E-3	779.64040E-6
493.99998E-6	32.224882E-3	763.61472E-6	32.384660E-3	124.28686E-6	40.506441E-3	849.16857E-6	40.803097E-3	851.46056E-6
495.99999E-6	38.618635E-3	2.7621794E-3	36.183286E-3	2.7939240E-3	40.524129E-3	874.61009E-6	40.923573E-3	900.58846E-6
498.00001E-6	39.036337E-3	2.1069276E-3	38.058031E-3	3.0542603E-3	40.447522E-3	887.97574E-6	40.931366E-3	898.60393E-6
499.99997E-6	38.587935E-3	2.6285315E-3	39.035060E-3	1.6873835E-3	40.424943E-3	818.07130E-6	40.956687E-3	788.96794E-6
501.99998E-6	38.564712E-3	2.8163139E-3	38.834799E-3	1.8042127E-3	40.445380E-3	759.21282E-6	40.984992E-3	749.64541E-6
504.00000E-6	38.886566E-3	2.6377037E-3	40.195517E-3	1.7885962E-3	40.497866E-3	774.18692E-6	40.950302E-3	819.63872E-6
506.00001E-6	39.261777E-3	2.4574937E-3	38.619261E-3	2.1584060E-3	40.574905E-3	851.40270E-6	40.994637E-3	874.06836E-6
507.99997E-6	39.552230E-3	2.1453917E-3	39.178155E-3	2.4578881E-3	40.641543E-3	886.56088E-6	40.941767E-3	881.50037E-6
509.99998E-6	38.679473E-3	2.0877158E-3	39.513204E-3	1.7011812E-3	40.583339E-3	870.20372E-6	40.932141E-3	790.45375E-6
512.00000E-6	39.204426E-3	2.1454589E-3	39.281372E-3	1.5723248E-3	40.670548E-3	791.04613E-6	40.900480E-3	742.39972E-6
514.00001E-6	38.569998E-3	2.3525434E-3	39.916947E-3	1.7474897E-3	40.673804E-3	779.54598E-6	40.923893E-3	792.37478E-6
515.99997E-6	40.665019E-3	869.19678E-6	40.919878E-3	834.06793E-6	40.664356E-3	797.51172E-6	40.928993E-3	870.89697E-6
517.99999E-6	40.690534E-3	931.13980E-6	40.968228E-3	827.11107E-6	40.651143E-3	860.93752E-6	40.935371E-3	881.53721E-6
520.00000E-6	40.730994E-3	944.17483E-6	40.987857E-3	842.58441E-6	40.634975E-3	872.40315E-6	40.940244E-3	798.63018E-6
522.00002E-6	40.657360E-3	886.68946E-6	41.065410E-3	917.60134E-6	40.593348E-3	829.57523E-6	40.981110E-3	759.74112E-6
523.99997E-6	40.661249E-3	810.44371E-6	41.078303E-3	938.67310E-6	40.628105E-3	752.80876E-6	40.953267E-3	755.33567E-6
525.99999E-6	40.738724E-3	820.73023E-6	41.113820E-3	881.43966E-6	40.634103E-3	775.67162E-6	41.005407E-3	853.45190E-6
528.00000E-6	40.596422E-3	853.64090E-6	41.070513E-3	815.35667E-6	40.643472E-3	826.96223E-6	40.981025E-3	906.80609E-6
529.99996E-6	40.489133E-3	927.16271E-6	41.066665E-3	817.88149E-6	40.678285E-3	894.85518E-6	40.965848E-3	824.64353E-6
531.99998E-6	40.428333E-3	946.97747E-6	41.048191E-3	902.58598E-6	40.673833E-3	870.88085E-6	40.936563E-3	768.95417E-6
533.99999E-6	40.544666E-3	821.26446E-6	41.166235E-3	903.37271E-6	40.628750E-3	812.72068E-6	40.907193E-3	806.67832E-6
536.00001E-6	40.621582E-3	771.73812E-6	40.977508E-3	869.68899E-6	40.629990E-3	758.43063E-6	40.940844E-3	864.49680E-6
537.99996E-6	40.712364E-3	764.63306E-6	41.042533E-3	797.31474E-6	40.592968E-3	795.81817E-6	40.898986E-3	920.22092E-6
539.99998E-6	40.793162E-3	821.30538E-6	41.108258E-3	780.90542E-6	40.687308E-3	897.25730E-6	40.937394E-3	863.78952E-6
541.99999E-6	40.878393E-3	872.26403E-6	41.167811E-3	832.41175E-6	40.751010E-3	922.62786E-6	40.958073E-3	792.55865E-6
544.00001E-6	40.928848E-3	894.54430E-6	41.177575E-3	895.59826E-6	40.806230E-3	831.14055E-6	40.922735E-3	801.00552E-6
545.99997E-6	40.976126E-3	826.25193E-6	41.277811E-3	882.28460E-6	40.855553E-3	757.04366E-6	40.837839E-3	881.80514E-6
547.99998E-6	40.937040E-3	797.07621E-6	41.259732E-3	805.35602E-6	40.918939E-3	761.75120E-6	40.767718E-3	921.08990E-6
550.00000E-6	40.944483E-3	759.08116E-6	41.223947E-3	769.60644E-6	41.006517E-3	854.71821E-6	40.758736E-3	865.28825E-6
552.00001E-6	40.979024E-3	817.73306E-6	41.222151E-3	813.42692E-6	41.102469E-3	906.25824E-6	40.875606E-3	784.70539E-6
553.99997E-6	41.050363E-3	867.40009E-6	41.256826E-3	841.91083E-6	40.969819E-3	1.0323167E-3	40.328041E-3	1.0044939E-3
555.99998E-6	41.061882E-3	880.73185E-6	41.253202E-3	878.73131E-6	40.871199E-3	1.0387942E-3	40.580805E-3	956.39913E-6
558.00000E-6	41.106284E-3	833.71234E-6	41.305225E-3	793.81117E-6	40.470164E-3	1.1157232E-3	40.535174E-3	1.0730649E-3
560.00001E-6	41.165985E-3	763.12415E-6	41.295253E-3	753.09613E-6	40.282834E-3	1.1100286E-3	40.627234E-3	1.1846423E-3
561.99997E-6	41.267622E-3	739.81431E-6	41.294213E-3	783.25544E-6	40.590551E-3	1.0202801E-3	40.402383E-3	988.63326E-6
563.99999E-6	41.358642E-3	785.95208E-6	41.303288E-3	845.92350E-6	40.752977E-3	1.2557067E-3	40.244844E-3	1.0123951E-3
566.00000E-6	41.343201E-3	861.57233E-6	41.247264E-3	891.28164E-6	40.375680E-3	1.3424456E-3	40.033169E-3	1.0086037E-3
568.00002E-6	41.253787E-3	913.21417E-6	41.172519E-3	829.37593E-6	40.303618E-3	1.2283961E-3	40.265344E-3	1.1939546E-3
569.99997E-6	41.206717E-3	842.65420E-6	41.147988E-3	756.93108E-6	39.917499E-3	1.1816696E-3	40.617567E-3	1.2814559E-3
571.99999E-6	40.961903E-3	784.70062E-6	41.075293E-3	760.42407E-6	35.563990E-3	3.0420406E-3	37.608374E-3	2.7720246E-3
574.00001E-6	40.925764E-3	761.54317E-6	41.039892E-3	850.23110E-6	36.327008E-3	3.2866464E-3	37.426163E-3	2.6386159E-3
575.99996E-6	40.878288E-3	812.77097E-6	41.007653E-3	898.75091E-6	36.850534E-3	2.9926260E-3	37.246086E-3	3.3576936E-3
577.99998E-6	40.893707E-3	878.16775E-6	40.941514E-3	843.08354E-6	37.170500E-3	2.6809736E-3	35.059076E-3	3.2327471E-3
579.99999E-6	40.855587E-3	915.69376E-6	40.939867E-3	763.78160E-6	35.878807E-3	2.4243162E-3	36.505520E-3	2.8639864E-3
582.00001E-6	40.826425E-3	875.67174E-6	40.942244E-3	782.55904E-6	34.795728E-3	2.9875645E-3	37.642080E-3	2.5730429E-3
583.99996E-6	40.782213E-3	776.60976E-6	40.781058E-3	852.29322E-6	36.179658E-3	3.2135639E-3	37.184030E-3	3.0505164E-3
585.99998E-6	40.795594E-3	764.87614E-6	40.768608E-3	898.05981E-6	36.159702E-3	3.0670711E-3	36.486514E-3	3.1546785E-3
588.00000E-6	40.923893E-3	799.25562E-6	40.735662E-3	887.21688E-6	36.747944E-3	2.8594704E-3	35.629295E-3	3.2915145E-3
590.00001E-6	40.899470E-3	895.23633E-6	40.704850E-3	794.36979E-6	36.368646E-3	2.3194768E-3	36.554705E-3	3.0052646E-3
591.99997E-6	40.505249E-3	967.53007E-6	40.486842E-3	793.06046E-6	31.071216E-3	-67.970417E-6	31.157997E-3	165.42649E-6
593.99998E-6	40.341187E-3	922.47373E-6	40.431470E-3	828.78134E-6	31.019211E-3	8.5103366E-6	31.149585E-3	-72.004928E-6
596.00000E-6	40.029421E-3	937.25527E-6	40.447034E-3	965.46655E-6	30.986419E-3	44.428903E-6	31.070298E-3	-22.212515E-6
598.00001E-6	40.380705E-3	897.91050E-6	40.343396E-3	930.57466E-6	31.028977E-3	44.484026E-6	31.033952E-3	63.635285E-6
599.99997E-6	40.381651E-3	1.2134881E-3	40.398315E-3	860.32256E-6	31.042462E-3	-51.209227E-6	31.054044E-3	68.024608E-6
601.99999E-6	40.522441E-3	1.2648384E-3	40.403981E-3	794.35448E-6	31.001544E-3	-75.750868E-6	31.169591E-3	-12.958871E-6
604.00000E-6	40.597554E-3	990.03233E-6	40.401358E-3	839.83527E-6	30.957047E-3	-27.940017E-6	31.167308E-3	-46.986694E-6
606.00002E-6	40.510822E-3	923.43416E-6	40.425319E-3	1.0434070E-3	30.877672E-3	42.154697E-6	31.177735E-3	-25.406918E-6
607.99997E-6	40.214580E-3	1.0145039E-3	40.331256E-3	1.0045065E-3	30.884113E-3	72.102899E-6	31.125939E-3	54.500058E-6
609.99999E-6	37.238769E-3	2.6051530E-3	38.034789E-3	2.7475532E-3	30.815441E-3	15.991413E-6	31.090403E-3	49.470105E-6
612.00000E-6	37.924752E-3	2.9411830E-3	38.612954E-3	2.3731536E-3	30.773118E-3	-61.979212E-6	31.131679E-3	-40.686205E-6
613.99996E-6	37.083905E-3	2.8506580E-3	38.285557E-3	2.1577091E-3	30.690487E-3	-74.655298E-6	31.129725E-3	-93.424955E-6
615.99998E-6	36.721941E-3	3.2094503E-3	37.491437E-3	2.4667643E-3	30.665206E-3	9.3137796E-6	31.109601E-3	-30.726937E-6
617.99999E-6	35.728715E-3	3.2982943E-3	36.100782E-3	2.9825252E-3	30.638833E-3	57.991601E-6	31.056954E-3	33.536926E-6
620.00001E-6	37.815228E-3	2.9911052E-3	37.399534E-3	3.0871234E-3	30.597949E-3	39.766634E-6	31.047318E-3	64.448526E-6
621.99996E-6	37.212968E-3	2.2518984E-3	35.198804E-3	2.8845076E-3	30.377224E-3	-28.587832E-6	31.063855E-3	10.449123E-6
623.99998E-6	38.101573E-3	2.7275493E-3	37.510615E-3	2.8615084E-3	30.352119E-3	-84.418651E-6	31.032508E-3	-35.838322E-6
625.99999E-6	36.969163E-3	2.9027453E-3	37.513796E-3	2.4039610E-3	30.412091E-3	-35.755846E-6	31.040069E-3	-69.153823E-6
628.00001E-6	36.551144E-3	3.1302341E-3	37.354495E-3	2.8411984E-3	30.467894E-3	35.646452E-6	31.029591E-3	36.278216E-6
629.99997E-6	31.631395E-3	46.654754E-6	31.608727E-3	565.30372E-6	30.534279E-3	56.922334E-6	30.975154E-3	77.060176E-6
631.99998E-6	31.561378E-3	757.37835E-6	31.485450E-3	1.1205156E-3	30.615889E-3	20.782409E-6	30.971641E-3	9.2390446E-6
634.00000E-6	31.429235E-3	-74.158554E-6	31.400863E-3	458.25655E-6	30.682059E-3	-56.139306E-6	30.972259E-3	-55.416866E-6
636.00001E-6	31.315807E-3	-35.049539E-6	30.764397E-3	-62.469393E-6	30.730182E-3	-92.747796E-6	30.953808E-3	-68.890789E-6
637.99997E-6	31.290922E-3	23.240464E-6	31.624503E-3	15.675889E-6	30.730622E-3	-13.988454E-6	30.923488E-3	30.937601E-6
639.99998E-6	31.243557E-3	79.382953E-6	32.455377E-3	966.38798E-6	30.744871E-3	57.487803E-6	30.952621E-3	80.406709E-6
642.00000E-6	31.215074E-3	47.878515E-6	30.749753E-3	28.355460E-6	30.714097E-3	51.978037E-6	30.900579E-3	39.270803E-6
644.00001E-6	31.238291E-3	-40.035946E-6	30.745920E-3	-54.002387E-6	30.729637E-3	-23.009559E-6	30.984934E-3	-56.509583E-6
645.99997E-6	31.241786E-3	-77.943820E-6	30.968742E-3	356.47568E-6	30.764058E-3	-77.716541E-6	30.937424E-3	-79.921017E-6
647.99999E-6	31.175466E-3	-50.938372E-6	30.643770E-3	14.392808E-6	30.772651E-3	-65.756285E-6	30.949084E-3	3.9469273E-6
650.00000E-6	31.063724E-3	19.527328E-6	30.670378E-3	69.387424E-6	30.903200E-3	11.194315E-6	30.891683E-3	56.870747E-6
652.00002E-6	30.966045E-3	51.349682E-6	30.678179E-3	50.674484E-6	30.874794E-3	74.577300E-6	30.878376E-3	13.285494E-6
653.99997E-6	30.882340E-3	37.224625E-6	30.652735E-3	-19.775285E-6	30.887574E-3	38.466227E-6	30.816868E-3	-38.634527E-6
655.99999E-6	30.786496E-3	-20.737882E-6	30.600378E-3	-62.174455E-6	30.936422E-3	-52.749550E-6	30.842695E-3	-69.583009E-6
658.00000E-6	30.755637E-3	-71.525646E-6	30.602809E-3	-55.022887E-6	30.879978E-3	-55.657823E-6	30.789284E-3	-22.786104E-6
659.99996E-6	30.796722E-3	-47.473546E-6	30.523079E-3	46.480603E-6	30.954694E-3	-31.438285E-6	30.738205E-3	83.399682E-6
661.99998E-6	30.929957E-3	9.1631719E-6	30.519560E-3	62.332816E-6	30.993503E-3	60.463481E-6	30.727044E-3	62.645013E-6
663.99999E-6	31.029895E-3	72.021518E-6	30.474640E-3	-3.6744029E-6	31.049622E-3	66.136941E-6	30.684538E-3	-29.564180E-6
666.00001E-6	31.123871E-3	53.441177E-6	30.456336E-3	-103.10140E-6	31.142253E-3	-9.2161745E-6	30.653235E-3	-99.747078E-6
667.99996E-6	31.181674E-3	-12.236467E-6	30.433433E-3	-43.629916E-6	31.065643E-3	-70.311246E-6	30.662736E-3	-46.462093E-6
669.99998E-6	31.242756E-3	-74.724529E-6	30.439777E-3	23.905952E-6	31.273954E-3	-61.452803E-6	30.674608E-3	33.563359E-6
671.99999E-6	31.243188E-3	-66.406283E-6	30.522870E-3	55.226134E-6	31.158505E-3	-4.6501382E-6	30.623991E-3	67.056637E-6
674.00001E-6	31.246591E-3	762.61466E-9	30.535439E-3	8.1800963E-6	31.209059E-3	62.697531E-6	30.639021E-3	-12.720348E-6
675.99997E-6	31.239836E-3	56.406334E-6	30.556975E-3	-66.286346E-6	31.238431E-3	49.432030E-6	30.660748E-3	-80.134749E-6
677.99998E-6	31.223660E-3	32.935597E-6	30.600155E-3	-76.507516E-6	31.221492E-3	-14.925092E-6	30.668028E-3	-53.347427E-6
680.00000E-6	31.213384E-3	-8.2373481E-6	30.607404E-3	-3.8097505E-6	31.216361E-3	-65.455686E-6	30.659605E-3	55.798148E-6
682.00001E-6	31.194177E-3	-79.542122E-6	30.632013E-3	55.329885E-6	31.225873E-3	-14.993075E-6	30.672932E-3	80.826983E-6
683.99997E-6	31.328797E-3	-47.686688E-6	30.640716E-3	39.434264E-6	31.144295E-3	53.808315E-6	30.616228E-3	-27.438879E-6
685.99998E-6	31.508598E-3	25.174115E-6	30.683283E-3	-41.807507E-6	31.114060E-3	71.715884E-6	30.659024E-3	-59.495153E-6
688.00000E-6	31.564061E-3	69.955560E-6	30.729927E-3	-75.583841E-6	31.091530E-3	6.0701177E-6	30.609779E-3	-45.766425E-6
690.00002E-6	31.586800E-3	45.527391E-6	30.797549E-3	-30.169331E-6	31.026669E-3	-87.057349E-6	30.617647E-3	29.345090E-6
691.99997E-6	31.480446E-3	-10.528808E-6	30.810338E-3	60.817074E-6	31.042833E-3	-51.076473E-6	30.588593E-3	67.871195E-6
693.99999E-6	31.388022E-3	-72.625218E-6	30.869192E-3	72.468989E-6	30.930663E-3	3.8970725E-6	30.606842E-3	15.748798E-6
696.00000E-6	31.267669E-3	-49.799768E-6	30.914707E-3	-10.215452E-6	30.894158E-3	53.035670E-6	30.510334E-3	-64.569635E-6
697.99996E-6	31.162947E-3	-3.3046765E-6	30.949160E-3	-69.076377E-6	30.909015E-3	34.461737E-6	30.504299E-3	-60.614089E-6
699.99998E-6	31.123972E-3	68.946865E-6	30.928325E-3	-58.357407E-6	30.961635E-3	-32.623320E-6	30.512517E-3	13.258838E-6
701.99999E-6	31.071391E-3	40.429346E-6	30.964693E-3	42.594358E-6	30.917747E-3	-68.430680E-6	30.521022E-3	75.353819E-6
704.00001E-6	31.094994E-3	-9.0938029E-6	30.980080E-3	82.009894E-6	30.950598E-3	-28.800767E-6	30.525217E-3	8.5262291E-6
705.99996E-6	31.079883E-3	-71.248047E-6	30.973496E-3	16.314103E-6	30.940043E-3	35.118486E-6	30.480267E-3	-59.607297E-6
707.99998E-6	31.055968E-3	-75.576827E-6	30.980173E-3	-71.556038E-6	30.959692E-3	60.550290E-6	30.510236E-3	-56.014294E-6
709.99999E-6	31.032979E-3	15.689257E-6	30.998893E-3	-76.512704E-6	30.932294E-3	7.8386884E-6	30.509906E-3	-9.0461390E-6
712.00001E-6	31.025490E-3	73.333526E-6	31.008258E-3	32.926939E-6	30.913636E-3	-78.229670E-6	30.477874E-3	68.776390E-6
713.99997E-6	30.979129E-3	33.217042E-6	30.963533E-3	89.513444E-6	30.939873E-3	-69.001631E-6	30.623086E-3	40.536692E-6
715.99998E-6	30.874014E-3	-24.391980E-6	30.922156E-3	59.852890E-6	30.912001E-3	2.8816607E-6	30.645844E-3	-47.436166E-6
718.00000E-6	30.769501E-3	-73.300660E-6	30.956578E-3	-47.423644E-6	30.902157E-3	65.483007E-6	30.541597E-3	-54.668184E-6
720.00001E-6	30.676823E-3	-75.319243E-6	30.969419E-3	-87.018685E-6	30.903993E-3	43.787753E-6	30.551815E-3	6.9009930E-6
721.99997E-6	30.684546E-3	19.673273E-6	30.977238E-3	-11.092502E-6	30.877996E-3	-45.147761E-6	30.418843E-3	47.584232E-6
723.99998E-6	30.745696E-3	72.250834E-6	30.956795E-3	59.839447E-6	30.788781E-3	-75.253731E-6	30.437659E-3	41.896114E-6
726.00000E-6	30.975454E-3	60.853221E-6	30.952768E-3	59.669510E-6	30.912675E-3	-35.945694E-6	30.458707E-3	-53.745276E-6
728.00001E-6	31.135049E-3	-2.3548812E-6	30.964034E-3	-20.830836E-6	30.973045E-3	31.376891E-6	30.468041E-3	-90.694077E-6
729.99997E-6	31.207962E-3	-95.191222E-6	30.959796E-3	-64.649401E-6	31.070279E-3	70.556285E-6	30.508446E-3	1.4972633E-6
731.99999E-6	31.315111E-3	-64.461172E-6	30.974099E-3	-33.245480E-6	31.012427E-3	4.6517403E-6	30.525332E-3	61.870116E-6
734.00000E-6	31.346172E-3	10.581680E-6	31.001944E-3	20.502446E-6	30.954948E-3	-73.500574E-6	30.534117E-3	11.327047E-6
736.00002E-6	31.317167E-3	82.986167E-6	30.968003E-3	62.498249E-6	30.939881E-3	-48.681235E-6	30.479122E-3	-84.638144E-6
737.99997E-6	31.344131E-3	43.509477E-6	30.959221E-3	-12.168973E-6	30.884113E-3	9.1597640E-6	30.475616E-3	-71.354567E-6
739.99999E-6	31.333685E-3	-5.8591495E-6	30.985646E-3	-54.827451E-6	30.846519E-3	61.933126E-6	30.548370E-3	29.793706E-6
742.00000E-6	31.353869E-3	-83.874387E-6	30.981718E-3	-44.544056E-6	30.844057E-3	34.820714E-6	30.525547E-3	91.206595E-6
743.99996E-6	31.397142E-3	-56.909936E-6	30.980423E-3	29.507826E-6	30.881671E-3	-24.676394E-6	30.545698E-3	19.584231E-6
745.99998E-6	31.376567E-3	27.660029E-6	31.004591E-3	56.896799E-6	30.729128E-3	-91.739646E-6	30.526305E-3	-49.334227E-6
747.99999E-6	31.441793E-3	69.768896E-6	30.982042E-3	37.409562E-6	30.803684E-3	-50.533490E-6	30.588347E-3	-61.023344E-6
750.00001E-6	31.353243E-3	56.532997E-6	30.999219E-3	-84.110550E-6	30.835195E-3	38.865161E-6	30.659543E-3	5.6550889E-6
751.99996E-6	31.348813E-3	-31.053558E-6	30.986853E-3	-57.660352E-6	30.883197E-3	85.182306E-6	30.678473E-3	67.558976E-6
753.99998E-6	31.478401E-3	-57.560916E-6	31.055884E-3	8.2013557E-6	30.927392E-3	33.803171E-6	30.623585E-3	17.400253E-6
755.99999E-6	31.515174E-3	-24.229328E-6	31.143289E-3	68.489317E-6	30.978948E-3	-61.452796E-6	30.663798E-3	-53.312950E-6
758.00001E-6	31.578761E-3	10.872267E-6	31.161651E-3	37.011490E-6	30.990204E-3	-77.531833E-6	30.623738E-3	-57.904719E-6
759.99997E-6	31.508245E-3	76.227370E-6	31.161658E-3	-66.478933E-6	30.985747E-3	-13.861744E-6	30.640624E-3	21.024198E-6
761.99998E-6	31.441312E-3	38.818675E-6	31.172564E-3	-58.019785E-6	31.011226E-3	55.417444E-6	30.698009E-3	81.553560E-6
764.00000E-6	31.317811E-3	-32.283253E-6	31.189127E-3	-1.9273268E-6	31.025149E-3	48.371370E-6	30.726630E-3	37.839778E-6
766.00001E-6	31.263281E-3	-75.958829E-6	31.193258E-3	69.553251E-6	30.928047E-3	-14.301718E-6	30.705960E-3	-79.858204E-6
767.99997E-6	31.190097E-3	-50.976116E-6	31.180389E-3	34.989640E-6	30.920066E-3	-70.541719E-6	30.782796E-3	-60.850063E-6
769.99998E-6	31.137703E-3	38.689941E-6	31.191757E-3	-27.128215E-6	30.911824E-3	-80.448975E-6	30.856829E-3	15.065012E-6
772.00000E-6	31.099120E-3	67.343077E-6	31.181233E-3	-94.925257E-6	30.947216E-3	457.49087E-9	30.901009E-3	76.154400E-6
774.00001E-6	31.005858E-3	9.1621368E-6	31.188864E-3	-12.840785E-6	30.985219E-3	62.603605E-6	30.928195E-3	5.4912380E-6
775.99997E-6	30.921036E-3	-62.314932E-6	31.215379E-3	67.807458E-6	31.051738E-3	39.586568E-6	30.967453E-3	-45.519835E-6
777.99999E-6	30.923605E-3	-76.336109E-6	31.171963E-3	53.296782E-6	31.047655E-3	-30.142042E-6	30.945325E-3	-36.387271E-6
780.00000E-6	30.910579E-3	-3.6001099E-6	31.182000E-3	-41.244151E-6	31.137498E-3	-74.970449E-6	30.948052E-3	43.303509E-6
782.00002E-6	30.881194E-3	54.390650E-6	31.036083E-3	-66.943365E-6	31.234641E-3	-63.583444E-6	31.005125E-3	73.828647E-6
784.00003E-6	30.899251E-3	72.277202E-6	31.030925E-3	-11.426779E-6	31.287234E-3	15.503856E-6	31.074403E-3	-27.137368E-6
785.99993E-6	30.983420E-3	88.539309E-9	31.059962E-3	72.564842E-6	31.344190E-3	77.298297E-6	31.054568E-3	-77.681376E-6
787.99995E-6	30.965015E-3	-67.328016E-6	31.016419E-3	54.575143E-6	31.326301E-3	2.8102791E-6	30.978791E-3	-26.440828E-6
789.99996E-6	30.946534E-3	-67.533008E-6	31.059328E-3	-52.268417E-6	31.250075E-3	-55.014250E-6	31.025313E-3	41.092062E-6
791.99998E-6	30.883726E-3	-6.2885483E-6	31.054199E-3	-78.851561E-6	31.217789E-3	-77.299293E-6	30.996198E-3	59.066711E-6
793.99999E-6	30.834505E-3	59.581638E-6	31.073203E-3	-33.653650E-6	31.182634E-3	-27.998616E-6	30.980801E-3	-23.594426E-6
796.00001E-6	30.725423E-3	50.098923E-6	31.071955E-3	68.282978E-6	31.108830E-3	32.359596E-6	31.014035E-3	-79.766105E-6
798.00002E-6	30.647408E-3	-17.660308E-6	31.047415E-3	49.600458E-6	31.032421E-3	75.353295E-6	30.980535E-3	-10.860747E-6
800.00004E-6	30.697029E-3	-73.756433E-6	31.048913E-3	-35.041405E-6	31.022547E-3	10.433436E-6	31.044206E-3	80.487676E-6
801.99994E-6	30.729624E-3	-49.100057E-6	31.038940E-3	-73.426178E-6	31.050239E-3	-67.482288E-6	31.047713E-3	44.945329E-6
803.99995E-6	30.842585E-3	20.234505E-6	31.039406E-3	-18.148023E-6	31.019565E-3	-53.549735E-6	31.047776E-3	-62.871397E-6
805.99997E-6	30.927710E-3	71.919261E-6	31.030424E-3	57.955345E-6	31.005789E-3	-4.2280199E-6	31.007037E-3	-76.485216E-6
807.99998E-6	30.997397E-3	51.170278E-6	30.972961E-3	56.967579E-6	30.990686E-3	54.371794E-6	31.068645E-3	6.5235590E-6
810.00000E-6	31.137465E-3	-43.502823E-6	30.997336E-3	-27.707030E-6	30.975301E-3	36.433212E-6	31.040642E-3	73.416246E-6
812.00001E-6	31.157950E-3	-47.219386E-6	31.033067E-3	-91.970956E-6	30.998997E-3	-21.456935E-6	31.069625E-3	12.168292E-6
814.00003E-6	31.167798E-3	-36.349058E-6	31.053316E-3	-38.100261E-6	31.008260E-3	-66.969042E-6	31.181714E-3	-81.945524E-6
816.00004E-6	31.126682E-3	30.548974E-6	31.035671E-3	73.367824E-6	31.004149E-3	-39.976821E-6	31.216037E-3	-47.721271E-6
817.99994E-6	31.152610E-3	72.755669E-6	31.056322E-3	58.867332E-6	30.988038E-3	41.820083E-6	31.229900E-3	40.300980E-6
819.99996E-6	31.147696E-3	31.052256E-6	31.099305E-3	-14.138811E-6	30.973075E-3	807.21441E-6	31.280581E-3	70.352609E-6
821.99997E-6	31.173654E-3	-33.554003E-6	31.053256E-3	-58.754937E-6	31.649511E-3	489.62166E-6	31.250753E-3	-4.3882173E-6
823.99999E-6	31.196855E-3	-86.724314E-6	31.071268E-3	-28.622115E-6	31.660013E-3	541.27205E-6	31.308498E-3	-78.070952E-6
826.00000E-6	31.221904E-3	-37.756821E-6	31.047476E-3	57.577276E-6	31.718247E-3	108.62933E-6	31.325065E-3	-36.285899E-6
828.00002E-6	31.254195E-3	52.252839E-6	31.018557E-3	77.460187E-6	31.700108E-3	23.562870E-6	31.390339E-3	63.988678E-6
830.00003E-6	31.314734E-3	63.409272E-6	31.053592E-3	-17.812890E-6	30.750720E-3	331.86123E-6	31.450246E-3	45.421722E-6
831.99993E-6	31.382456E-3	25.461844E-6	31.051641E-3	-71.520604E-6	30.672785E-3	40.687988E-6	31.480718E-3	-39.967650E-6
833.99995E-6	31.447813E-3	-62.730745E-6	31.059112E-3	-46.110345E-6	30.578922E-3	8.9493442E-6	31.488687E-3	-88.390589E-6
835.99996E-6	31.474851E-3	-78.862409E-6	31.045962E-3	40.445368E-6	33.092882E-3	1.1046891E-3	31.494442E-3	-15.940064E-6
837.99998E-6	31.523164E-3	-12.855558E-6	31.032018E-3	61.592124E-6	31.662501E-3	508.12197E-6	31.504650E-3	940.94599E-6
839.99999E-6	31.494468E-3	47.511156E-6	31.048978E-3	-17.373275E-6	37.286434E-3	2.2267927E-3	37.170600E-3	3.3874079E-3
842.00001E-6	31.356327E-3	46.526769E-6	31.027541E-3	-70.559014E-6	38.003407E-3	2.0393562E-3	36.653668E-3	3.3490912E-3
844.00002E-6	31.326476E-3	18.682729E-6	31.031584E-3	-52.892228E-6	38.318977E-3	2.1798743E-3	36.460418E-3	2.9291324E-3
846.00004E-6	31.247808E-3	-54.301207E-6	31.038268E-3	45.750290E-6	36.135741E-3	3.1044795E-3	37.521895E-3	2.5032640E-3
847.99994E-6	31.133933E-3	-82.030827E-6	31.048968E-3	62.945241E-6	36.913980E-3	2.6167668E-3	38.338766E-3	2.9571122E-3
849.99995E-6	31.129571E-3	-1.5319403E-6	31.043945E-3	18.130986E-6	37.896357E-3	2.3274904E-3	37.836153E-3	3.1900478E-3
851.99997E-6	30.974247E-3	72.696545E-6	31.024251E-3	-65.370135E-6	37.845410E-3	2.4544590E-3	36.134128E-3	3.2377732E-3
853.99998E-6	30.963525E-3	52.928492E-6	31.079482E-3	-66.227658E-6	37.598465E-3	3.1219861E-3	36.462780E-3	2.8167795E-3
856.00000E-6	30.946957E-3	5.8783053E-6	31.066110E-3	21.407590E-6	38.724519E-3	2.2221012E-3	37.712220E-3	2.6311085E-3
858.00001E-6	35.641488E-3	2.2833105E-3	34.767050E-3	2.5398643E-3	40.159360E-3	836.08081E-6	40.485773E-3	1.1233988E-3
860.00003E-6	34.669019E-3	3.1488845E-3	35.686612E-3	2.2593962E-3	40.195305E-3	886.50931E-6	40.218364E-3	1.0354059E-3
862.00004E-6	35.129778E-3	3.2451702E-3	35.820019E-3	2.9474106E-3	40.148497E-3	968.14532E-6	40.477086E-3	844.24904E-6
863.99994E-6	37.015866E-3	2.8885370E-3	35.108306E-3	3.1435732E-3	40.050782E-3	1.0111299E-3	40.697012E-3	899.44224E-6
865.99996E-6	36.283527E-3	2.4473825E-3	34.511346E-3	3.3164043E-3	40.102117E-3	907.14608E-6	40.579345E-3	1.0757504E-3
867.99997E-6	36.334742E-3	2.4657245E-3	36.455013E-3	2.9707900E-3	40.120136E-3	813.69921E-6	40.339958E-3	1.1153251E-3
869.99999E-6	35.435926E-3	3.0242831E-3	37.135445E-3	2.9254965E-3	40.191121E-3	830.59957E-6	40.295143E-3	983.06115E-6
872.00000E-6	34.477264E-3	3.3043402E-3	36.030989E-3	2.7850086E-3	40.316958E-3	917.26781E-6	40.537316E-3	878.95943E-6
874.00002E-6	34.990270E-3	3.3059549E-3	35.452075E-3	3.0902962E-3	40.102638E-3	937.64981E-6	40.619906E-3	931.67950E-6
876.00003E-6	35.834879E-3	3.0975963E-3	37.413083E-3	3.2253840E-3	40.129889E-3	972.49408E-6	40.585451E-3	1.0227055E-3
877.99993E-6	39.760709E-3	1.3545300E-3	40.210541E-3	1.0829995E-3	40.433019E-3	814.00917E-6	40.856697E-3	915.02344E-6
879.99995E-6	40.157136E-3	1.2318450E-3	40.559899E-3	1.1486385E-3	40.313762E-3	770.49609E-6	40.858965E-3	853.36581E-6
881.99996E-6	40.280554E-3	947.30302E-6	40.720198E-3	1.0720179E-3	40.338576E-3	818.92428E-6	40.847603E-3	803.21351E-6
883.99998E-6	40.275909E-3	872.23091E-6	40.706795E-3	870.73643E-6	40.275741E-3	888.00455E-6	41.045513E-3	795.15821E-6
885.99999E-6	40.071886E-3	995.91957E-6	40.581137E-3	878.33754E-6	40.286511E-3	906.95504E-6	41.219585E-3	871.47520E-6
888.00001E-6	40.068604E-3	1.1415991E-3	40.627640E-3	1.0308728E-3	40.369723E-3	844.69776E-6	41.233856E-3	922.46209E-6
890.00002E-6	40.118039E-3	1.2230849E-3	40.724818E-3	1.0800090E-3	40.378455E-3	771.04155E-6	41.213989E-3	871.88004E-6
892.00004E-6	40.361576E-3	1.0776379E-3	40.833082E-3	1.0277763E-3	40.425636E-3	767.91731E-6	41.224044E-3	785.52018E-6
893.99994E-6	40.373381E-3	1.0083730E-3	40.842488E-3	1.0543918E-3	40.444121E-3	843.97319E-6	41.251760E-3	780.07102E-6
895.99995E-6	40.724766E-3	798.02971E-6	41.051120E-3	801.05994E-6	40.582243E-3	884.12955E-6	41.282948E-3	827.12178E-6
897.99997E-6	40.753607E-3	841.54349E-6	41.035481E-3	861.72536E-6	40.603708E-3	843.48803E-6	41.169360E-3	869.09463E-6
899.99998E-6	40.852409E-3	883.93409E-6	40.785462E-3	884.97280E-6	40.633470E-3	779.69360E-6	40.958349E-3	861.42472E-6
902.00000E-6	40.877048E-3	878.48224E-6	40.802777E-3	853.02710E-6	40.644616E-3	756.18253E-6	40.997095E-3	790.51981E-6
904.00001E-6	40.942654E-3	814.37780E-6	40.872697E-3	801.91618E-6	40.643916E-3	816.28893E-6	40.990476E-3	754.36808E-6
906.00003E-6	41.002426E-3	757.45361E-6	40.770374E-3	772.72905E-6	40.685635E-3	870.86763E-6	40.994495E-3	816.75535E-6
908.00005E-6	41.045561E-3	786.24603E-6	40.750522E-3	811.36136E-6	40.697087E-3	891.99061E-6	41.028436E-3	879.35833E-6
909.99994E-6	41.002639E-3	862.25208E-6	40.732905E-3	896.87336E-6	40.794902E-3	820.10031E-6	41.067839E-3	864.24273E-6
911.99996E-6	40.964331E-3	897.92727E-6	40.729191E-3	888.98110E-6	40.834788E-3	755.89359E-6	41.022867E-3	788.47131E-6
913.99997E-6	40.883619E-3	891.09654E-6	40.736694E-3	816.09399E-6	40.849574E-3	760.51889E-6	41.009538E-3	755.51530E-6
915.99999E-6	40.836804E-3	792.57094E-6	40.704723E-3	736.08657E-6	40.829644E-3	867.04624E-6	40.975597E-3	801.30325E-6
918.00001E-6	40.791016E-3	748.38003E-6	40.683437E-3	808.20877E-6	40.849652E-3	884.51820E-6	40.976904E-3	885.68404E-6
920.00002E-6	40.707376E-3	794.19062E-6	40.663738E-3	862.27391E-6	40.786065E-3	826.34180E-6	40.947668E-3	886.36507E-6
922.00004E-6	40.673189E-3	846.52711E-6	40.672123E-3	898.87303E-6	40.723156E-3	772.34244E-6	40.994294E-3	805.62389E-6
923.99993E-6	40.635388E-3	895.04127E-6	40.619288E-3	795.29581E-6	40.710229E-3	752.55823E-6	41.091744E-3	758.00181E-6
925.99995E-6	40.609431E-3	852.43495E-6	40.622782E-3	750.93232E-6	40.629860E-3	828.39240E-6	41.086990E-3	821.85300E-6
927.99996E-6	40.650699E-3	768.34852E-6	40.663280E-3	770.48573E-6	40.589429E-3	918.79367E-6	41.129772E-3	901.42118E-6
929.99998E-6	40.589575E-3	746.03088E-6	40.684268E-3	861.70231E-6	40.628731E-3	906.13548E-6	41.110903E-3	909.58807E-6
932.00000E-6	40.594514E-3	784.46139E-6	40.683456E-3	882.80032E-6	40.584054E-3	774.16230E-6	41.097529E-3	789.87156E-6
934.00001E-6	40.601272E-3	875.08943E-6	40.639751E-3	828.47493E-6	40.568881E-3	755.82729E-6	41.063569E-3	742.98953E-6
936.00003E-6	40.541332E-3	901.05785E-6	40.523559E-3	747.94010E-6	40.378526E-3	798.35276E-6	40.893734E-3	838.84667E-6
938.00004E-6	40.540449E-3	846.98905E-6	40.559292E-3	805.28617E-6	40.395878E-3	908.03765E-6	40.850867E-3	918.32178E-6
939.99994E-6	40.446058E-3	780.85228E-6	40.479075E-3	873.72749E-6	40.384859E-3	921.32360E-6	40.871162E-3	932.02858E-6
941.99996E-6	40.353775E-3	764.32223E-6	40.511992E-3	909.08451E-6	40.197369E-3	871.12334E-6	40.860258E-3	832.09388E-6
943.99997E-6	40.272072E-3	794.92509E-6	40.510058E-3	847.34964E-6	40.209115E-3	834.10466E-6	40.901821E-3	767.77994E-6
945.99999E-6	40.258728E-3	892.79155E-6	40.489063E-3	760.51324E-6	40.116392E-3	819.91538E-6	40.810514E-3	838.17181E-6
948.00000E-6	40.257782E-3	919.97482E-6	40.562090E-3	775.36167E-6	40.106177E-3	887.52463E-6	40.892836E-3	929.10678E-6
950.00002E-6	40.445097E-3	857.18709E-6	40.550627E-3	869.53561E-6	40.123284E-3	963.02206E-6	40.852346E-3	924.04365E-6
952.00003E-6	40.530577E-3	784.21505E-6	40.583152E-3	901.12619E-6	40.109623E-3	935.51638E-6	40.846452E-3	839.54853E-6
953.99993E-6	40.198911E-3	1.1006560E-3	39.720744E-3	997.16941E-6	38.587052E-3	1.9082814E-3	38.648460E-3	1.5543307E-3
955.99995E-6	40.316287E-3	1.1293298E-3	39.495647E-3	1.1210094E-3	38.855985E-3	2.0288501E-3	39.409779E-3	2.0274019E-3
957.99996E-6	40.223457E-3	1.4045623E-3	39.859883E-3	1.2479012E-3	38.893569E-3	1.7945861E-3	39.708667E-3	1.5081110E-3
959.99998E-6	40.116567E-3	1.2492634E-3	40.110651E-3	1.2846875E-3	38.618211E-3	2.7273980E-3	39.452087E-3	1.8319775E-3
961.99999E-6	39.837535E-3	1.1446229E-3	39.907292E-3	1.3394014E-3	39.266843E-3	2.2457249E-3	39.198820E-3	1.8243379E-3
964.00001E-6	39.996497E-3	1.0437736E-3	39.830476E-3	989.39810E-6	38.116928E-3	2.1050973E-3	39.075982E-3	1.4418608E-3
966.00002E-6	39.895426E-3	1.2094505E-3	39.779659E-3	1.1263081E-3	38.944252E-3	1.5452120E-3	39.149530E-3	1.7988187E-3
968.00004E-6	40.092949E-3	1.5250380E-3	40.086154E-3	1.3402743E-3	39.311588E-3	1.2406177E-3	38.793299E-3	2.5600386E-3
969.99994E-6	40.019061E-3	1.6013815E-3	40.403005E-3	1.5199212E-3	38.558364E-3	2.4889715E-3	39.880577E-3	1.8589819E-3
971.99995E-6	40.190954E-3	1.1523999E-3	40.369172E-3	1.3685720E-3	38.362443E-3	2.7455585E-3	39.567553E-3	1.9833832E-3
973.99997E-6	33.546384E-3	3.1166875E-3	35.372529E-3	3.2676819E-3	33.839408E-3	628.63686E-6	31.782392E-3	2.0070637E-3
975.99998E-6	32.952603E-3	2.6198425E-3	35.669502E-3	2.8768715E-3	32.865699E-3	1.0527476E-3	32.959178E-3	2.8011315E-3
978.00000E-6	35.123605E-3	2.1284244E-3	36.417075E-3	2.4615156E-3	32.488160E-3	2.2928612E-3	34.295607E-3	1.7032848E-3
980.00001E-6	35.475839E-3	2.0614124E-3	36.809925E-3	2.7972083E-3	32.952160E-3	2.8746761E-3	33.853099E-3	1.0594466E-3
982.00003E-6	35.990775E-3	2.3822128E-3	35.324585E-3	2.1010209E-3	34.301426E-3	2.6941861E-3	33.559784E-3	1.3242913E-3
984.00004E-6	35.015281E-3	2.9712054E-3	34.184083E-3	3.1011472E-3	33.138201E-3	1.1516284E-3	33.306476E-3	2.1554322E-3
985.99994E-6	33.847760E-3	2.9738995E-3	34.722362E-3	2.8677792E-3	32.392297E-3	1.2146606E-3	32.721441E-3	2.5208897E-3
987.99996E-6	35.257418E-3	2.6380189E-3	35.170801E-3	2.4427022E-3	30.431172E-3	1.4584957E-3	34.387011E-3	2.2264551E-3
989.99997E-6	35.757344E-3	2.3607195E-3	35.116989E-3	2.1637359E-3	33.086199E-3	2.2911248E-3	32.760989E-3	515.12790E-6
991.99999E-6	31.022863E-3	97.956566E-9	30.908428E-3	77.421653E-6	30.502988E-3	8.4649646E-6	30.984562E-3	-12.706176E-6
994.00000E-6	30.975224E-3	67.153182E-6	30.925920E-3	56.253051E-6	30.587638E-3	90.308764E-6	30.941952E-3	-74.505588E-6
996.00002E-6	30.946298E-3	36.868114E-6	30.905779E-3	-40.860952E-6	30.658128E-3	67.017005E-6	30.925633E-3	-53.779870E-6
998.00003E-6	30.746359E-3	-15.558307E-6	30.915312E-3	-68.102716E-6	30.756649E-3	-16.034403E-6	30.944927E-3	53.425381E-6
999.99993E-6	30.749733E-3	-70.680202E-6	30.923722E-3	-18.695227E-6	30.789440E-3	-74.694093E-6	30.947248E-3	55.263590E-6
