Experiment	Sweeper	
Saved Date	30.06.2023 18:53:56	
User		
Date		
Start time	30.06.2023 18:41:51	
Sweep channel: Name	Output 2 (V)	
Sweep channel: Start (V)	-100E-6	
Sweep channel: Stop (V)	200E-6	
Sweep channel: Points	601	
Sweep channel: Max slew rate (V/s)	Inf	
Sweep channel: Initial settling time (s)	20E+3	
Sweep channel: End settling time (s)	2E+0	
Sweep channel: Backward sweep	TRUE	
Sweep channel: Number of sweeps	2	
Sweep channel: Reset	FALSE	
Step channel 1: Name	Output 3 (V)	
Step channel 1: Start (V)	50E-3	
Step channel 1: Stop (V)	50E-3	
Step channel 1: Points	2	
Step channel 1: Max slew rate (V/s)	10E+0	
Step channel 1:  Initial settling time (s)	2E+0	
Step channel 1: End settling time (s)	2E+0	
Step channel 1: Backward sweep	FALSE	
Step channel 1: Reset	FALSE	
Sweep Type	2D-Both RT	
Acquire channels	Input 1 (V);LI Demod 3 X (V)	
Filter type	None	
Order		
Cutoff frq		

[DATA]
Output 2 Setp. (V)	Input 1 [00001] (V)	LI Demod 3 X [00001] (V)	Input 1 [00002] (V)	LI Demod 3 X [00002] (V)	Input 1 [00001] [bwd] (V)	LI Demod 3 X [00001] [bwd] (V)	Input 1 [00002] [bwd] (V)	LI Demod 3 X [00002] [bwd] (V)
-99.999997E-6	31.169435E-3	-23.827632E-6	30.953132E-3	-40.625775E-6	30.940933E-3	69.729438E-6	31.371724E-3	-86.764703E-6
-99.500001E-6	31.190667E-3	48.691574E-6	30.955479E-3	-73.360279E-6	30.901637E-3	23.407580E-6	31.355638E-3	-48.202273E-6
-98.999997E-6	31.175006E-3	35.722758E-6	30.925771E-3	17.469907E-6	30.966463E-3	-53.596141E-6	31.344064E-3	47.880840E-6
-98.500001E-6	31.103190E-3	-59.460577E-6	30.962992E-3	68.814239E-6	30.918600E-3	-49.898768E-6	31.294521E-3	64.658459E-6
-97.999997E-6	31.023409E-3	-71.077193E-6	30.998338E-3	8.6486980E-6	30.889060E-3	38.134593E-6	31.260937E-3	-20.526582E-6
-97.500000E-6	30.951791E-3	45.387445E-6	31.048477E-3	-64.745895E-6	30.845392E-3	56.966801E-6	31.258624E-3	-78.620775E-6
-96.999996E-6	30.838579E-3	68.464193E-6	31.103922E-3	-42.586944E-6	30.767359E-3	-21.701433E-6	31.204363E-3	-39.146060E-6
-96.500000E-6	30.737311E-3	11.542756E-6	31.216523E-3	58.185658E-6	30.672751E-3	-89.504472E-6	31.174956E-3	62.599138E-6
-95.999996E-6	30.655814E-3	-47.545000E-6	31.241810E-3	60.015274E-6	30.645754E-3	-20.015093E-6	31.112507E-3	52.155323E-6
-95.500000E-6	30.606560E-3	-56.947181E-6	31.336181E-3	-33.068285E-6	30.653590E-3	70.309397E-6	31.056887E-3	-33.030919E-6
-94.999996E-6	30.587275E-3	41.051375E-6	31.375434E-3	-90.788046E-6	30.619966E-3	21.646490E-6	30.994674E-3	-78.042081E-6
-94.499999E-6	30.578198E-3	68.542889E-6	31.400342E-3	-16.264643E-6	30.716106E-3	-48.007234E-6	30.976746E-3	-502.38782E-9
-93.999995E-6	30.612133E-3	-29.141185E-6	31.430922E-3	64.739303E-6	30.800994E-3	-61.357554E-6	30.966403E-3	60.871211E-6
-93.499999E-6	30.665763E-3	-48.894028E-6	31.374149E-3	21.392010E-6	30.783758E-3	24.067152E-6	30.954277E-3	46.611389E-6
-92.999995E-6	30.770723E-3	-29.643254E-6	31.293698E-3	-45.279168E-6	30.838642E-3	51.662286E-6	30.927230E-3	-37.133432E-6
-92.499999E-6	30.786071E-3	80.063328E-6	31.185664E-3	-65.836604E-6	30.931247E-3	-19.625126E-6	30.935632E-3	-87.067427E-6
-91.999995E-6	30.808305E-3	37.827969E-6	31.164441E-3	33.379791E-6	30.949751E-3	-81.841637E-6	30.928599E-3	23.915605E-6
-91.499998E-6	30.809825E-3	-54.278091E-6	31.112527E-3	75.025804E-6	31.124253E-3	-18.141156E-6	30.934783E-3	65.864886E-6
-90.999994E-6	30.855432E-3	-61.747320E-6	31.098891E-3	-21.367950E-6	31.100443E-3	53.241401E-6	30.895641E-3	15.838081E-6
-90.499998E-6	30.906606E-3	32.060212E-6	31.043796E-3	-90.539943E-6	31.107895E-3	22.089040E-6	30.878970E-3	-49.352035E-6
-90.000001E-6	30.938691E-3	57.896556E-6	31.054171E-3	-15.759437E-6	31.072257E-3	-71.291135E-6	30.865781E-3	-53.378586E-6
-89.499998E-6	30.942297E-3	-8.9091536E-6	31.066144E-3	49.945553E-6	31.127516E-3	-50.743274E-6	30.841360E-3	18.697729E-6
-88.999994E-6	30.949386E-3	-80.537866E-6	31.043243E-3	38.854087E-6	31.109471E-3	34.080003E-6	30.892234E-3	71.019080E-6
-88.499997E-6	30.948311E-3	-50.075178E-6	31.033089E-3	-43.515349E-6	31.141536E-3	72.995761E-6	30.866675E-3	7.2331809E-6
-88.000001E-6	30.944379E-3	63.651620E-6	31.025764E-3	-46.501911E-6	31.162752E-3	-11.412460E-6	30.846074E-3	-50.134418E-6
-87.499997E-6	30.953335E-3	51.493727E-6	30.966014E-3	33.891298E-6	31.238819E-3	-69.242626E-6	30.890288E-3	-50.720922E-6
-87.000000E-6	30.942058E-3	-58.363450E-6	30.918853E-3	69.603891E-6	31.361055E-3	-17.618757E-6	30.903280E-3	38.911541E-6
-86.499997E-6	30.972801E-3	-75.764838E-6	30.886376E-3	-16.989390E-6	31.377241E-3	65.036642E-6	30.900538E-3	82.471000E-6
-86.000000E-6	31.048898E-3	15.539821E-6	30.774448E-3	-80.309452E-6	31.414039E-3	37.840207E-6	30.934295E-3	-8.7069948E-6
-85.499996E-6	31.185802E-3	60.629514E-6	30.758468E-3	-24.236855E-6	31.466860E-3	-46.846682E-6	30.918369E-3	-82.068575E-6
-85.000000E-6	31.282414E-3	9.7939874E-6	30.735081E-3	79.297562E-6	31.371690E-3	-53.935182E-6	30.910565E-3	-37.545673E-6
-84.499996E-6	31.358037E-3	-78.914098E-6	30.682532E-3	50.583512E-6	31.339310E-3	46.985555E-6	30.891186E-3	39.101709E-6
-83.999999E-6	31.446636E-3	-36.441812E-6	30.655835E-3	-79.891317E-6	31.274002E-3	72.635557E-6	30.895125E-3	72.889932E-6
-83.499996E-6	31.437762E-3	52.310585E-6	30.672349E-3	-53.700540E-6	31.174442E-3	-11.992795E-6	30.857941E-3	-14.855978E-6
-82.999999E-6	31.410173E-3	50.108123E-6	30.760311E-3	40.758685E-6	31.080602E-3	-73.847994E-6	30.835524E-3	-81.429360E-6
-82.499995E-6	31.299390E-3	-50.742710E-6	30.764343E-3	86.169232E-6	31.062186E-3	-21.966620E-6	30.853810E-3	-20.023710E-6
-81.999999E-6	31.272370E-3	-63.486666E-6	30.838283E-3	-7.1715954E-6	31.012950E-3	49.535625E-6	30.764550E-3	55.885401E-6
-81.499995E-6	31.184204E-3	10.421656E-6	30.834235E-3	-73.422263E-6	31.020392E-3	39.678613E-6	30.760292E-3	70.804817E-6
-80.999998E-6	31.177755E-3	60.831593E-6	30.906234E-3	-19.449872E-6	31.018212E-3	-37.638129E-6	30.776585E-3	-21.399050E-6
-80.500002E-6	31.176301E-3	-15.672214E-6	30.918131E-3	73.135314E-6	31.017344E-3	-102.96147E-6	30.764638E-3	-81.533632E-6
-79.999998E-6	31.135453E-3	-72.891213E-6	30.895734E-3	15.349802E-6	30.980090E-3	693.99988E-9	30.784303E-3	-34.002296E-6
-79.499994E-6	31.142164E-3	-4.2314932E-6	30.932525E-3	-68.380061E-6	30.988390E-3	73.994546E-6	30.746643E-3	51.084935E-6
-78.999998E-6	31.118779E-3	49.158363E-6	30.892950E-3	-46.925139E-6	31.020267E-3	10.192634E-6	30.782193E-3	28.111172E-6
-78.500001E-6	31.106494E-3	39.240746E-6	30.935265E-3	47.065809E-6	31.009717E-3	-77.768229E-6	30.659018E-3	-48.103178E-6
-77.999997E-6	31.112209E-3	-55.966975E-6	31.130344E-3	62.905317E-6	31.001689E-3	-65.255510E-6	30.723548E-3	-81.915852E-6
-77.499993E-6	31.046759E-3	-51.531373E-6	31.137815E-3	-28.978910E-6	30.999592E-3	52.331576E-6	30.759141E-3	-22.840239E-6
-76.999997E-6	30.934399E-3	36.608308E-6	31.259138E-3	-51.071715E-6	30.937718E-3	74.684212E-6	30.699054E-3	58.011468E-6
-76.500000E-6	30.846449E-3	65.712891E-6	31.303704E-3	-425.08711E-9	30.942159E-3	-18.903471E-6	30.700281E-3	58.050537E-6
-75.999997E-6	30.738216E-3	-52.402655E-6	31.432543E-3	77.091150E-6	30.908633E-3	-91.679249E-6	30.682074E-3	-37.607642E-6
-75.500000E-6	30.652603E-3	-96.974763E-6	31.584121E-3	29.726247E-6	30.883294E-3	-10.672206E-6	30.674998E-3	-74.394993E-6
-74.999996E-6	30.676663E-3	26.241960E-6	31.657454E-3	-62.577172E-6	30.846782E-3	65.500433E-6	30.697068E-3	-19.417575E-6
-74.500000E-6	30.758144E-3	65.365435E-6	31.611253E-3	-53.212210E-6	30.835966E-3	38.058824E-6	30.681951E-3	50.327428E-6
-73.999996E-6	30.883642E-3	-5.5748583E-6	31.543441E-3	43.581047E-6	30.807441E-3	-46.314650E-6	30.572744E-3	29.040606E-6
-73.499999E-6	30.933529E-3	-68.177673E-6	31.467311E-3	63.276966E-6	30.728064E-3	-80.207872E-6	30.618720E-3	-56.500714E-6
-72.999996E-6	30.982904E-3	-31.755819E-6	31.382456E-3	-35.541321E-6	30.696498E-3	-12.707828E-6	30.597918E-3	-80.688238E-6
-72.499999E-6	31.040533E-3	62.238090E-6	31.323750E-3	-79.587866E-6	30.712837E-3	77.907222E-6	30.587584E-3	-19.438057E-6
-71.999995E-6	31.059394E-3	60.433191E-6	31.279866E-3	8.8096140E-6	30.722769E-3	8.1098924E-6	30.542616E-3	88.689943E-6
-71.499999E-6	31.043375E-3	-29.156656E-6	31.258803E-3	51.640025E-6	30.751003E-3	-70.552182E-6	30.529408E-3	33.760614E-6
-70.999995E-6	31.082338E-3	-55.881996E-6	31.228097E-3	11.757817E-6	30.789053E-3	-48.845264E-6	30.529782E-3	-69.014983E-6
-70.499998E-6	31.059843E-3	22.118153E-6	31.225840E-3	-85.723666E-6	30.848045E-3	38.578903E-6	30.519729E-3	-75.302225E-6
-69.999995E-6	31.079596E-3	68.529582E-6	31.152673E-3	-52.086187E-6	30.872202E-3	69.843642E-6	30.505996E-3	5.4553561E-6
-69.499998E-6	31.134052E-3	-1.8910956E-6	31.141780E-3	61.277795E-6	30.921945E-3	1.8236998E-6	30.493297E-3	67.868234E-6
-69.000002E-6	31.160949E-3	-95.435811E-6	31.173535E-3	64.740030E-6	31.108035E-3	-83.646155E-6	30.506307E-3	7.9363635E-6
-68.499998E-6	31.209882E-3	-7.5071912E-6	31.129353E-3	-18.433011E-6	31.033235E-3	-24.218354E-6	30.507233E-3	-54.801578E-6
-67.999994E-6	31.283692E-3	74.705444E-6	31.143012E-3	-87.864420E-6	30.936984E-3	70.618073E-6	30.519461E-3	-68.927031E-6
-67.499997E-6	31.354576E-3	41.312647E-6	31.110307E-3	896.32425E-9	30.962942E-3	51.196686E-6	30.494599E-3	27.455304E-6
-67.000001E-6	31.436585E-3	-37.227470E-6	31.041687E-3	52.618019E-6	31.016292E-3	-40.312916E-6	30.508975E-3	70.202128E-6
-66.499997E-6	31.521332E-3	-69.289257E-6	30.999565E-3	12.691167E-6	31.077147E-3	-75.223274E-6	30.542810E-3	18.408873E-6
-65.999993E-6	31.496350E-3	24.987341E-6	30.928833E-3	-52.252468E-6	31.031195E-3	17.567814E-6	30.572221E-3	-61.473795E-6
-65.499997E-6	31.388476E-3	65.597305E-6	30.848278E-3	-56.374294E-6	31.051658E-3	56.843877E-6	30.610070E-3	-31.750296E-6
-65.000000E-6	31.308457E-3	-27.111417E-6	30.666800E-3	45.349341E-6	31.077055E-3	32.727599E-6	30.665195E-3	42.363183E-6
-64.499996E-6	31.181525E-3	-76.390570E-6	30.712778E-3	81.340339E-6	30.958910E-3	-80.142461E-6	30.680329E-3	55.061162E-6
-63.999993E-6	31.133501E-3	-570.39546E-9	30.701052E-3	-32.834017E-6	31.024674E-3	-38.898637E-6	30.714814E-3	-20.032525E-6
-63.499996E-6	31.110492E-3	57.885747E-6	30.703884E-3	-82.342776E-6	31.077228E-3	19.759293E-6	30.748561E-3	-88.841931E-6
-62.999999E-6	31.077828E-3	15.606598E-6	30.731577E-3	-30.383551E-6	31.072563E-3	61.674080E-6	30.827068E-3	-47.845198E-6
-62.499996E-6	31.105658E-3	-68.667963E-6	30.794146E-3	70.264316E-6	31.129654E-3	-5.8190831E-6	30.808825E-3	58.099951E-6
-61.999999E-6	31.078329E-3	-68.437577E-6	30.887051E-3	48.311551E-6	31.097215E-3	-81.875900E-6	30.841244E-3	65.464061E-6
-61.500003E-6	31.132136E-3	50.658698E-6	30.919749E-3	-35.059657E-6	31.124651E-3	-9.1212314E-6	30.881260E-3	-21.538475E-6
-60.999999E-6	31.086341E-3	70.938433E-6	30.954910E-3	-65.388427E-6	31.139290E-3	56.710815E-6	30.949650E-3	-84.258470E-6
-60.499999E-6	31.070620E-3	-37.498543E-6	30.999077E-3	-7.7751401E-6	31.157823E-3	60.364546E-6	30.973928E-3	-24.587074E-6
-59.999998E-6	31.025412E-3	-67.139234E-6	31.131802E-3	92.940922E-6	31.213852E-3	-39.221472E-6	30.893704E-3	42.897384E-6
-59.499998E-6	31.003619E-3	-9.8758410E-6	31.171810E-3	23.882902E-6	31.321164E-3	-56.515695E-6	30.910974E-3	35.681023E-6
-58.999998E-6	30.907201E-3	62.463871E-6	31.046828E-3	-72.939984E-6	31.352803E-3	-274.52433E-9	30.933782E-3	-51.146908E-6
-58.499998E-6	30.804742E-3	23.494786E-6	31.065404E-3	-48.720292E-6	31.462219E-3	71.687660E-6	30.952526E-3	-70.332724E-6
-57.999998E-6	30.675858E-3	-49.163558E-6	31.084541E-3	49.290000E-6	31.496186E-3	27.301843E-6	30.925637E-3	-4.0114692E-6
-57.499998E-6	30.650150E-3	-43.095846E-6	31.045290E-3	44.189317E-6	31.434372E-3	-81.012469E-6	30.913465E-3	73.316762E-6
-56.999997E-6	30.620230E-3	67.317524E-6	31.046072E-3	-36.592268E-6	31.394228E-3	-49.564020E-6	30.865194E-3	21.390906E-6
-56.499997E-6	30.682931E-3	59.094145E-6	31.016542E-3	-68.883965E-6	31.242080E-3	51.289466E-6	30.913649E-3	-97.551027E-6
-55.999997E-6	30.805947E-3	-59.924176E-6	31.023754E-3	2.5929508E-6	31.224003E-3	75.577074E-6	30.927643E-3	-60.666720E-6
-55.499997E-6	31.161174E-3	-65.218592E-6	31.049013E-3	58.407244E-6	31.104533E-3	-50.425340E-6	30.940756E-3	27.536880E-6
-54.999997E-6	30.955995E-3	21.831391E-6	31.054538E-3	31.851454E-6	31.033413E-3	-94.970645E-6	30.972743E-3	60.936491E-6
-54.499997E-6	30.987982E-3	71.168448E-6	31.152679E-3	-62.909632E-6	31.014819E-3	13.297684E-6	30.984106E-3	-23.854516E-6
-53.999996E-6	31.030277E-3	332.56819E-9	31.253383E-3	-68.101210E-6	30.992482E-3	67.280816E-6	31.021919E-3	-49.965842E-6
-53.499996E-6	31.039232E-3	-61.818857E-6	31.286288E-3	18.064549E-6	30.904831E-3	-3.9880420E-6	31.087924E-3	-36.241119E-6
-52.999996E-6	31.040968E-3	-20.884067E-6	31.381346E-3	75.451833E-6	30.931614E-3	-71.943694E-6	31.146040E-3	60.720467E-6
-52.499996E-6	31.021889E-3	51.041257E-6	31.423539E-3	-21.288257E-6	30.964507E-3	-51.698666E-6	31.199021E-3	43.406155E-6
-51.999996E-6	31.024149E-3	37.000966E-6	31.564891E-3	-62.907697E-6	30.932995E-3	46.432040E-6	31.080458E-3	-42.080621E-6
-51.499999E-6	31.035347E-3	-68.063418E-6	31.589106E-3	-26.797554E-6	30.950135E-3	52.895313E-6	31.146677E-3	-50.287228E-6
-50.999999E-6	31.133501E-3	-78.652090E-6	31.563446E-3	72.085619E-6	30.942746E-3	-53.393880E-6	31.161496E-3	27.241145E-6
-50.499999E-6	31.265043E-3	32.702759E-6	31.611238E-3	52.683117E-6	30.832302E-3	-95.586933E-6	31.088850E-3	60.629223E-6
-49.999999E-6	31.415578E-3	76.844248E-6	31.593822E-3	-53.748470E-6	30.736608E-3	6.1648166E-6	30.856092E-3	-5.7781222E-6
-49.499999E-6	31.437088E-3	-34.401630E-6	31.515367E-3	-76.003867E-6	30.717021E-3	92.954593E-6	30.707665E-3	-46.988818E-6
-48.999998E-6	31.478155E-3	-86.513246E-6	31.445451E-3	10.543542E-6	30.617211E-3	-24.733685E-6	30.809471E-3	-39.165221E-6
-48.499998E-6	31.453427E-3	-3.8128917E-6	31.372555E-3	74.144431E-6	30.553181E-3	-77.225341E-6	30.739369E-3	65.654174E-6
-47.999998E-6	31.319797E-3	58.605947E-6	31.355731E-3	13.399464E-6	30.581599E-3	-10.688152E-6	30.722393E-3	50.958392E-6
-47.499998E-6	31.270348E-3	24.577637E-6	31.304494E-3	-62.894309E-6	30.655965E-3	67.852372E-6	30.706437E-3	-74.023767E-6
-46.999998E-6	31.190546E-3	-61.309045E-6	31.100145E-3	-29.171235E-6	30.767944E-3	39.089547E-6	30.518992E-3	-67.329580E-6
-46.499998E-6	31.130621E-3	-44.248918E-6	31.085273E-3	39.044382E-6	30.883176E-3	-52.827181E-6	30.560749E-3	36.182231E-6
-45.999997E-6	31.134414E-3	38.573486E-6	31.089945E-3	33.232591E-6	30.963920E-3	-54.940898E-6	30.597571E-3	66.408822E-6
-45.499997E-6	31.142524E-3	60.485654E-6	31.034965E-3	-39.130911E-6	31.005142E-3	33.402917E-6	30.585755E-3	-18.406075E-6
-44.999997E-6	31.118754E-3	-25.104251E-6	31.053364E-3	-69.788708E-6	31.063350E-3	65.392407E-6	30.554309E-3	-69.411086E-6
-44.499997E-6	31.151682E-3	-79.377387E-6	31.037007E-3	-2.6824280E-6	31.066103E-3	-16.936448E-6	30.699909E-3	11.411962E-6
-43.999997E-6	31.107018E-3	-8.1107373E-6	31.030132E-3	61.024668E-6	31.064184E-3	-76.351520E-6	30.626902E-3	56.909488E-6
-43.499997E-6	31.116355E-3	77.730729E-6	31.050876E-3	36.122794E-6	31.068379E-3	5.9262657E-6	30.595129E-3	29.575189E-6
-42.999996E-6	31.094180E-3	15.049343E-6	31.031653E-3	-74.400028E-6	31.034473E-3	68.395209E-6	30.497607E-3	-41.224390E-6
-42.499996E-6	31.065689E-3	-63.725842E-6	31.053606E-3	-62.932108E-6	31.101974E-3	19.613748E-6	30.418761E-3	-65.530912E-6
-41.999996E-6	31.127157E-3	-56.183420E-6	30.996310E-3	36.994625E-6	31.179378E-3	-86.201828E-6	30.337090E-3	27.576547E-6
-41.499996E-6	31.031046E-3	52.329182E-6	30.935802E-3	55.006807E-6	31.277303E-3	-25.971511E-6	30.219229E-3	70.482696E-6
-40.999999E-6	30.948132E-3	75.391377E-6	30.910656E-3	-6.7079091E-6	31.376891E-3	76.073979E-6	30.225404E-3	-12.117347E-6
-40.499999E-6	30.868253E-3	-33.095956E-6	30.820927E-3	-81.049504E-6	31.392463E-3	38.491442E-6	30.291110E-3	-72.858951E-6
-39.999999E-6	30.794064E-3	-74.339347E-6	30.735012E-3	-11.333614E-6	31.378161E-3	-55.364540E-6	30.398984E-3	-33.505439E-6
-39.499999E-6	30.742358E-3	-1.4874951E-6	30.685140E-3	51.999639E-6	31.272806E-3	-83.050589E-6	30.452875E-3	68.407891E-6
-38.999999E-6	30.729830E-3	70.572307E-6	30.665955E-3	37.285183E-6	31.089813E-3	30.371262E-6	30.542865E-3	49.873302E-6
-38.499995E-6	30.772353E-3	8.2498955E-6	30.605782E-3	-40.428298E-6	31.032231E-3	93.769988E-6	30.629089E-3	-47.606660E-6
-37.999998E-6	30.880999E-3	-86.266773E-6	30.588115E-3	-64.850778E-6	31.027218E-3	-22.695986E-6	30.623529E-3	-58.002046E-6
-37.499995E-6	30.945761E-3	-35.015670E-6	30.664857E-3	14.645357E-6	31.065723E-3	-64.164553E-6	30.640699E-3	-2.8864602E-6
-36.999998E-6	30.998543E-3	21.010172E-6	30.737294E-3	73.090101E-6	31.094445E-3	-1.5617835E-6	30.692212E-3	72.323222E-6
-36.499994E-6	31.000158E-3	69.552807E-6	30.764779E-3	19.009987E-6	31.111097E-3	71.508650E-6	30.670995E-3	8.5290621E-6
-35.999998E-6	31.089202E-3	-52.670213E-6	30.752182E-3	-50.916409E-6	31.051518E-3	15.836627E-6	30.676192E-3	-52.231895E-6
-35.500001E-6	31.117059E-3	-111.50845E-6	30.749818E-3	-69.887385E-6	31.074809E-3	-63.631385E-6	30.702630E-3	-62.344217E-6
-34.999997E-6	31.102873E-3	-1.5604777E-6	30.823899E-3	16.207863E-6	30.935738E-3	-49.112488E-6	30.711025E-3	23.587689E-6
-34.500001E-6	31.129392E-3	60.915361E-6	30.850947E-3	68.449066E-6	30.890586E-3	46.359160E-6	30.785114E-3	51.896881E-6
-33.999997E-6	31.144956E-3	40.406190E-6	30.877464E-3	-2.6501903E-6	30.787041E-3	36.792619E-6	30.851658E-3	-14.556575E-6
-33.500000E-6	31.130338E-3	-36.134839E-6	30.819315E-3	-83.021216E-6	30.705718E-3	-32.510794E-6	30.831926E-3	-60.074573E-6
-32.999997E-6	31.160206E-3	-68.928130E-6	30.812431E-3	-57.955058E-6	30.655125E-3	-71.361181E-6	30.835064E-3	-40.948718E-6
-32.500000E-6	31.157084E-3	25.230265E-6	30.857611E-3	47.691261E-6	30.645136E-3	15.488444E-6	30.877851E-3	19.099620E-6
-31.999996E-6	31.183178E-3	66.999884E-6	30.833157E-3	55.243323E-6	30.681565E-3	49.772592E-6	30.879404E-3	65.733344E-6
-31.500000E-6	31.166222E-3	4.5562342E-6	30.833777E-3	-21.075793E-6	30.749712E-3	-3.0656536E-6	30.944886E-3	-46.092231E-6
-30.999996E-6	31.188106E-3	-73.349067E-6	30.817503E-3	-76.350509E-6	30.884076E-3	-65.420943E-6	30.935388E-3	-58.976217E-6
-30.499999E-6	31.189313E-3	-47.043468E-6	30.856680E-3	-15.267044E-6	30.958990E-3	-23.140456E-6	30.949347E-3	-1.6184641E-6
-29.999996E-6	31.223098E-3	52.331707E-6	30.871555E-3	53.099244E-6	31.028643E-3	72.547773E-6	30.890191E-3	73.738818E-6
-29.499999E-6	31.236727E-3	59.179056E-6	30.873526E-3	57.421468E-6	31.037726E-3	46.565721E-6	31.038346E-3	46.500205E-6
-28.999995E-6	31.269453E-3	-46.933317E-6	30.959990E-3	-46.822446E-6	31.058151E-3	-63.449086E-6	31.079708E-3	-81.384569E-6
-28.499999E-6	31.351104E-3	-81.801896E-6	31.001952E-3	-75.358170E-6	31.046376E-3	-73.378927E-6	31.126916E-3	-46.514015E-6
-27.999995E-6	31.441107E-3	-38.315073E-6	30.981701E-3	5.8209025E-6	31.051589E-3	33.394848E-6	31.159803E-3	17.290187E-6
-27.499998E-6	31.509213E-3	54.322634E-6	30.972749E-3	84.226260E-6	31.081293E-3	57.733279E-6	31.227052E-3	97.284428E-6
-26.999995E-6	31.507198E-3	27.599570E-6	30.952657E-3	11.766595E-6	31.097759E-3	-30.231047E-6	31.258527E-3	-5.7764778E-6
-26.499998E-6	31.618241E-3	-71.290822E-6	30.994859E-3	-78.799290E-6	31.138452E-3	-60.006565E-6	31.297140E-3	-72.114468E-6
-25.999994E-6	31.633053E-3	-86.135544E-6	30.968709E-3	-69.402340E-6	31.171242E-3	-22.400875E-6	31.274181E-3	-49.292081E-6
-25.499998E-6	31.588960E-3	18.222891E-6	30.997673E-3	41.000600E-6	31.236544E-3	70.989045E-6	31.221045E-3	51.826722E-6
-25.000001E-6	31.589113E-3	57.248471E-6	31.026769E-3	69.502843E-6	31.329069E-3	28.974193E-6	31.181321E-3	47.851598E-6
-24.499997E-6	31.548738E-3	9.5405167E-6	31.104270E-3	-12.778510E-6	31.398539E-3	-61.552382E-6	31.169999E-3	-35.785532E-6
-24.000001E-6	31.495418E-3	-76.026765E-6	31.192649E-3	-82.237988E-6	31.440739E-3	-71.449183E-6	31.174246E-3	-66.546942E-6
-23.499997E-6	31.480014E-3	-42.847609E-6	31.253409E-3	-46.158384E-6	31.374700E-3	42.024789E-6	31.184491E-3	-15.951640E-6
-23.000001E-6	31.425159E-3	42.612166E-6	31.268552E-3	77.540266E-6	31.307362E-3	50.158222E-6	31.169314E-3	82.910759E-6
-22.499997E-6	31.388987E-3	60.291946E-6	31.318273E-3	54.608143E-6	31.248471E-3	-34.990586E-6	31.137774E-3	26.887310E-6
-22.000000E-6	31.308483E-3	-19.780360E-6	31.365838E-3	-29.489120E-6	31.142306E-3	-92.488764E-6	31.068398E-3	-68.281908E-6
-21.499996E-6	31.319894E-3	-83.488405E-6	31.387016E-3	-90.062684E-6	31.065021E-3	12.299650E-6	31.059073E-3	-58.759037E-6
-21.000000E-6	31.256113E-3	3.4585328E-6	31.440828E-3	-15.893831E-6	31.042583E-3	67.309316E-6	31.046553E-3	8.3176683E-6
-20.499996E-6	31.256396E-3	60.136841E-6	31.482812E-3	48.403868E-6	30.977601E-3	15.243331E-6	30.995460E-3	62.040977E-6
-19.999999E-6	31.216869E-3	57.083864E-6	31.448748E-3	39.082879E-6	30.973274E-3	-52.115312E-6	30.996289E-3	19.574953E-6
-19.499996E-6	31.214228E-3	-40.472762E-6	31.434882E-3	-71.813090E-6	31.008491E-3	-28.966442E-6	31.003356E-3	-56.536745E-6
-18.999999E-6	31.177700E-3	-85.060718E-6	31.395033E-3	-65.899105E-6	30.975554E-3	52.561907E-6	30.965803E-3	-57.670240E-6
-18.499995E-6	31.169698E-3	13.741741E-6	31.309705E-3	4.3180498E-6	30.961314E-3	38.400674E-6	30.971073E-3	23.427867E-6
-17.999999E-6	31.196576E-3	67.544730E-6	31.285286E-3	97.682532E-6	30.898413E-3	-42.719224E-6	30.970562E-3	80.349375E-6
-17.499995E-6	31.204028E-3	18.580240E-6	31.208796E-3	71.703141E-9	30.848620E-3	-55.202923E-6	30.975062E-3	7.0809147E-6
-16.999998E-6	31.180909E-3	-72.011666E-6	31.151578E-3	-64.906657E-6	30.751988E-3	55.563181E-6	30.980693E-3	-88.321089E-6
-16.499995E-6	31.203328E-3	-44.287379E-6	31.126998E-3	-60.670067E-6	30.643780E-3	65.061788E-6	30.982021E-3	-57.718335E-6
-15.999998E-6	31.175850E-3	35.455341E-6	31.119926E-3	55.765082E-6	30.603847E-3	-46.493085E-6	30.934159E-3	49.915765E-6
-15.499994E-6	31.123269E-3	87.086701E-6	31.106504E-3	40.960113E-6	30.654669E-3	-68.239831E-6	30.930268E-3	47.343416E-6
-14.999998E-6	31.089533E-3	-36.404581E-6	31.089518E-3	-21.550670E-6	30.774936E-3	5.3283466E-6	30.914685E-3	5.2946498E-6
-14.500001E-6	31.088542E-3	-56.058052E-6	31.072009E-3	-79.308185E-6	30.960785E-3	85.511623E-6	30.963527E-3	-66.090404E-6
-13.999997E-6	30.945269E-3	-10.344467E-6	31.100245E-3	-30.586565E-6	31.039432E-3	3.6994095E-6	30.937850E-3	-49.681687E-6
-13.500001E-6	30.911574E-3	54.110551E-6	31.093212E-3	70.482936E-6	31.068314E-3	-80.148857E-6	30.959729E-3	44.219330E-6
-12.999997E-6	30.860221E-3	35.892430E-6	31.090684E-3	35.607147E-6	31.069707E-3	-36.868834E-6	30.945845E-3	86.166998E-6
-12.500001E-6	30.762667E-3	-37.971386E-6	31.076921E-3	-68.306435E-6	31.077830E-3	59.731741E-6	30.977160E-3	-32.996209E-6
-11.999997E-6	30.725384E-3	-62.183601E-6	30.914435E-3	-52.670701E-6	31.106416E-3	37.145121E-6	30.904567E-3	-87.667984E-6
-11.500000E-6	30.692670E-3	6.0617472E-6	30.893667E-3	16.608505E-6	31.066446E-3	-76.370234E-6	30.967297E-3	-71.913550E-6
-10.999996E-6	30.611265E-3	91.334412E-6	30.851698E-3	74.081392E-6	31.169919E-3	-35.526846E-6	30.966179E-3	46.015823E-6
-10.500000E-6	30.655727E-3	-9.2398022E-6	30.811766E-3	-21.676220E-6	31.244209E-3	63.346815E-6	30.953670E-3	63.936182E-6
-9.9999961E-6	30.613830E-3	-66.815708E-6	30.709568E-3	-98.228658E-6	31.325489E-3	40.696577E-6	30.914186E-3	-11.860570E-6
-9.4999996E-6	30.667333E-3	-39.188242E-6	30.546417E-3	-25.691521E-6	31.447317E-3	-43.940650E-6	30.923050E-3	-90.478134E-6
-8.9999958E-6	30.710924E-3	45.432858E-6	30.477772E-3	59.593043E-6	31.456318E-3	-73.774609E-6	30.913901E-3	-26.036128E-6
-8.4999992E-6	30.629644E-3	35.017692E-6	30.418022E-3	27.867871E-6	31.357031E-3	21.380905E-6	30.884376E-3	52.425112E-6
-7.9999954E-6	30.709442E-3	-5.0411086E-6	30.617680E-3	-71.611321E-6	31.141005E-3	53.861520E-6	30.917687E-3	60.810082E-6
-7.4999989E-6	30.777814E-3	-82.948769E-6	30.611536E-3	-87.903849E-6	31.053144E-3	-30.153309E-6	30.892549E-3	-36.795886E-6
-6.9999951E-6	30.760933E-3	-26.769463E-6	30.680265E-3	17.111654E-6	30.999588E-3	-98.581339E-6	30.862743E-3	-69.622525E-6
-6.4999986E-6	30.812507E-3	56.992256E-6	30.763993E-3	45.719054E-6	30.959617E-3	4.0696264E-6	30.851053E-3	-46.829427E-6
-5.9999948E-6	30.873504E-3	69.932241E-6	30.859279E-3	-26.270665E-6	30.948270E-3	73.062969E-6	30.898942E-3	49.702314E-6
-5.4999982E-6	30.877089E-3	-25.605550E-6	30.908298E-3	-78.264544E-6	30.980503E-3	18.467676E-6	30.925859E-3	53.543401E-6
-4.9999944E-6	30.878197E-3	-78.416568E-6	30.898964E-3	-37.958951E-6	30.997926E-3	-68.684640E-6	30.935699E-3	-38.034872E-6
-4.4999979E-6	30.870935E-3	-21.446502E-6	30.908916E-3	71.400114E-6	30.955235E-3	-35.163168E-6	30.913243E-3	-79.898768E-6
-3.9999941E-6	30.886453E-3	62.903513E-6	30.955991E-3	26.362140E-6	30.903524E-3	64.964108E-6	30.927211E-3	-6.9290541E-6
-3.4999975E-6	30.889755E-3	59.465150E-6	31.005753E-3	-68.753245E-6	30.693272E-3	50.251754E-6	30.892860E-3	59.972739E-6
-3.0000010E-6	30.896658E-3	-47.074675E-6	31.011617E-3	-61.247840E-6	30.563695E-3	-68.250527E-6	30.875394E-3	34.655786E-6
-2.4999972E-6	30.886266E-3	-71.338349E-6	30.986387E-3	12.915143E-6	30.457603E-3	-54.369189E-6	30.859120E-3	-43.548276E-6
-2.0000007E-6	30.923720E-3	17.046863E-6	30.988360E-3	57.063178E-6	30.441582E-3	38.957824E-6	30.796975E-3	-81.562641E-6
-1.4999969E-6	30.941227E-3	69.524736E-6	31.024616E-3	-13.293888E-6	30.615518E-3	34.456847E-6	30.819057E-3	-4.6046835E-6
-1.0000003E-6	30.892890E-3	53.765059E-6	30.994341E-3	-67.328889E-6	30.747006E-3	-27.437341E-6	30.741803E-3	87.724780E-6
-499.99653E-9	30.902797E-3	-46.923644E-6	31.062752E-3	-23.320921E-6	30.867891E-3	-83.825660E-6	30.581903E-3	43.351894E-6
0.0000000E+0	30.897273E-3	-91.930815E-6	31.161146E-3	60.575614E-6	30.936798E-3	13.465215E-6	30.592136E-3	-51.195460E-6
500.00381E-9	30.887973E-3	19.894580E-6	31.232698E-3	43.275631E-6	30.987324E-3	79.148987E-6	30.622106E-3	-85.222862E-6
1.0000003E-6	30.907324E-3	72.343661E-6	31.284325E-3	-59.421302E-6	30.986549E-3	-15.750587E-6	30.716656E-3	-4.8722113E-6
1.5000041E-6	30.984437E-3	30.476574E-6	31.350326E-3	-74.751544E-6	31.004775E-3	-65.067150E-6	30.717617E-3	49.980201E-6
2.0000007E-6	30.923482E-3	-74.059993E-6	31.399485E-3	23.789249E-6	31.001899E-3	-35.491437E-6	30.659571E-3	32.907112E-6
2.5000045E-6	30.927446E-3	-64.183783E-6	31.464677E-3	64.794920E-6	31.001154E-3	58.539365E-6	30.648898E-3	-49.546681E-6
3.0000010E-6	30.913847E-3	15.997577E-6	31.445537E-3	3.0213405E-6	31.039922E-3	27.377382E-6	30.631918E-3	-69.470138E-6
3.5000048E-6	30.936060E-3	71.547416E-6	31.360548E-3	-77.661316E-6	31.089587E-3	-46.183304E-6	30.614553E-3	4.9872588E-6
4.0000014E-6	30.921254E-3	9.2066812E-6	31.306997E-3	-20.040465E-6	31.245032E-3	-47.205038E-6	30.616542E-3	56.219051E-6
4.5000052E-6	30.978981E-3	-43.651205E-6	31.242225E-3	52.128169E-6	31.478237E-3	58.679889E-6	30.703662E-3	22.652455E-6
5.0000017E-6	30.972037E-3	-62.210944E-6	31.199936E-3	60.110553E-6	31.489089E-3	73.450385E-6	30.721799E-3	-62.330990E-6
5.5000055E-6	30.976450E-3	2.9228374E-6	31.157071E-3	-47.166821E-6	31.460725E-3	-35.043315E-6	30.688267E-3	-72.219438E-6
6.0000020E-6	30.908523E-3	54.131506E-6	31.132687E-3	-67.694549E-6	31.329229E-3	-62.037376E-6	30.686645E-3	17.343480E-6
6.5000058E-6	30.888487E-3	29.184757E-6	31.033730E-3	3.8251537E-6	31.193806E-3	-5.1659367E-6	30.669015E-3	51.861160E-6
7.0000024E-6	31.057812E-3	-64.306987E-6	31.045923E-3	57.641206E-6	31.117911E-3	77.671873E-6	30.715216E-3	-6.8592421E-6
7.4999989E-6	30.943360E-3	-67.296824E-6	31.057952E-3	9.9061035E-6	31.098256E-3	-1.7315132E-6	30.684896E-3	-71.343042E-6
8.0000027E-6	30.936593E-3	8.7703847E-6	31.031620E-3	-74.555268E-6	31.034172E-3	-67.383851E-6	30.736132E-3	-58.076392E-6
8.4999992E-6	30.889984E-3	67.172208E-6	31.030124E-3	-45.544366E-6	31.010015E-3	-34.930665E-6	30.781385E-3	14.540176E-6
9.0000030E-6	30.885400E-3	41.221469E-6	31.045517E-3	30.995870E-6	31.038133E-3	77.107667E-6	30.818656E-3	82.083039E-6
9.4999996E-6	30.881831E-3	-53.181611E-6	31.015569E-3	67.315021E-6	30.947551E-3	21.166436E-6	30.853501E-3	9.4510951E-6
10.000003E-6	30.916655E-3	-59.625581E-6	30.976402E-3	-20.606923E-6	31.039909E-3	-73.577314E-6	30.899553E-3	-92.514274E-6
10.500000E-6	30.933132E-3	-8.3572922E-6	30.971935E-3	-69.790876E-6	30.956727E-3	-55.095890E-6	30.915374E-3	-32.518565E-6
11.000004E-6	30.899188E-3	65.115128E-6	30.949969E-3	-8.9661835E-6	30.881204E-3	51.349543E-6	30.945156E-3	28.280734E-6
11.500000E-6	30.910052E-3	55.945213E-6	30.901713E-3	63.850326E-6	30.753313E-3	40.511106E-6	30.901575E-3	61.394559E-6
12.000004E-6	30.934473E-3	-51.668834E-6	30.782247E-3	23.901583E-6	30.792309E-3	-51.936375E-6	30.906184E-3	16.770211E-6
12.500001E-6	30.951321E-3	-68.831047E-6	30.745307E-3	-56.692013E-6	30.780859E-3	-70.463895E-6	30.974789E-3	-66.336506E-6
13.000004E-6	30.938979E-3	-17.911449E-6	30.701283E-3	-60.493148E-6	30.780481E-3	11.581822E-6	30.946475E-3	-47.195572E-6
13.500001E-6	30.944513E-3	69.650727E-6	30.601518E-3	37.320111E-6	30.886263E-3	65.466389E-6	30.982487E-3	54.286433E-6
14.000005E-6	30.946037E-3	51.848161E-6	30.536741E-3	77.695040E-6	31.029560E-3	-17.516819E-6	30.992161E-3	63.851345E-6
14.500001E-6	30.924514E-3	-41.453255E-6	30.566024E-3	-1.4015706E-6	31.094613E-3	-68.174129E-6	31.008985E-3	13.385053E-6
15.000005E-6	30.957092E-3	-77.307246E-6	30.532468E-3	-86.572269E-6	31.091554E-3	-21.904021E-6	31.021563E-3	-75.860175E-6
15.500002E-6	30.938633E-3	-30.720621E-6	30.574797E-3	-15.080189E-6	31.111376E-3	67.474466E-6	31.034973E-3	-35.567144E-6
16.000005E-6	30.899949E-3	44.400582E-6	30.637385E-3	55.187516E-6	31.142831E-3	31.327039E-6	31.034134E-3	58.538481E-6
16.500002E-6	30.916588E-3	41.767355E-6	30.679857E-3	62.525913E-6	31.115133E-3	-63.967724E-6	31.083036E-3	35.454508E-6
17.000006E-6	30.947991E-3	-39.593833E-6	30.768327E-3	-12.776783E-6	31.156225E-3	-64.838874E-6	31.063853E-3	-41.455529E-6
17.500002E-6	30.920004E-3	-66.899665E-6	30.796232E-3	-86.207932E-6	31.163475E-3	59.859078E-6	31.059008E-3	-79.836405E-6
17.999999E-6	30.922551E-3	-50.865601E-6	30.824741E-3	30.868589E-6	31.253710E-3	53.159583E-6	31.031588E-3	-6.9543803E-6
18.500003E-6	30.889051E-3	54.046792E-6	30.879537E-3	82.747705E-6	31.333830E-3	-51.351133E-6	31.071678E-3	72.545292E-6
18.999999E-6	30.884804E-3	52.675485E-6	30.881144E-3	12.225721E-6	31.419206E-3	-72.972274E-6	31.087860E-3	21.145888E-6
19.500003E-6	30.884506E-3	-24.991412E-6	30.906908E-3	-76.752112E-6	31.495553E-3	15.496809E-6	31.060079E-3	-51.538424E-6
19.999999E-6	30.882936E-3	-81.644670E-6	30.926233E-3	-57.596935E-6	31.387996E-3	52.287534E-6	31.029770E-3	-62.185907E-6
20.500003E-6	30.897655E-3	-38.563376E-6	30.924197E-3	35.010187E-6	31.285040E-3	3.0853034E-6	31.070361E-3	18.120896E-6
21.000000E-6	30.898765E-3	55.137203E-6	30.945856E-3	71.576476E-6	31.135637E-3	-77.890734E-6	31.092558E-3	70.614275E-6
21.500004E-6	30.894266E-3	68.011766E-6	30.930514E-3	-29.363557E-6	30.999383E-3	-46.124227E-6	31.123208E-3	17.236243E-6
22.000000E-6	30.912628E-3	5.0751428E-6	30.935565E-3	-82.989158E-6	30.951422E-3	69.642279E-6	31.104602E-3	-80.996855E-6
22.500004E-6	30.888878E-3	-45.572844E-6	30.910835E-3	-9.2605369E-6	30.903183E-3	41.351665E-6	31.118402E-3	-59.110334E-6
23.000008E-6	30.913541E-3	-35.136130E-6	30.961266E-3	46.895530E-6	30.875575E-3	-58.722413E-6	31.159325E-3	32.991313E-6
23.499997E-6	30.896109E-3	38.166312E-6	30.964525E-3	32.261640E-6	30.900929E-3	-54.683609E-6	31.173015E-3	89.853667E-6
24.000001E-6	30.912243E-3	81.446422E-6	31.013981E-3	-49.465427E-6	30.901011E-3	48.071441E-6	31.184997E-3	-28.497161E-6
24.500005E-6	30.904330E-3	13.748660E-6	30.982511E-3	-52.260824E-6	30.840699E-3	65.536093E-6	31.234136E-3	-53.734046E-6
25.000008E-6	30.896669E-3	-52.994586E-6	31.013714E-3	31.215208E-6	30.797198E-3	-45.136167E-6	31.180259E-3	-21.602920E-6
25.499998E-6	30.924294E-3	-45.018816E-6	31.086225E-3	81.718506E-6	30.811340E-3	-67.282417E-6	31.188594E-3	34.243938E-6
26.000002E-6	30.850446E-3	40.498497E-6	31.154757E-3	-9.7776974E-6	30.749962E-3	8.7046610E-6	31.235946E-3	54.654396E-6
26.500005E-6	30.852053E-3	71.398616E-6	31.202832E-3	-96.028532E-6	30.596107E-3	86.314358E-6	31.282160E-3	-41.008654E-6
27.000009E-6	30.835265E-3	22.648641E-6	31.252593E-3	-49.214497E-6	30.501200E-3	132.88194E-9	31.304445E-3	-63.284577E-6
27.499998E-6	30.838378E-3	-57.679506E-6	31.335931E-3	31.587570E-6	30.481221E-3	-86.532964E-6	31.355970E-3	10.608286E-6
28.000002E-6	30.871743E-3	-57.569581E-6	31.337894E-3	70.980444E-6	30.681798E-3	-36.137044E-6	31.345204E-3	70.939110E-6
28.500006E-6	30.949179E-3	4.1664744E-6	31.324990E-3	-26.751810E-6	30.806517E-3	65.887194E-6	31.248840E-3	31.874446E-6
28.999995E-6	30.999916E-3	66.599314E-6	31.304155E-3	-87.148721E-6	30.924378E-3	31.200310E-6	31.165931E-3	-87.626642E-6
29.499999E-6	30.978145E-3	43.756994E-6	31.279787E-3	-15.969728E-6	31.011121E-3	-63.929649E-6	31.076672E-3	-67.273933E-6
30.000003E-6	30.960834E-3	-56.138870E-6	31.209959E-3	57.615005E-6	31.088678E-3	-64.387117E-6	31.032247E-3	54.915592E-6
30.500007E-6	30.949645E-3	-77.339944E-6	31.214219E-3	32.552307E-6	31.115204E-3	59.962906E-6	31.027125E-3	64.028442E-6
30.999996E-6	30.940443E-3	-8.2502529E-6	31.061601E-3	-44.197626E-6	31.136874E-3	42.170021E-6	30.944800E-3	-12.083656E-6
31.500000E-6	30.973788E-3	43.643922E-6	31.036638E-3	-75.690143E-6	31.131065E-3	-45.890149E-6	30.929290E-3	-87.036249E-6
32.000004E-6	30.986395E-3	56.415887E-6	31.038411E-3	29.077550E-6	31.125350E-3	-68.132591E-6	31.173458E-3	-17.567623E-6
32.500007E-6	30.986359E-3	-25.633452E-6	31.021439E-3	73.853524E-6	31.157186E-3	-11.452973E-6	31.189142E-3	70.588198E-6
32.999997E-6	30.955894E-3	-95.830976E-6	31.025583E-3	2.0762375E-6	31.150213E-3	64.612723E-6	31.160261E-3	26.398959E-6
33.500000E-6	30.944051E-3	-19.664622E-6	30.984923E-3	-80.899452E-6	31.176966E-3	26.602784E-9	31.140383E-3	-52.713807E-6
34.000004E-6	30.973194E-3	38.318220E-6	30.964641E-3	-30.733336E-6	31.235710E-3	-80.148173E-6	31.189818E-3	-70.734597E-6
34.500008E-6	30.913580E-3	54.175915E-6	30.943844E-3	52.721549E-6	31.351339E-3	-36.091718E-6	31.325094E-3	11.528351E-6
34.999997E-6	30.878970E-3	-6.9821444E-6	30.937254E-3	43.953252E-6	31.484243E-3	80.794271E-6	31.205995E-3	60.704977E-6
35.500001E-6	30.872805E-3	-72.933792E-6	30.949617E-3	-39.616851E-6	31.500693E-3	51.417366E-6	31.167952E-3	-944.17288E-9
36.000005E-6	30.888569E-3	-55.778532E-6	30.938383E-3	-90.438771E-6	31.453773E-3	-40.699655E-6	31.146910E-3	-86.686450E-6
36.500009E-6	30.825829E-3	41.748233E-6	30.888299E-3	-2.4584945E-6	31.331509E-3	-53.388554E-6	31.112915E-3	-49.678671E-6
36.999998E-6	30.806543E-3	67.218534E-6	30.843493E-3	73.551739E-6	31.230794E-3	12.437752E-6	31.140780E-3	50.783132E-6
37.500002E-6	30.807162E-3	-600.00281E-9	30.774258E-3	10.480824E-6	31.107154E-3	88.126377E-6	31.114055E-3	67.651861E-6
38.000006E-6	30.792771E-3	-65.214917E-6	30.728551E-3	-58.567854E-6	31.023476E-3	-8.5002048E-6	31.091142E-3	-19.559073E-6
38.500009E-6	30.780593E-3	-58.464404E-6	30.643709E-3	-62.155043E-6	31.025330E-3	-89.103647E-6	31.095119E-3	-76.122829E-6
38.999999E-6	30.595856E-3	16.964894E-6	30.575655E-3	32.755153E-6	31.022867E-3	-21.140271E-6	31.172499E-3	-25.802281E-6
39.500002E-6	30.586874E-3	88.995439E-6	30.532967E-3	54.099852E-6	31.003401E-3	52.358955E-6	31.126246E-3	55.956294E-6
40.000006E-6	30.600395E-3	32.534703E-6	30.509749E-3	-19.183368E-6	30.999439E-3	26.481559E-6	31.076986E-3	60.895749E-6
40.499996E-6	30.450644E-3	-44.808661E-6	30.452741E-3	-79.309662E-6	31.001603E-3	-56.743687E-6	31.057186E-3	-44.451506E-6
40.999999E-6	30.427543E-3	-90.207010E-6	30.404871E-3	-11.266913E-6	30.999426E-3	-58.403817E-6	31.022936E-3	-57.158639E-6
41.500003E-6	30.427855E-3	8.4820613E-6	30.497080E-3	77.454293E-6	30.970512E-3	15.930305E-6	30.969096E-3	572.95591E-9
42.000007E-6	30.443931E-3	72.288945E-6	30.480748E-3	46.090059E-6	30.913569E-3	77.902361E-6	30.971423E-3	77.958073E-6
42.499996E-6	30.391172E-3	43.710683E-6	30.551210E-3	-38.641967E-6	30.867480E-3	-36.102294E-6	30.929795E-3	16.844275E-6
43.000000E-6	30.380396E-3	-49.984901E-6	30.597977E-3	-84.833555E-6	30.814568E-3	-65.529508E-6	30.898094E-3	-61.918465E-6
43.500004E-6	30.403884E-3	-85.431573E-6	30.653337E-3	53.882679E-6	30.706774E-3	-10.825604E-6	30.977350E-3	-67.532514E-6
44.000008E-6	30.408435E-3	-4.6438945E-6	30.694608E-3	72.329734E-6	30.636670E-3	65.803011E-6	30.998090E-3	25.048774E-6
44.499997E-6	30.392086E-3	59.673293E-6	30.716674E-3	-2.8191607E-6	30.653818E-3	18.704486E-6	30.885177E-3	77.626930E-6
45.000001E-6	30.380990E-3	62.278283E-6	30.751463E-3	-78.994708E-6	30.693384E-3	-53.225420E-6	30.767027E-3	21.179230E-6
45.500004E-6	30.386608E-3	-25.443847E-6	30.757241E-3	-46.059893E-6	30.791534E-3	-72.360388E-6	30.790113E-3	-82.194696E-6
46.000008E-6	30.371811E-3	-86.070446E-6	30.745670E-3	48.234797E-6	30.863957E-3	41.711464E-6	30.840991E-3	-83.863953E-6
46.499998E-6	30.359574E-3	-14.535864E-6	30.778436E-3	77.427125E-6	31.053172E-3	71.877555E-6	30.884270E-3	34.849829E-6
47.000001E-6	30.384537E-3	45.366454E-6	30.821845E-3	-45.827510E-6	31.157602E-3	-17.343298E-6	30.903796E-3	49.894879E-6
47.500005E-6	30.442733E-3	49.521615E-6	30.782647E-3	-66.410095E-6	31.227846E-3	-90.205016E-6	30.916288E-3	-11.461369E-6
48.000009E-6	30.386493E-3	-11.783259E-6	30.756988E-3	-19.409228E-6	31.237127E-3	61.688084E-9	30.935811E-3	-82.432409E-6
48.499998E-6	30.406928E-3	-67.821893E-6	30.804936E-3	69.186128E-6	31.289574E-3	87.384033E-6	31.014286E-3	-59.560938E-6
49.000002E-6	30.180665E-3	-59.881113E-6	30.793007E-3	24.180448E-6	31.267218E-3	40.159848E-6	31.047894E-3	64.715656E-6
49.500006E-6	30.121103E-3	43.589302E-6	30.807422E-3	-63.434811E-6	31.273134E-3	-49.615264E-6	31.054225E-3	61.152896E-6
49.999995E-6	30.111097E-3	71.353774E-6	30.855907E-3	-48.490554E-6	31.253956E-3	-63.036525E-6	31.038307E-3	-22.233546E-6
50.499999E-6	30.084157E-3	1.0761387E-6	30.870870E-3	23.888313E-6	31.304799E-3	42.340944E-6	31.053802E-3	-77.498073E-6
51.000003E-6	30.129889E-3	-53.219770E-6	30.930830E-3	75.075834E-6	31.363234E-3	74.019852E-6	31.049419E-3	-34.627908E-6
51.500007E-6	30.125562E-3	-50.558985E-6	31.066682E-3	-15.254076E-6	31.334847E-3	-16.110735E-6	31.080134E-3	62.086627E-6
51.999996E-6	30.275164E-3	32.663396E-6	31.108228E-3	-101.10516E-6	31.367790E-3	-80.867911E-6	31.077093E-3	854.49434E-6
52.500000E-6	30.323811E-3	84.600360E-6	31.140519E-3	-18.134733E-6	31.434316E-3	-13.765362E-6	31.143855E-3	-27.933826E-6
53.000003E-6	30.276401E-3	19.740772E-6	31.203873E-3	66.495348E-6	31.554449E-3	55.836310E-6	31.139769E-3	-86.606859E-6
53.500007E-6	30.315686E-3	-48.929192E-6	31.242939E-3	28.435405E-6	31.574801E-3	13.910183E-6	31.118320E-3	-13.078716E-6
53.999996E-6	30.281685E-3	-58.734538E-6	31.260356E-3	-48.495283E-6	31.636480E-3	-60.919829E-6	31.123700E-3	48.718568E-6
54.500000E-6	30.317213E-3	26.393363E-6	31.199768E-3	-54.078238E-6	31.655543E-3	-77.733537E-6	31.106593E-3	47.329540E-6
55.000004E-6	30.296305E-3	84.057763E-6	31.147022E-3	5.3886174E-6	31.693563E-3	34.286062E-6	31.155175E-3	-42.755739E-6
55.500008E-6	30.281134E-3	39.446444E-6	31.076433E-3	58.709131E-6	31.603884E-3	53.046297E-6	31.192275E-3	-58.399812E-6
55.999997E-6	30.310068E-3	-73.596872E-6	30.992104E-3	3.7206864E-6	31.572435E-3	-42.411870E-6	31.145945E-3	2.1541455E-6
56.500001E-6	30.368656E-3	-66.360401E-6	30.956812E-3	-56.294666E-6	31.361300E-3	-85.385102E-6	31.148596E-3	71.194539E-6
57.000005E-6	30.343315E-3	-2.0918594E-6	30.897787E-3	-47.564830E-6	35.791211E-3	2.0207076E-3	33.431366E-3	2.8324788E-3
57.500009E-6	30.313732E-3	50.391096E-6	30.870212E-3	30.514833E-6	35.943933E-3	2.4166682E-3	34.496017E-3	3.1417964E-3
57.999998E-6	30.302897E-3	27.712937E-6	30.874722E-3	265.98191E-6	35.639416E-3	2.8828664E-3	35.619695E-3	2.1233263E-3
58.500002E-6	30.298926E-3	-50.556278E-6	30.872356E-3	-33.769717E-6	34.579031E-3	2.7267563E-3	36.894195E-3	2.5966126E-3
59.000005E-6	30.292708E-3	-76.629069E-6	31.642139E-3	110.75861E-6	35.760619E-3	2.2261066E-3	35.118941E-3	2.4380202E-3
59.500009E-6	30.298684E-3	22.890154E-6	30.825606E-3	7.7585364E-6	35.162471E-3	2.0305342E-3	33.246413E-3	2.9798576E-3
59.999998E-6	30.261880E-3	62.591156E-6	30.821487E-3	53.230615E-6	33.614829E-3	2.3239926E-3	34.642108E-3	2.9690664E-3
60.500002E-6	30.258706E-3	633.53765E-6	30.829363E-3	15.036284E-6	34.978863E-3	2.9525168E-3	33.296421E-3	1.0437118E-3
61.000006E-6	30.276947E-3	-44.179276E-6	30.917943E-3	-56.352743E-6	34.482751E-3	3.1234894E-3	33.872362E-3	1.7664566E-3
61.499995E-6	30.308345E-3	-82.197337E-6	30.833265E-3	-51.534011E-6	35.440866E-3	2.6614203E-3	34.320496E-3	2.5105015E-3
61.999999E-6	30.143755E-3	838.80924E-6	30.818861E-3	57.054727E-6	36.642682E-3	2.6365332E-3	33.986308E-3	3.0671521E-3
62.500003E-6	30.103883E-3	74.031217E-6	30.751685E-3	800.78945E-6	33.500221E-3	2.5879075E-3	34.823395E-3	2.5790399E-3
63.000007E-6	30.097134E-3	14.075174E-6	31.464688E-3	175.91455E-6	34.949359E-3	3.1274485E-3	36.160856E-3	2.2083791E-3
63.499996E-6	30.075669E-3	-53.813303E-6	30.515015E-3	-72.777882E-6	35.258494E-3	2.9634589E-3	33.709582E-3	1.5813172E-3
64.000000E-6	30.054357E-3	-74.985255E-6	31.252891E-3	779.47596E-6	36.290120E-3	2.6127817E-3	33.964604E-3	2.6099484E-3
64.500004E-6	30.071774E-3	7.5878334E-6	30.345799E-3	63.475702E-6	36.571112E-3	2.6709363E-3	33.186957E-3	3.1690388E-3
65.000007E-6	30.036209E-3	74.504933E-6	30.428734E-3	12.385523E-6	34.534629E-3	3.0321365E-3	34.776527E-3	3.1037040E-3
65.499997E-6	30.077854E-3	3.6445099E-6	30.423634E-3	-71.613758E-6	34.240253E-3	2.9820809E-3	35.140250E-3	1.9655931E-3
66.000001E-6	30.104214E-3	-35.960071E-6	30.490289E-3	-49.249840E-6	35.131931E-3	2.7812948E-3	33.248629E-3	1.5132198E-3
66.500004E-6	30.098403E-3	-62.002669E-6	30.594364E-3	53.913267E-6	34.793042E-3	1.7953212E-3	32.994468E-3	2.4960674E-3
67.000008E-6	31.027038E-3	750.15979E-6	30.670837E-3	85.090134E-6	34.895513E-3	2.4231703E-3	34.348864E-3	2.9757277E-3
67.499997E-6	30.214930E-3	61.262079E-6	30.720374E-3	-20.433949E-6	34.265012E-3	3.0891909E-3	35.464905E-3	1.8731122E-3
68.000001E-6	30.088505E-3	17.323087E-6	30.647390E-3	-95.432653E-6	34.145251E-3	2.8327124E-3	34.744706E-3	1.6576932E-3
68.500005E-6	30.227147E-3	-73.768497E-6	30.611917E-3	-3.2907938E-6	35.403039E-3	2.6427577E-3	33.903051E-3	1.6452423E-3
69.000009E-6	30.132990E-3	-68.680703E-6	30.597974E-3	79.271551E-6	35.487030E-3	2.6086576E-3	32.568242E-3	2.5467633E-3
69.499998E-6	30.166119E-3	8.0833242E-6	30.598430E-3	10.242446E-6	33.938158E-3	2.6771030E-3	33.727657E-3	2.9191740E-3
70.000002E-6	30.209990E-3	66.914588E-6	30.599238E-3	-50.946499E-6	33.713315E-3	3.1768631E-3	35.078187E-3	2.3374469E-3
70.500006E-6	30.196892E-3	33.269156E-6	31.388331E-3	639.23560E-6	34.544598E-3	2.5834297E-3	35.826955E-3	2.0534596E-3
70.999995E-6	30.146705E-3	-37.280770E-6	30.597350E-3	902.70262E-6	35.964988E-3	2.5088375E-3	34.280136E-3	1.8722514E-3
71.499999E-6	30.115733E-3	-61.713930E-6	30.643437E-3	48.055674E-6	36.210820E-3	2.7812372E-3	33.464421E-3	2.6245115E-3
72.000003E-6	30.139357E-3	1.6931003E-6	31.267550E-3	-36.719823E-6	35.789132E-3	2.9660733E-3	35.401084E-3	3.2440161E-3
72.500006E-6	30.175151E-3	76.595737E-6	30.744217E-3	-70.919843E-6	34.059737E-3	3.2215337E-3	36.011234E-3	2.1165581E-3
72.999996E-6	30.217068E-3	37.584221E-6	30.812943E-3	-4.5091865E-6	35.458975E-3	2.9242276E-3	36.934849E-3	2.4766440E-3
73.499999E-6	30.232420E-3	-49.314836E-6	30.964013E-3	762.51372E-6	36.892574E-3	2.7186540E-3	33.461824E-3	1.8813175E-3
74.000003E-6	30.216664E-3	-79.678553E-6	30.969033E-3	23.471979E-6	35.811692E-3	2.7248331E-3	33.478495E-3	2.8148096E-3
74.500007E-6	30.218437E-3	-5.2242772E-6	31.880636E-3	196.22050E-6	35.644617E-3	3.2894246E-3	34.296442E-3	2.9308698E-3
74.999996E-6	30.203717E-3	54.553544E-6	31.016342E-3	-47.084130E-6	35.149217E-3	3.1658977E-3	35.797246E-3	2.4196091E-3
75.500000E-6	30.227421E-3	36.053851E-6	30.937981E-3	875.35637E-6	36.248866E-3	2.8842336E-3	36.564119E-3	2.1080754E-3
76.000004E-6	35.735324E-3	2.8271887E-3	37.927456E-3	2.6640957E-3	40.018220E-3	1.3286640E-3	40.433198E-3	1.5337158E-3
76.500008E-6	34.842867E-3	2.9754741E-3	36.911823E-3	2.5089467E-3	39.746799E-3	1.1905853E-3	39.784122E-3	1.2679428E-3
76.999997E-6	36.620989E-3	3.1981447E-3	35.856839E-3	2.5469011E-3	39.722167E-3	1.1423702E-3	39.714519E-3	1.0514518E-3
77.500001E-6	38.021032E-3	2.3798111E-3	36.698848E-3	3.4396781E-3	40.089410E-3	1.1351405E-3	39.338496E-3	2.1045387E-3
78.000005E-6	37.470080E-3	2.6986287E-3	38.200367E-3	2.8452582E-3	40.172696E-3	1.5197959E-3	40.128835E-3	1.5559875E-3
78.500008E-6	35.995368E-3	2.7681654E-3	37.420429E-3	2.2311637E-3	40.141270E-3	1.3005419E-3	39.741047E-3	1.5684902E-3
78.999998E-6	36.283124E-3	2.7084940E-3	36.457378E-3	2.6764343E-3	39.924365E-3	1.1427071E-3	39.635893E-3	1.2808075E-3
79.500001E-6	37.400592E-3	2.6799839E-3	37.310693E-3	2.9784453E-3	40.081460E-3	1.0664208E-3	40.000264E-3	1.3054286E-3
80.000005E-6	37.225835E-3	3.1381887E-3	37.081793E-3	3.2561175E-3	40.111799E-3	1.1517205E-3	40.091109E-3	1.4695210E-3
80.500009E-6	37.635535E-3	2.3119808E-3	38.662557E-3	2.1573605E-3	40.364545E-3	1.3580722E-3	40.124767E-3	1.4911675E-3
80.999998E-6	37.319805E-3	2.4802820E-3	36.594082E-3	2.5843994E-3	39.816208E-3	1.4927810E-3	39.765045E-3	1.5366757E-3
81.500002E-6	35.470072E-3	2.8765211E-3	37.520349E-3	3.0288186E-3	40.201005E-3	1.0783913E-3	39.327051E-3	1.2223771E-3
82.000006E-6	35.783928E-3	3.2343736E-3	38.781483E-3	1.9007218E-3	40.313374E-3	1.1672473E-3	39.702937E-3	1.1789948E-3
82.499995E-6	37.755441E-3	2.9090960E-3	38.323518E-3	2.2410247E-3	40.520921E-3	1.1898010E-3	39.657958E-3	1.5006025E-3
82.999999E-6	37.230145E-3	2.9951478E-3	38.217567E-3	2.2218847E-3	40.471267E-3	1.4322138E-3	39.608605E-3	1.6709362E-3
83.500003E-6	36.355577E-3	2.5210464E-3	37.564497E-3	2.5224313E-3	40.169649E-3	1.3040417E-3	39.559815E-3	1.4156305E-3
84.000007E-6	35.277005E-3	2.8406593E-3	36.825981E-3	3.0576990E-3	39.892588E-3	1.2230990E-3	39.483059E-3	1.3050186E-3
84.499996E-6	37.031159E-3	3.1681862E-3	37.483800E-3	2.8837323E-3	40.317003E-3	1.0335312E-3	39.762512E-3	1.2920297E-3
85.000000E-6	38.359940E-3	1.8480556E-3	38.035013E-3	2.1075138E-3	40.441953E-3	1.2649384E-3	39.331537E-3	1.9190054E-3
85.500003E-6	37.077408E-3	2.9205186E-3	36.934860E-3	2.5903929E-3	40.147331E-3	1.4006350E-3	39.582111E-3	1.7097289E-3
86.000007E-6	37.150178E-3	2.7125746E-3	38.197987E-3	2.2152232E-3	39.639536E-3	1.1804961E-3	39.444622E-3	1.3058285E-3
86.499997E-6	35.766024E-3	2.6455908E-3	38.649049E-3	1.7657892E-3	39.676543E-3	1.1030750E-3	39.648328E-3	1.1234186E-3
87.000000E-6	36.833793E-3	3.0263274E-3	38.248025E-3	2.2358203E-3	39.985590E-3	1.3026384E-3	39.857969E-3	1.4254119E-3
87.500004E-6	37.496269E-3	2.8487637E-3	37.420459E-3	2.5463859E-3	40.034857E-3	1.5467479E-3	39.814532E-3	1.6937162E-3
88.000008E-6	38.033426E-3	2.5107248E-3	36.264524E-3	2.5462836E-3	39.708424E-3	1.4128969E-3	39.125357E-3	1.7016268E-3
88.499997E-6	37.040431E-3	2.3002119E-3	37.463099E-3	3.0524181E-3	39.561547E-3	1.2652330E-3	39.529637E-3	1.5585525E-3
89.000001E-6	35.683706E-3	2.7614913E-3	37.923779E-3	2.2736564E-3	39.630592E-3	1.1403009E-3	39.577797E-3	1.1474821E-3
89.500005E-6	37.024956E-3	2.9875962E-3	38.399916E-3	2.2078501E-3	39.880928E-3	1.3190283E-3	39.932832E-3	1.2216878E-3
90.000009E-6	37.657987E-3	2.7772391E-3	37.465885E-3	2.7760016E-3	39.928388E-3	1.6584502E-3	39.833751E-3	1.6847523E-3
90.499998E-6	38.147163E-3	2.2102336E-3	36.185879E-3	3.0228912E-3	39.810929E-3	1.3267314E-3	38.996723E-3	1.5812862E-3
91.000002E-6	37.619878E-3	2.6888701E-3	38.897496E-3	1.8618657E-3	39.673962E-3	1.1158406E-3	39.371267E-3	1.2889410E-3
91.500006E-6	37.130371E-3	2.7022390E-3	38.406841E-3	2.8945236E-3	39.864030E-3	1.0466408E-3	39.843969E-3	1.1311064E-3
92.000009E-6	37.484821E-3	2.9034074E-3	37.552904E-3	2.2306463E-3	39.937798E-3	1.3413185E-3	40.065836E-3	1.2826420E-3
92.499999E-6	38.104776E-3	2.8075597E-3	39.182980E-3	1.8107438E-3	39.996907E-3	1.3925253E-3	39.147027E-3	1.7064960E-3
93.000002E-6	37.908211E-3	1.9524272E-3	38.515039E-3	2.5813135E-3	39.624766E-3	1.3718993E-3	39.193708E-3	1.4271201E-3
93.500006E-6	38.212772E-3	2.1998293E-3	39.205257E-3	1.4195475E-3	39.603628E-3	1.0670254E-3	39.098922E-3	1.2032682E-3
93.999995E-6	38.100682E-3	2.3065133E-3	38.984068E-3	2.1866537E-3	39.876577E-3	1.2927502E-3	38.645748E-3	1.8711762E-3
94.499999E-6	36.111921E-3	3.0949579E-3	36.945712E-3	2.4857612E-3	39.945073E-3	1.3094728E-3	39.432701E-3	1.4005922E-3
95.000003E-6	39.698362E-3	974.16440E-6	40.768027E-3	1.0066610E-3	40.513538E-3	911.25944E-6	40.082410E-3	933.29488E-6
95.500007E-6	39.664041E-3	1.1007336E-3	40.512644E-3	935.81789E-6	40.526547E-3	910.77434E-6	40.097054E-3	920.93891E-6
95.999996E-6	39.900940E-3	1.0386717E-3	40.578075E-3	1.0654401E-3	40.530190E-3	841.80012E-6	40.109351E-3	818.48336E-6
96.500000E-6	39.819457E-3	1.0009574E-3	40.623952E-3	1.0849353E-3	40.486734E-3	793.57927E-6	40.099610E-3	801.65686E-6
97.000004E-6	39.905224E-3	823.88410E-6	40.581983E-3	823.94067E-6	40.503163E-3	828.90806E-6	40.181972E-3	872.71619E-6
97.500008E-6	39.923750E-3	930.05726E-6	40.441468E-3	903.68674E-6	40.529169E-3	922.85557E-6	40.187337E-3	918.00268E-6
97.999997E-6	39.918136E-3	1.0682087E-3	40.243369E-3	998.81785E-6	40.511794E-3	917.81525E-6	40.223461E-3	898.85760E-6
98.500001E-6	40.112011E-3	988.54874E-6	40.243648E-3	1.0810092E-3	40.566266E-3	803.50926E-6	40.213030E-3	827.88069E-6
99.000004E-6	40.140070E-3	1.0318044E-3	40.358178E-3	945.27157E-6	40.553831E-3	783.35783E-6	40.234763E-3	820.62208E-6
99.500008E-6	40.046751E-3	803.06554E-6	40.293794E-3	872.06042E-6	40.527727E-3	867.12721E-6	40.233452E-3	880.45618E-6
99.999997E-6	40.016938E-3	903.38418E-6	40.222649E-3	893.88987E-6	40.468860E-3	929.66971E-6	40.301032E-3	928.68792E-6
100.50000E-6	39.876889E-3	1.0379197E-3	40.282656E-3	1.0554919E-3	40.441044E-3	880.86358E-6	40.339440E-3	876.98293E-6
101.00001E-6	39.920166E-3	1.0623022E-3	40.297732E-3	1.1727273E-3	40.432982E-3	818.93598E-6	40.399250E-3	812.84525E-6
101.50001E-6	39.890572E-3	945.64480E-6	40.428009E-3	890.93659E-6	40.419344E-3	793.77112E-6	40.414445E-3	824.96763E-6
102.00000E-6	39.822478E-3	819.67801E-6	40.427875E-3	846.38741E-6	40.405236E-3	870.05342E-6	40.416222E-3	896.96568E-6
102.50000E-6	39.699763E-3	936.31388E-6	40.135667E-3	992.48672E-6	40.390793E-3	934.49745E-6	40.441122E-3	940.09103E-6
103.00001E-6	39.864916E-3	1.0457584E-3	39.901175E-3	1.1577664E-3	40.416110E-3	906.51907E-6	40.372685E-3	852.59316E-6
103.50000E-6	39.899413E-3	1.0729627E-3	40.055402E-3	928.74194E-6	40.415086E-3	807.82361E-6	40.354725E-3	803.57917E-6
104.00000E-6	40.052302E-3	877.12321E-6	39.797068E-3	865.92365E-6	40.383916E-3	791.44695E-6	40.372122E-3	831.09742E-6
104.50000E-6	39.799407E-3	843.04047E-6	39.792739E-3	901.51600E-6	40.371124E-3	886.19004E-6	40.386625E-3	914.06924E-6
105.00001E-6	39.654113E-3	938.90505E-6	39.889589E-3	987.63779E-6	40.352538E-3	920.26830E-6	40.394761E-3	917.22171E-6
105.50000E-6	39.791152E-3	1.0630658E-3	39.931286E-3	1.1278118E-3	40.246122E-3	890.98373E-6	40.468227E-3	821.86132E-6
106.00000E-6	39.865464E-3	1.0074318E-3	40.066019E-3	893.25983E-6	40.253699E-3	803.85146E-6	40.511269E-3	792.25242E-6
106.50000E-6	40.064700E-3	922.66180E-6	40.133517E-3	856.13376E-6	40.264037E-3	809.13724E-6	40.495720E-3	842.53680E-6
107.00001E-6	39.920162E-3	828.12435E-6	40.397801E-3	986.77690E-6	40.273190E-3	855.02816E-6	40.538087E-3	912.48198E-6
107.50000E-6	40.083814E-3	880.89914E-6	40.383395E-3	1.0510670E-3	40.224213E-3	937.95883E-6	40.511642E-3	918.66351E-6
108.00000E-6	39.804805E-3	1.1474291E-3	40.544573E-3	936.88152E-6	40.229972E-3	877.84859E-6	40.509410E-3	835.03680E-6
108.50000E-6	40.121809E-3	1.1226281E-3	40.542163E-3	895.67259E-6	40.206194E-3	803.84436E-6	40.462460E-3	798.09740E-6
109.00001E-6	40.251181E-3	898.95283E-6	40.380780E-3	900.75401E-6	40.223185E-3	787.38789E-6	40.481135E-3	837.71627E-6
109.50000E-6	40.228914E-3	871.63341E-6	40.452957E-3	1.0143715E-3	40.166933E-3	900.63311E-6	40.493563E-3	920.33541E-6
110.00000E-6	40.161476E-3	974.59665E-6	40.635426E-3	926.35216E-6	40.101361E-3	925.10239E-6	40.546805E-3	923.23741E-6
110.50000E-6	39.952487E-3	1.1743888E-3	40.599402E-3	978.01816E-6	40.060021E-3	855.84330E-6	40.554505E-3	855.20768E-6
111.00001E-6	40.246479E-3	1.0591238E-3	40.431056E-3	868.24369E-6	40.088601E-3	807.74096E-6	40.613770E-3	794.69907E-6
111.50000E-6	40.285762E-3	1.0012235E-3	40.559947E-3	953.58473E-6	39.977070E-3	807.36593E-6	40.615436E-3	840.57840E-6
112.00000E-6	40.232118E-3	856.37555E-6	40.554188E-3	1.0316550E-3	39.932635E-3	882.30707E-6	40.607825E-3	905.34647E-6
112.50001E-6	40.161535E-3	999.85232E-6	40.686641E-3	958.65945E-6	39.984237E-3	919.72068E-6	40.595643E-3	902.60716E-6
113.00001E-6	40.352847E-3	1.0361896E-3	40.694408E-3	871.68632E-6	39.983191E-3	858.84711E-6	40.599115E-3	842.00088E-6
113.50000E-6	40.332630E-3	1.1915810E-3	40.189032E-3	905.57022E-6	40.052690E-3	794.75576E-6	40.576622E-3	785.35971E-6
114.00000E-6	40.749416E-3	778.91094E-6	40.703699E-3	904.50101E-6	40.141679E-3	770.92752E-6	40.715773E-3	794.26554E-6
114.50001E-6	40.733840E-3	794.81868E-6	40.848900E-3	886.75780E-6	40.168189E-3	857.15501E-6	40.709790E-3	889.04705E-6
115.00000E-6	40.710617E-3	879.11135E-6	40.939711E-3	802.93400E-6	40.154144E-3	907.58060E-6	40.703930E-3	878.85075E-6
115.50000E-6	40.730070E-3	905.03873E-6	40.938776E-3	796.47265E-6	40.155180E-3	849.44535E-6	40.721118E-3	798.87622E-6
116.00000E-6	40.697455E-3	823.12606E-6	40.971678E-3	854.89359E-6	40.221188E-3	763.87008E-6	40.773164E-3	759.20403E-6
116.50001E-6	40.729109E-3	784.79247E-6	40.956523E-3	906.20358E-6	40.202633E-3	794.99063E-6	40.776815E-3	790.76266E-6
117.00000E-6	40.720839E-3	791.70516E-6	40.932938E-3	851.95323E-6	40.193349E-3	855.37689E-6	40.785652E-3	879.85373E-6
117.50000E-6	40.706694E-3	887.27078E-6	40.855281E-3	756.18242E-6	40.240716E-3	916.85948E-6	40.761832E-3	872.49518E-6
118.00000E-6	40.716242E-3	882.18733E-6	40.733900E-3	788.79780E-6	40.350638E-3	831.20464E-6	40.791146E-3	790.40223E-6
118.50001E-6	40.704746E-3	818.72608E-6	40.679283E-3	893.96239E-6	40.506192E-3	755.73899E-6	40.751759E-3	749.07445E-6
119.00000E-6	40.721375E-3	785.36384E-6	40.626314E-3	886.54162E-6	40.507730E-3	781.74809E-6	40.755574E-3	800.19032E-6
119.50000E-6	40.765572E-3	832.10791E-6	40.613204E-3	791.91639E-6	40.502414E-3	858.43191E-6	40.772244E-3	888.03872E-6
120.00000E-6	40.792335E-3	895.03318E-6	40.588770E-3	759.04187E-6	40.527180E-3	895.52149E-6	40.724408E-3	881.86795E-6
120.50001E-6	40.766422E-3	895.02434E-6	40.623479E-3	829.29933E-6	40.723313E-3	838.17431E-6	40.767111E-3	776.70417E-6
121.00000E-6	40.779609E-3	817.37584E-6	40.591892E-3	900.25860E-6	40.708426E-3	748.36705E-6	40.828139E-3	763.43736E-6
121.50000E-6	40.731501E-3	768.60003E-6	40.591605E-3	856.62975E-6	40.700920E-3	805.03186E-6	40.858556E-3	831.59003E-6
122.00000E-6	40.718503E-3	826.88051E-6	40.592670E-3	764.20489E-6	40.751521E-3	890.28332E-6	40.868040E-3	892.04405E-6
122.50000E-6	40.693898E-3	888.11642E-6	40.610947E-3	792.28275E-6	40.780522E-3	903.34984E-6	40.854990E-3	867.32011E-6
123.00001E-6	40.701143E-3	870.04789E-6	40.572807E-3	866.95969E-6	40.811107E-3	808.59690E-6	40.943705E-3	776.33146E-6
123.50001E-6	40.765047E-3	832.00517E-6	40.578943E-3	921.31144E-6	40.692810E-3	760.56115E-6	40.946700E-3	781.43639E-6
124.00001E-6	40.761579E-3	804.18203E-6	40.534407E-3	838.54451E-6	40.716469E-3	808.00016E-6	40.999997E-3	845.08403E-6
124.49999E-6	40.772978E-3	842.81614E-6	40.556513E-3	788.30757E-6	40.691417E-3	867.11731E-6	41.049883E-3	898.63903E-6
124.99999E-6	40.786032E-3	896.24024E-6	40.550984E-3	829.98560E-6	40.732902E-3	873.90014E-6	41.039236E-3	842.71486E-6
125.50000E-6	40.763061E-3	867.15515E-6	40.601823E-3	890.05544E-6	40.700927E-3	795.65606E-6	41.105993E-3	778.62228E-6
126.00000E-6	40.725335E-3	808.50458E-6	40.601950E-3	901.38311E-6	40.715981E-3	767.95649E-6	41.144136E-3	769.22571E-6
126.50000E-6	40.751033E-3	770.65045E-6	40.595155E-3	813.17977E-6	40.899597E-3	826.45868E-6	41.178007E-3	852.49753E-6
127.00001E-6	40.743016E-3	843.97802E-6	40.489685E-3	775.28151E-6	40.930655E-3	894.35512E-6	41.127771E-3	900.38235E-6
127.50001E-6	40.773589E-3	903.74146E-6	40.414385E-3	820.49961E-6	40.932436E-3	876.16860E-6	41.059297E-3	825.95099E-6
128.00001E-6	40.762581E-3	877.16588E-6	40.332761E-3	924.57945E-6	40.959116E-3	805.62604E-6	41.013695E-3	773.04401E-6
128.49999E-6	40.796667E-3	801.38090E-6	40.294427E-3	852.90434E-6	40.716421E-3	775.36353E-6	40.986750E-3	798.88647E-6
128.99999E-6	40.774371E-3	787.42328E-6	40.182363E-3	782.55840E-6	40.728420E-3	847.95232E-6	40.878162E-3	873.86899E-6
129.50000E-6	40.794682E-3	844.81691E-6	40.103290E-3	770.61256E-6	40.722519E-3	877.63061E-6	40.850457E-3	893.34574E-6
130.00000E-6	40.816415E-3	908.89930E-6	40.116433E-3	849.00460E-6	40.714160E-3	859.60265E-6	40.794857E-3	801.05540E-6
130.50000E-6	40.804226E-3	880.97726E-6	40.121682E-3	903.23569E-6	40.676650E-3	784.74614E-6	40.765814E-3	754.65033E-6
131.00001E-6	40.835343E-3	795.33836E-6	40.159173E-3	836.75265E-6	40.729478E-3	766.52382E-6	40.663004E-3	824.73614E-6
131.50001E-6	40.790062E-3	772.70321E-6	40.178340E-3	776.82961E-6	40.730655E-3	845.75574E-6	40.658176E-3	905.73775E-6
132.00002E-6	40.766913E-3	859.89322E-6	40.204257E-3	786.81542E-6	40.771373E-3	908.33940E-6	40.580723E-3	868.99573E-6
132.49999E-6	40.803876E-3	886.53958E-6	40.270530E-3	900.15045E-6	40.782921E-3	849.72486E-6	40.588249E-3	768.10940E-6
132.99999E-6	40.875718E-3	845.54526E-6	40.378984E-3	876.31412E-6	40.815834E-3	765.69931E-6	40.524364E-3	767.53192E-6
133.50000E-6	40.928394E-3	772.90105E-6	40.380366E-3	786.82002E-6	40.879283E-3	759.77453E-6	40.499590E-3	853.34486E-6
134.00000E-6	40.972650E-3	772.17945E-6	40.414736E-3	755.47956E-6	40.863562E-3	845.77623E-6	40.486224E-3	887.83400E-6
134.50001E-6	41.034091E-3	847.12368E-6	40.467467E-3	807.52216E-6	40.808890E-3	892.55499E-6	40.493984E-3	850.03296E-6
135.00001E-6	41.047253E-3	895.32876E-6	40.462047E-3	871.83842E-6	40.777817E-3	829.56417E-6	40.592726E-3	760.11789E-6
135.50001E-6	41.050509E-3	839.97217E-6	40.509947E-3	837.79020E-6	40.838007E-3	755.28672E-6	40.597770E-3	740.75791E-6
135.99999E-6	41.103031E-3	754.72996E-6	40.538915E-3	780.07783E-6	40.851943E-3	777.28607E-6	40.626254E-3	837.12366E-6
136.49999E-6	41.094299E-3	769.05958E-6	40.578149E-3	781.49996E-6	40.788982E-3	867.40690E-6	40.645134E-3	913.53344E-6
137.00000E-6	41.151457E-3	860.12727E-6	40.569581E-3	852.84031E-6	40.718228E-3	888.53308E-6	40.608834E-3	852.59054E-6
137.50000E-6	41.162491E-3	904.67714E-6	40.611468E-3	893.28701E-6	40.783525E-3	805.34886E-6	40.618088E-3	766.00851E-6
138.00000E-6	41.205741E-3	829.11330E-6	40.586807E-3	814.80521E-6	40.853459E-3	732.78236E-6	40.586587E-3	758.83587E-6
138.50001E-6	41.241206E-3	751.06241E-6	40.598821E-3	763.64295E-6	40.904578E-3	802.44418E-6	40.585786E-3	829.09246E-6
139.00001E-6	41.298047E-3	783.14607E-6	40.565021E-3	777.64696E-6	41.032709E-3	900.52315E-6	40.588737E-3	896.84251E-6
139.50001E-6	41.329850E-3	856.40966E-6	40.597189E-3	853.80243E-6	41.152660E-3	873.15607E-6	40.557384E-3	827.90351E-6
139.99999E-6	41.304588E-3	889.93291E-6	40.569108E-3	904.78855E-6	41.245870E-3	794.84715E-6	40.571731E-3	748.71292E-6
140.49999E-6	41.341484E-3	802.52805E-6	40.592268E-3	792.14619E-6	41.192811E-3	744.77488E-6	40.570144E-3	748.09237E-6
141.00000E-6	41.287728E-3	738.69515E-6	40.625628E-3	748.78510E-6	41.255709E-3	817.91740E-6	40.583126E-3	836.20712E-6
141.50000E-6	41.292563E-3	804.69414E-6	40.693875E-3	801.71600E-6	41.246861E-3	879.24110E-6	40.621102E-3	883.73612E-6
142.00000E-6	41.247506E-3	882.71976E-6	40.677939E-3	895.37451E-6	41.188709E-3	860.34165E-6	40.645543E-3	823.10231E-6
142.50001E-6	41.210353E-3	865.56369E-6	40.748470E-3	876.90545E-6	41.146874E-3	769.14561E-6	40.614951E-3	760.81959E-6
143.00001E-6	41.198578E-3	789.64786E-6	40.806584E-3	778.21017E-6	41.177291E-3	745.99317E-6	40.651500E-3	758.78086E-6
143.50002E-6	41.224152E-3	744.48687E-6	40.821213E-3	735.35123E-6	41.172788E-3	831.05743E-6	40.631488E-3	846.86372E-6
143.99999E-6	41.182280E-3	806.87978E-6	40.793978E-3	835.29507E-6	41.155804E-3	887.41310E-6	40.620916E-3	888.02393E-6
144.49999E-6	41.213684E-3	884.65487E-6	40.850267E-3	888.76317E-6	41.128431E-3	827.14896E-6	40.626995E-3	810.77585E-6
145.00000E-6	41.162018E-3	861.40726E-6	40.877212E-3	838.16197E-6	41.092411E-3	765.96468E-6	40.664863E-3	723.05836E-6
145.50000E-6	41.028980E-3	764.67590E-6	41.039232E-3	771.16804E-6	41.021604E-3	760.08530E-6	40.658347E-3	782.14554E-6
146.00001E-6	40.988166E-3	741.24243E-6	41.118566E-3	763.06879E-6	40.934786E-3	857.57155E-6	40.519513E-3	867.89223E-6
146.49998E-6	40.890571E-3	837.55353E-6	41.107189E-3	849.32806E-6	40.902376E-3	919.38896E-6	40.668968E-3	863.59086E-6
146.99998E-6	40.853705E-3	872.15920E-6	41.138504E-3	887.61997E-6	40.765315E-3	825.63912E-6	40.678989E-3	797.64554E-6
147.49999E-6	40.843159E-3	853.30091E-6	41.164372E-3	810.85437E-6	40.718593E-3	735.44728E-6	40.645838E-3	740.88975E-6
147.99999E-6	40.853139E-3	774.01765E-6	41.102111E-3	749.92352E-6	40.728167E-3	773.11677E-6	40.631644E-3	792.68939E-6
148.50000E-6	40.840495E-3	751.75194E-6	41.053411E-3	766.19972E-6	40.680401E-3	852.58338E-6	40.621717E-3	868.50522E-6
149.00000E-6	40.867798E-3	862.98055E-6	41.003451E-3	861.35458E-6	40.581051E-3	879.42067E-6	40.590532E-3	865.49524E-6
149.50000E-6	40.859938E-3	882.15858E-6	40.974073E-3	900.00499E-6	40.550672E-3	796.47102E-6	40.576417E-3	792.62815E-6
150.00001E-6	40.883541E-3	852.37925E-6	40.914368E-3	799.62815E-6	40.575869E-3	746.28525E-6	40.523339E-3	768.62634E-6
150.49998E-6	40.849362E-3	757.09505E-6	40.898830E-3	764.75664E-6	40.501617E-3	784.31336E-6	40.634975E-3	811.46345E-6
150.99999E-6	40.849820E-3	765.31770E-6	40.854372E-3	821.09927E-6	40.498056E-3	861.60505E-6	40.569719E-3	893.55203E-6
151.49999E-6	40.826149E-3	860.05847E-6	40.811125E-3	888.38744E-6	40.533677E-3	874.41312E-6	40.516406E-3	870.06349E-6
151.99999E-6	40.630668E-3	879.77143E-6	40.796589E-3	852.06714E-6	40.449575E-3	773.10059E-6	40.466428E-3	810.53906E-6
152.50000E-6	40.661279E-3	823.37018E-6	40.754341E-3	784.14346E-6	40.426161E-3	744.60643E-6	40.395923E-3	746.51424E-6
153.00000E-6	40.669251E-3	755.59964E-6	40.723443E-3	753.68071E-6	40.461063E-3	819.13633E-6	40.345628E-3	814.63141E-6
153.50000E-6	40.690113E-3	780.00018E-6	40.681772E-3	840.76676E-6	40.502649E-3	892.67280E-6	40.314015E-3	897.81120E-6
154.00001E-6	40.726330E-3	865.57056E-6	40.704954E-3	899.79800E-6	40.477317E-3	884.74166E-6	40.266838E-3	883.99183E-6
154.49998E-6	40.712155E-3	871.43271E-6	40.664297E-3	850.09570E-6	40.472031E-3	769.31203E-6	40.209129E-3	789.02976E-6
154.99999E-6	40.703308E-3	787.74046E-6	40.677298E-3	756.09464E-6	40.491287E-3	760.35521E-6	40.274460E-3	753.78723E-6
155.49999E-6	40.686801E-3	759.32289E-6	40.704165E-3	777.92816E-6	40.500607E-3	832.85657E-6	40.289309E-3	809.47118E-6
155.99999E-6	40.703885E-3	797.31428E-6	40.711649E-3	860.73892E-6	40.548798E-3	896.70485E-6	40.289603E-3	909.18754E-6
156.50000E-6	40.671710E-3	895.95409E-6	40.715341E-3	866.16614E-6	40.515490E-3	864.74337E-6	40.306158E-3	872.25414E-6
157.00000E-6	40.677406E-3	884.37123E-6	40.753733E-3	820.71970E-6	40.556438E-3	763.04958E-6	40.290102E-3	782.51277E-6
157.50001E-6	40.687487E-3	809.43038E-6	40.771160E-3	751.55724E-6	40.534288E-3	775.30206E-6	40.316623E-3	760.11324E-6
157.99998E-6	40.694207E-3	720.35065E-6	40.729575E-3	782.37709E-6	40.521100E-3	871.23021E-6	40.152110E-3	844.21900E-6
158.49998E-6	40.659633E-3	823.63130E-6	40.743448E-3	879.86107E-6	40.524434E-3	912.33721E-6	40.171307E-3	887.26374E-6
158.99999E-6	40.697411E-3	879.09569E-6	40.565800E-3	893.56548E-6	40.525768E-3	827.09279E-6	39.968215E-3	877.87694E-6
159.49999E-6	40.701449E-3	878.98818E-6	40.579874E-3	786.66018E-6	40.512025E-3	767.04170E-6	39.936170E-3	781.88762E-6
160.00000E-6	40.702052E-3	785.29393E-6	40.703341E-3	766.45141E-6	40.442675E-3	790.95596E-6	39.942902E-3	757.21391E-6
160.50000E-6	40.611517E-3	731.05696E-6	40.721923E-3	810.24755E-6	40.378388E-3	869.74469E-6	39.992005E-3	844.77960E-6
161.00000E-6	40.577509E-3	832.06757E-6	40.507291E-3	881.15438E-6	40.324572E-3	904.12918E-6	39.989289E-3	918.43127E-6
161.50001E-6	40.625554E-3	900.89533E-6	40.464196E-3	876.05283E-6	40.259697E-3	800.55278E-6	39.998561E-3	847.72677E-6
161.99998E-6	40.611215E-3	877.07891E-6	40.430285E-3	780.98010E-6	40.286086E-3	762.97286E-6	40.047344E-3	776.07989E-6
162.49999E-6	40.630348E-3	810.12951E-6	40.389087E-3	756.49779E-6	40.111002E-3	802.91397E-6	40.115390E-3	781.35118E-6
162.99999E-6	40.659405E-3	752.88251E-6	40.328935E-3	841.14686E-6	40.114693E-3	891.73694E-6	40.126354E-3	859.18716E-6
163.49999E-6	40.646907E-3	822.68572E-6	40.249947E-3	918.41113E-6	40.114865E-3	873.21206E-6	40.164504E-3	911.74734E-6
164.00000E-6	40.738396E-3	894.95030E-6	40.167484E-3	851.19571E-6	40.137205E-3	782.34065E-6	40.168237E-3	858.21969E-6
164.50000E-6	40.690664E-3	887.97777E-6	40.102258E-3	747.84271E-6	40.179793E-3	736.28686E-6	40.198635E-3	756.79773E-6
165.00000E-6	40.727332E-3	787.80483E-6	40.078990E-3	771.41996E-6	40.174894E-3	829.88146E-6	40.219557E-3	766.86195E-6
165.50001E-6	40.741976E-3	741.51042E-6	40.112454E-3	874.43594E-6	40.177565E-3	899.96605E-6	40.273849E-3	859.17197E-6
165.99998E-6	40.712759E-3	810.86671E-6	40.145807E-3	895.21892E-6	40.220849E-3	870.04644E-6	40.297367E-3	908.63061E-6
166.49999E-6	40.683132E-3	879.42812E-6	40.182628E-3	810.30035E-6	40.264808E-3	787.03469E-6	40.297613E-3	827.78459E-6
166.99999E-6	40.712468E-3	912.59414E-6	40.254671E-3	766.96771E-6	40.289558E-3	753.57006E-6	40.359594E-3	762.32688E-6
167.49999E-6	40.591680E-3	804.23150E-6	40.319495E-3	805.66067E-6	40.318660E-3	818.91631E-6	40.388819E-3	783.67000E-6
168.00000E-6	40.410973E-3	751.31678E-6	40.397726E-3	905.85358E-6	40.514503E-3	907.35994E-6	40.407911E-3	873.93611E-6
168.50000E-6	40.408388E-3	790.43937E-6	40.449910E-3	864.55839E-6	40.527795E-3	840.79261E-6	40.675055E-3	903.38185E-6
169.00001E-6	40.449988E-3	887.58016E-6	40.453795E-3	781.46899E-6	40.586099E-3	771.60570E-6	40.689498E-3	820.30112E-6
169.49998E-6	40.560521E-3	875.31720E-6	40.436924E-3	770.26687E-6	40.586267E-3	769.73421E-6	40.682398E-3	749.76200E-6
169.99998E-6	40.550765E-3	830.14136E-6	40.471934E-3	845.70603E-6	40.572293E-3	859.87890E-6	40.639386E-3	815.60289E-6
170.49999E-6	40.570933E-3	755.05942E-6	40.522091E-3	889.74909E-6	40.602360E-3	905.80591E-6	40.675536E-3	885.54295E-6
170.99999E-6	40.715411E-3	794.38358E-6	40.516119E-3	849.17468E-6	40.630691E-3	849.85833E-6	40.620390E-3	898.16813E-6
171.50000E-6	40.623717E-3	889.22639E-6	40.417712E-3	798.03576E-6	40.485796E-3	778.61338E-6	40.478088E-3	858.90421E-6
172.00000E-6	40.578756E-3	901.93225E-6	40.422864E-3	790.40247E-6	40.484626E-3	799.89532E-6	40.503580E-3	807.74166E-6
172.50000E-6	40.567726E-3	852.80393E-6	40.420745E-3	912.27470E-6	40.459745E-3	906.70859E-6	40.554557E-3	852.65673E-6
173.00001E-6	40.555123E-3	788.08510E-6	40.417168E-3	913.56260E-6	40.559392E-3	948.06892E-6	40.632945E-3	911.30816E-6
173.49998E-6	40.591836E-3	798.18961E-6	40.372614E-3	801.10691E-6	40.522151E-3	872.46060E-6	40.367566E-3	940.18015E-6
173.99999E-6	40.596146E-3	897.51795E-6	40.357463E-3	756.60669E-6	40.553242E-3	778.43625E-6	40.333606E-3	817.41525E-6
174.49999E-6	40.608902E-3	914.65417E-6	40.370531E-3	853.28473E-6	40.571842E-3	827.37656E-6	40.284909E-3	778.07531E-6
174.99999E-6	40.618755E-3	830.46808E-6	40.390704E-3	910.52416E-6	40.573470E-3	917.76357E-6	40.112514E-3	864.72376E-6
175.50000E-6	40.748011E-3	750.13301E-6	40.431757E-3	890.17872E-6	40.595576E-3	935.77267E-6	40.265091E-3	936.70766E-6
176.00000E-6	40.764786E-3	818.53644E-6	40.421758E-3	823.98154E-6	40.499043E-3	852.70352E-6	40.279612E-3	912.51032E-6
176.50001E-6	40.741604E-3	911.79751E-6	40.518366E-3	776.79986E-6	40.505271E-3	771.53393E-6	40.295113E-3	805.94711E-6
177.00001E-6	40.706355E-3	902.13277E-6	40.598683E-3	857.52382E-6	40.526956E-3	809.66461E-6	40.300824E-3	771.88312E-6
177.49998E-6	40.701509E-3	861.02582E-6	40.602732E-3	927.29594E-6	40.512789E-3	908.92275E-6	40.319391E-3	848.15273E-6
177.99999E-6	40.665612E-3	768.67745E-6	40.673535E-3	876.61674E-6	40.511966E-3	925.89046E-6	40.284701E-3	938.85791E-6
178.49999E-6	40.699195E-3	783.04909E-6	40.674999E-3	782.05368E-6	40.514275E-3	824.69528E-6	40.276263E-3	888.83698E-6
179.00000E-6	40.716793E-3	883.26604E-6	40.708631E-3	788.48231E-6	40.522769E-3	758.87283E-6	40.243503E-3	797.16969E-6
179.50000E-6	40.698960E-3	925.11019E-6	40.729892E-3	870.75582E-6	40.518455E-3	831.13374E-6	40.236894E-3	796.69384E-6
180.00000E-6	40.703006E-3	853.69684E-6	40.751263E-3	920.14589E-6	40.536970E-3	907.22711E-6	40.305577E-3	845.97000E-6
180.50001E-6	40.714372E-3	785.65016E-6	40.781178E-3	848.32910E-6	40.525850E-3	921.76133E-6	40.408086E-3	937.68322E-6
180.99998E-6	40.689930E-3	779.87689E-6	40.862113E-3	772.62562E-6	40.480927E-3	836.91458E-6	40.407062E-3	912.52913E-6
181.49999E-6	40.654689E-3	887.63580E-6	40.917579E-3	820.39356E-6	40.432412E-3	791.35102E-6	40.446602E-3	803.13225E-6
181.99999E-6	40.657405E-3	941.15367E-6	40.919360E-3	919.56218E-6	40.482134E-3	853.14835E-6	40.441785E-3	785.85203E-6
182.49999E-6	40.658850E-3	892.04364E-6	40.882315E-3	931.94039E-6	40.444691E-3	938.16785E-6	40.489994E-3	855.39371E-6
183.00000E-6	40.681038E-3	770.75197E-6	40.894538E-3	832.98911E-6	40.378977E-3	953.01756E-6	40.419728E-3	952.51453E-6
183.50000E-6	40.704757E-3	783.03547E-6	40.838230E-3	758.79466E-6	40.503066E-3	862.15226E-6	40.433437E-3	908.21169E-6
184.00000E-6	40.553205E-3	867.40183E-6	40.802065E-3	813.93780E-6	40.472455E-3	780.12794E-6	40.431742E-3	795.37719E-6
184.50001E-6	40.569123E-3	914.97350E-6	40.735833E-3	905.54921E-6	40.473916E-3	837.80685E-6	40.412895E-3	777.94434E-6
184.99998E-6	40.575143E-3	888.17795E-6	40.735114E-3	910.55164E-6	40.434174E-3	936.07331E-6	40.462736E-3	873.34798E-6
185.49999E-6	40.557150E-3	782.74886E-6	40.710896E-3	816.37281E-6	40.532652E-3	934.49955E-6	40.506259E-3	926.00629E-6
185.99999E-6	40.531490E-3	769.14579E-6	40.700193E-3	770.76815E-6	40.472940E-3	947.28434E-6	40.521588E-3	876.24125E-6
186.49999E-6	40.536970E-3	840.42567E-6	40.645257E-3	824.23835E-6	40.324494E-3	904.81905E-6	40.433258E-3	811.38272E-6
187.00000E-6	40.509749E-3	958.96586E-6	40.707055E-3	926.66008E-6	40.403485E-3	839.62554E-6	40.465847E-3	804.58698E-6
187.50000E-6	40.525671E-3	905.92448E-6	40.666271E-3	895.30117E-6	40.481064E-3	917.45035E-6	40.613294E-3	886.80530E-6
188.00001E-6	40.477373E-3	809.79837E-6	40.908217E-3	809.97054E-6	40.454004E-3	962.32240E-6	40.639423E-3	939.29179E-6
188.49998E-6	40.483359E-3	785.58078E-6	40.858295E-3	761.78130E-6	40.437419E-3	843.70933E-6	40.663119E-3	841.31071E-6
188.99998E-6	40.484969E-3	864.78365E-6	40.810380E-3	856.51252E-6	40.491138E-3	776.51092E-6	40.650342E-3	767.81044E-6
189.49999E-6	40.516563E-3	935.44793E-6	40.814985E-3	906.03868E-6	40.377494E-3	806.00358E-6	40.628918E-3	825.00634E-6
189.99999E-6	40.533375E-3	888.25944E-6	40.539365E-3	881.54897E-6	40.381677E-3	955.53021E-6	40.641185E-3	887.18301E-6
190.50000E-6	39.521161E-3	1.1573423E-3	39.450921E-3	1.1650692E-3	38.968813E-3	2.2611406E-3	40.140580E-3	1.4004218E-3
191.00000E-6	39.641310E-3	1.4230198E-3	39.467786E-3	1.4961540E-3	39.848208E-3	1.4326643E-3	40.171515E-3	1.5483130E-3
191.50000E-6	39.623026E-3	1.8562141E-3	40.082205E-3	1.6441083E-3	39.559387E-3	1.5077312E-3	39.419033E-3	1.4346993E-3
192.00001E-6	39.968334E-3	1.4613167E-3	40.056225E-3	1.5321210E-3	39.135478E-3	1.2621442E-3	39.364830E-3	1.2043698E-3
192.49998E-6	39.399199E-3	1.4603541E-3	39.462492E-3	1.4218775E-3	39.229985E-3	1.2727815E-3	40.019590E-3	1.2970133E-3
192.99999E-6	39.329186E-3	1.1896004E-3	39.217152E-3	1.2593726E-3	39.876003E-3	1.4503136E-3	39.972510E-3	1.6522970E-3
193.49999E-6	39.496426E-3	1.4209484E-3	39.439831E-3	1.5298444E-3	39.621722E-3	1.9199718E-3	40.124789E-3	1.7359373E-3
193.99999E-6	39.231531E-3	1.8609313E-3	39.659537E-3	1.8422001E-3	39.255165E-3	1.6488516E-3	39.646514E-3	1.4994381E-3
194.50000E-6	39.854400E-3	1.6679653E-3	40.011257E-3	1.5005340E-3	39.280925E-3	1.4687420E-3	39.632984E-3	1.2195240E-3
195.00000E-6	39.268509E-3	1.4831439E-3	39.673276E-3	1.5006454E-3	39.308216E-3	1.1965720E-3	39.882716E-3	1.5150172E-3
195.50000E-6	39.084345E-3	1.2126343E-3	39.380189E-3	1.1603200E-3	39.545782E-3	1.5963890E-3	39.899953E-3	1.3722599E-3
196.00001E-6	39.325163E-3	1.4960081E-3	39.114460E-3	1.5551969E-3	39.559867E-3	1.9027708E-3	39.932329E-3	1.7719904E-3
196.49998E-6	39.600454E-3	1.6075613E-3	39.627101E-3	1.8516496E-3	39.656349E-3	1.7030166E-3	39.726309E-3	1.5714715E-3
196.99999E-6	39.579604E-3	1.7686227E-3	40.083263E-3	1.6374271E-3	39.367452E-3	1.3531413E-3	39.354622E-3	1.2419121E-3
197.49999E-6	39.484363E-3	1.5846218E-3	39.526630E-3	1.3989643E-3	39.211761E-3	1.3133958E-3	39.725784E-3	1.3425221E-3
197.99999E-6	38.984060E-3	1.2218457E-3	39.070759E-3	1.1825126E-3	39.570451E-3	1.6078694E-3	39.933708E-3	1.6485831E-3
198.50000E-6	38.498752E-3	1.6113757E-3	39.190479E-3	1.4697212E-3	39.526626E-3	1.8228753E-3	39.994739E-3	1.7292619E-3
199.00000E-6	39.137583E-3	1.7837479E-3	39.166521E-3	1.6133738E-3	39.556999E-3	1.7597638E-3	39.391421E-3	1.5986282E-3
199.50001E-6	39.427951E-3	1.7654786E-3	39.771486E-3	1.6865976E-3	39.051533E-3	1.4200222E-3	39.485540E-3	1.3025024E-3
199.99998E-6	39.191857E-3	1.5427034E-3	39.975472E-3	1.4962289E-3	39.038803E-3	1.3079426E-3	39.504208E-3	1.2443826E-3
