Experiment	Sweeper	
Saved Date	30.06.2023 19:41:39	
User		
Date		
Start time	30.06.2023 19:29:34	
Sweep channel: Name	Output 2 (V)	
Sweep channel: Start (V)	-100E-6	
Sweep channel: Stop (V)	200E-6	
Sweep channel: Points	601	
Sweep channel: Max slew rate (V/s)	Inf	
Sweep channel: Initial settling time (s)	20E+3	
Sweep channel: End settling time (s)	2E+0	
Sweep channel: Backward sweep	TRUE	
Sweep channel: Number of sweeps	2	
Sweep channel: Reset	FALSE	
Step channel 1: Name	Output 3 (V)	
Step channel 1: Start (V)	50E-3	
Step channel 1: Stop (V)	50E-3	
Step channel 1: Points	2	
Step channel 1: Max slew rate (V/s)	10E+0	
Step channel 1:  Initial settling time (s)	2E+0	
Step channel 1: End settling time (s)	2E+0	
Step channel 1: Backward sweep	FALSE	
Step channel 1: Reset	FALSE	
Sweep Type	2D-Both RT	
Acquire channels	Input 1 (V);LI Demod 3 X (V)	
Filter type	None	
Order		
Cutoff frq		

[DATA]
Output 2 Setp. (V)	Input 1 [00001] (V)	LI Demod 3 X [00001] (V)	Input 1 [00002] (V)	LI Demod 3 X [00002] (V)	Input 1 [00001] [bwd] (V)	LI Demod 3 X [00001] [bwd] (V)	Input 1 [00002] [bwd] (V)	LI Demod 3 X [00002] [bwd] (V)
-99.999997E-6	31.067662E-3	32.325959E-6	30.851487E-3	20.790807E-6	30.569784E-3	38.884176E-6	30.985506E-3	85.566870E-6
-99.500001E-6	31.087941E-3	66.006629E-6	30.890025E-3	-36.394173E-6	30.555347E-3	44.501805E-6	31.106383E-3	35.462224E-6
-98.999997E-6	31.105716E-3	23.373941E-6	30.880840E-3	-70.963375E-6	30.531259E-3	-38.212474E-6	31.102696E-3	-62.407031E-6
-98.500001E-6	31.158408E-3	-36.016962E-6	30.931957E-3	5.1497263E-6	30.510897E-3	-73.779956E-6	31.129742E-3	-74.101474E-6
-97.999997E-6	31.200381E-3	-61.323648E-6	30.910049E-3	53.012867E-6	30.496674E-3	-33.931643E-6	31.069832E-3	-7.0221599E-6
-97.500000E-6	31.262167E-3	-17.070613E-6	30.931814E-3	47.137964E-6	30.430911E-3	45.300454E-6	31.044651E-3	45.896129E-6
-96.999996E-6	31.347152E-3	67.005909E-6	30.950939E-3	-23.862145E-6	30.459616E-3	56.410790E-6	31.030675E-3	62.125466E-6
-96.500000E-6	31.423539E-3	77.764518E-6	30.934731E-3	-74.568656E-6	30.469485E-3	-2.4993869E-6	31.040521E-3	11.666749E-6
-95.999996E-6	31.454749E-3	9.3737262E-6	30.941511E-3	-58.286332E-6	30.470658E-3	-97.336466E-6	30.977495E-3	-70.734131E-6
-95.500000E-6	31.465542E-3	-93.223614E-6	30.928684E-3	16.537295E-6	30.511724E-3	-69.099638E-6	30.912900E-3	-61.352206E-6
-94.999996E-6	31.441331E-3	-65.032073E-6	30.954530E-3	80.459824E-6	30.531948E-3	38.588863E-6	30.831639E-3	11.890335E-6
-94.499999E-6	31.394683E-3	6.7473638E-6	30.898066E-3	6.2243976E-6	30.544423E-3	69.482223E-6	30.712664E-3	73.934250E-6
-93.999995E-6	31.289037E-3	67.144021E-6	30.954411E-3	-75.904893E-6	30.594546E-3	-3.0581634E-6	30.658985E-3	63.220687E-6
-93.499999E-6	31.216603E-3	31.456348E-6	30.935517E-3	-86.673877E-6	30.613573E-3	-59.540474E-6	30.608775E-3	-14.968431E-6
-92.999995E-6	31.138923E-3	-44.953136E-6	30.950068E-3	1.3001857E-6	30.646544E-3	-66.972854E-6	30.618120E-3	-87.989923E-6
-92.499999E-6	31.072067E-3	-66.001972E-6	30.921306E-3	70.387585E-6	30.682649E-3	-1.4340241E-6	30.605705E-3	-42.669595E-6
-91.999995E-6	31.001648E-3	-43.536642E-6	30.945418E-3	43.471995E-6	30.691348E-3	86.222026E-6	30.655306E-3	12.054977E-6
-91.499998E-6	30.968370E-3	18.555802E-6	31.046502E-3	-14.376406E-6	30.697001E-3	57.669480E-6	30.719209E-3	66.209606E-6
-90.999994E-6	30.964971E-3	62.378815E-6	31.131452E-3	-70.594251E-6	30.755095E-3	-32.786713E-6	30.805023E-3	25.902145E-6
-90.499998E-6	30.895593E-3	12.810811E-6	31.193765E-3	-25.659388E-6	30.695867E-3	-75.040625E-6	30.888015E-3	-38.982595E-6
-90.000001E-6	30.930704E-3	-60.919534E-6	31.223871E-3	29.207735E-6	30.810187E-3	-32.132371E-6	30.940713E-3	-69.299567E-6
-89.499998E-6	30.934444E-3	-88.542547E-6	31.291042E-3	71.633985E-6	30.772416E-3	45.954166E-6	30.985793E-3	-37.239570E-6
-88.999994E-6	30.975955E-3	-13.246287E-6	31.356711E-3	28.397893E-6	30.895002E-3	56.347497E-6	31.146927E-3	38.991700E-6
-88.499997E-6	30.924421E-3	60.288025E-6	31.400725E-3	-73.398907E-6	30.905120E-3	5.8818860E-6	30.927079E-3	63.518513E-6
-88.000001E-6	30.927630E-3	63.115571E-6	31.264856E-3	-63.879204E-6	30.926159E-3	-80.053338E-6	30.917434E-3	12.774736E-6
-87.499997E-6	30.915931E-3	-11.250063E-6	31.235553E-3	-625.72053E-9	30.947985E-3	-55.595428E-6	30.945148E-3	-60.677001E-6
-87.000000E-6	30.899940E-3	-85.299522E-6	31.190690E-3	59.902020E-6	30.941835E-3	23.246186E-6	30.955441E-3	-77.215693E-6
-86.499997E-6	30.887436E-3	-61.372957E-6	31.083854E-3	75.250588E-6	30.960605E-3	84.309140E-6	30.967571E-3	-12.157795E-6
-86.000000E-6	30.897731E-3	19.082749E-6	30.990461E-3	-32.035932E-6	30.958697E-3	22.982946E-6	30.956700E-3	66.585613E-6
-85.499996E-6	30.858571E-3	63.051848E-6	30.960891E-3	-88.780296E-6	30.982556E-3	-65.963046E-6	31.049395E-3	44.443830E-6
-85.000000E-6	30.792618E-3	39.555140E-6	30.921061E-3	-59.357026E-6	30.939909E-3	-72.774994E-6	31.026741E-3	-8.2582601E-6
-84.499996E-6	30.754628E-3	-50.863728E-6	30.846434E-3	49.804330E-6	30.951142E-3	-6.1663304E-6	31.092549E-3	-85.370317E-6
-83.999999E-6	30.722972E-3	-61.711733E-6	30.824605E-3	68.194648E-6	30.945037E-3	49.987390E-6	31.160761E-3	-72.818606E-6
-83.499996E-6	30.630620E-3	-13.986687E-6	30.797288E-3	32.351014E-6	30.956380E-3	55.465378E-6	31.248050E-3	-3.2078783E-6
-82.999999E-6	30.586150E-3	68.274363E-6	30.793117E-3	-67.653760E-6	30.952951E-3	-60.960159E-6	31.333152E-3	54.904143E-6
-82.499995E-6	30.570455E-3	70.724425E-6	30.767605E-3	-83.991086E-6	30.973071E-3	-100.96878E-6	31.361379E-3	54.909277E-6
-81.999999E-6	30.551679E-3	4.5225447E-6	30.759266E-3	342.88135E-9	30.986883E-3	-58.116799E-6	31.405311E-3	-48.521037E-6
-81.499995E-6	30.546308E-3	-56.035813E-6	30.760072E-3	72.298259E-6	30.969253E-3	42.690463E-6	31.376060E-3	-67.911205E-6
-80.999998E-6	30.578420E-3	-69.043192E-6	30.768810E-3	55.821896E-6	31.020904E-3	77.191187E-6	31.345244E-3	-36.539852E-6
-80.500002E-6	30.608891E-3	36.297453E-6	30.767540E-3	-19.377065E-6	31.069832E-3	8.5989477E-6	31.221768E-3	45.758577E-6
-79.999998E-6	30.666068E-3	61.337334E-6	30.740798E-3	-58.397265E-6	31.085055E-3	-52.197007E-6	31.067308E-3	81.224694E-6
-79.499994E-6	30.675389E-3	43.527987E-6	30.762961E-3	-52.613610E-6	31.139599E-3	-50.404109E-6	31.032154E-3	23.800463E-6
-78.999998E-6	30.761743E-3	-54.535762E-6	30.743925E-3	43.139062E-6	31.214295E-3	14.519356E-6	31.002797E-3	-28.735687E-6
-78.500001E-6	30.799182E-3	-103.25481E-6	30.725500E-3	78.567587E-6	31.260841E-3	55.706805E-6	30.994238E-3	-74.462128E-6
-77.999997E-6	30.864149E-3	-12.593956E-6	30.846123E-3	23.504699E-6	31.329032E-3	32.386655E-6	30.999890E-3	-27.048942E-6
-77.499993E-6	30.934641E-3	37.613820E-6	30.891707E-3	-51.053565E-6	31.338785E-3	-28.776305E-6	30.995045E-3	40.075458E-6
-76.999997E-6	30.940341E-3	65.085937E-6	30.949725E-3	-71.084476E-6	31.400010E-3	-74.187519E-6	30.959515E-3	69.860806E-6
-76.500000E-6	30.976955E-3	-14.238998E-6	30.946745E-3	-17.638278E-6	31.424712E-3	-39.420094E-6	31.013761E-3	6.6683829E-6
-75.999997E-6	30.983474E-3	-60.403090E-6	30.921042E-3	35.810743E-6	31.460363E-3	58.962985E-6	30.948317E-3	-56.833767E-6
-75.500000E-6	31.051517E-3	-49.714934E-6	30.888027E-3	61.416096E-6	31.481337E-3	58.455451E-6	30.938046E-3	-95.568830E-6
-74.999996E-6	31.043129E-3	24.851004E-6	30.845601E-3	-15.215685E-6	31.468645E-3	23.178141E-6	30.902799E-3	-18.764151E-6
-74.500000E-6	31.033734E-3	73.624913E-6	30.730393E-3	-68.910354E-6	31.479035E-3	-72.362884E-6	30.880909E-3	64.781547E-6
-73.999996E-6	31.020518E-3	27.555428E-6	30.669859E-3	-61.350343E-6	31.440448E-3	-41.805728E-6	30.809155E-3	67.855995E-6
-73.499999E-6	31.049090E-3	-40.018072E-6	30.651160E-3	14.830651E-6	31.408124E-3	20.639347E-6	30.667759E-3	-23.152221E-6
-72.999996E-6	31.044936E-3	-61.380204E-6	30.585218E-3	76.357130E-6	31.362090E-3	67.084846E-6	30.582599E-3	-89.091031E-6
-72.499999E-6	31.052727E-3	-10.631370E-6	30.601339E-3	21.398517E-6	31.283058E-3	30.890849E-6	30.512577E-3	-82.799990E-6
-71.999995E-6	31.066807E-3	52.750456E-6	30.643849E-3	-50.257309E-6	31.270090E-3	-65.221153E-6	30.503834E-3	-5.1796455E-6
-71.499999E-6	31.035226E-3	44.676370E-6	30.719949E-3	-85.109888E-6	31.204769E-3	-91.709029E-6	30.544424E-3	54.619759E-6
-70.999995E-6	31.054666E-3	-15.980500E-6	30.821005E-3	-29.978546E-6	31.122776E-3	-26.300491E-6	30.632759E-3	43.214110E-6
-70.499998E-6	31.038899E-3	-85.211868E-6	30.910892E-3	41.993579E-6	31.153729E-3	57.644429E-6	30.738425E-3	-4.8142747E-6
-69.999995E-6	31.076295E-3	-67.280023E-6	30.972110E-3	57.097335E-6	31.173395E-3	45.601697E-6	30.944185E-3	-48.169175E-6
-69.499998E-6	31.094719E-3	16.668337E-6	31.010037E-3	11.559674E-6	31.146742E-3	-7.6679262E-6	30.980481E-3	-56.286324E-6
-69.000002E-6	31.081034E-3	69.573485E-6	31.032218E-3	-55.273347E-6	31.116823E-3	-70.488881E-6	30.991610E-3	-9.8092487E-6
-68.499998E-6	31.089457E-3	41.398416E-6	31.020526E-3	-66.404529E-6	31.126432E-3	-48.781501E-6	31.067297E-3	74.168536E-6
-67.999994E-6	31.108884E-3	-44.568027E-6	31.095374E-3	-2.6360808E-6	31.116046E-3	40.448260E-6	31.069722E-3	70.695285E-6
-67.499997E-6	31.157102E-3	-70.764050E-6	31.082815E-3	64.184766E-6	31.131599E-3	72.134302E-6	31.079130E-3	-1.5269653E-6
-67.000001E-6	31.217558E-3	-6.1495921E-6	31.088926E-3	63.199630E-6	31.134864E-3	30.112706E-6	31.081378E-3	-63.332329E-6
-66.499997E-6	31.269509E-3	70.151029E-6	31.097880E-3	-18.745461E-6	31.085964E-3	-62.921885E-6	31.146159E-3	-54.948439E-6
-65.999993E-6	31.203065E-3	58.567017E-6	31.088676E-3	-79.685604E-6	31.111186E-3	-70.668946E-6	30.997351E-3	2.8424158E-6
-65.499997E-6	31.368986E-3	-27.718874E-6	31.091075E-3	-43.803931E-6	31.140350E-3	7.7389004E-6	31.085940E-3	79.458339E-6
-65.000000E-6	31.417798E-3	-85.485153E-6	31.100653E-3	22.092812E-6	31.134689E-3	77.798701E-6	31.064460E-3	67.910143E-6
-64.499996E-6	31.415388E-3	-38.272894E-6	31.114455E-3	44.471904E-6	31.088240E-3	49.525082E-6	31.119864E-3	-7.7575805E-6
-63.999993E-6	31.421516E-3	51.886887E-6	31.131444E-3	47.139543E-6	31.091994E-3	-11.875360E-6	31.346861E-3	-74.580144E-6
-63.499996E-6	31.401820E-3	63.391977E-6	31.209286E-3	-44.934066E-6	31.094503E-3	-83.462808E-6	31.416330E-3	-86.042623E-6
-62.999999E-6	31.415675E-3	10.839286E-6	31.314120E-3	-85.213716E-6	31.113217E-3	-15.195799E-6	31.375349E-3	12.325029E-6
-62.499996E-6	31.376261E-3	-49.000082E-6	31.338200E-3	-14.807321E-6	31.075316E-3	42.885207E-6	31.247521E-3	40.889201E-6
-61.999999E-6	31.254757E-3	-61.525316E-6	31.397570E-3	45.563647E-6	31.035494E-3	72.872834E-6	31.163197E-3	52.254680E-6
-61.500003E-6	31.456701E-3	-2.1834096E-6	31.398032E-3	57.495865E-6	31.033287E-3	15.384723E-6	31.093510E-3	-16.000435E-6
-60.999999E-6	31.433068E-3	37.877766E-6	31.327046E-3	28.041122E-6	31.057747E-3	-89.182497E-6	31.092377E-3	-45.553777E-6
-60.499999E-6	31.405002E-3	30.398300E-6	31.220401E-3	-39.045757E-6	30.983921E-3	-74.332471E-6	31.069901E-3	-67.586094E-6
-59.999998E-6	31.338025E-3	-71.939656E-6	31.129697E-3	-96.050942E-6	30.971237E-3	21.974625E-6	31.041622E-3	12.203202E-6
-59.499998E-6	31.344820E-3	-81.278660E-6	31.062953E-3	-38.052203E-6	30.896593E-3	54.545264E-6	31.058971E-3	58.735804E-6
-58.999998E-6	31.319272E-3	28.456772E-6	31.003626E-3	36.244703E-6	30.775534E-3	40.620722E-6	31.037685E-3	48.379268E-6
-58.499998E-6	31.333081E-3	77.054647E-6	30.949358E-3	64.623724E-6	30.729074E-3	-38.523347E-6	31.271286E-3	-15.936024E-6
-57.999998E-6	31.277005E-3	50.936142E-6	30.958613E-3	32.941218E-6	30.686572E-3	-73.099531E-6	31.270768E-3	-95.119904E-6
-57.499998E-6	31.272739E-3	-32.520820E-6	30.936660E-3	-75.130687E-6	30.673094E-3	-23.033959E-6	31.223804E-3	-52.006555E-6
-56.999997E-6	31.241857E-3	-98.705277E-6	30.954665E-3	-67.091598E-6	30.615745E-3	51.914598E-6	31.160805E-3	6.7187143E-6
-56.499997E-6	31.252891E-3	6.3790908E-6	30.910378E-3	-26.701295E-6	30.601231E-3	68.086389E-6	31.050870E-3	77.221026E-6
-55.999997E-6	31.246837E-3	67.577930E-6	30.899234E-3	34.173911E-6	30.655649E-3	11.098797E-6	30.930998E-3	48.097216E-6
-55.499997E-6	31.289287E-3	54.838343E-6	30.898733E-3	63.115986E-6	30.715555E-3	-76.870092E-6	30.834740E-3	-49.393595E-6
-54.999997E-6	31.246807E-3	-49.763505E-6	30.831425E-3	15.654006E-6	30.742737E-3	-72.038893E-6	30.784603E-3	-73.950279E-6
-54.499997E-6	31.166365E-3	-99.840712E-6	30.752020E-3	-56.868394E-6	30.780755E-3	-8.9014038E-6	30.900793E-3	-67.548637E-6
-53.999996E-6	31.202957E-3	-15.048176E-6	30.702215E-3	-68.982146E-6	30.855536E-3	73.318493E-6	31.019771E-3	17.572358E-6
-53.499996E-6	31.214034E-3	64.223525E-6	30.605180E-3	-12.501023E-6	30.901995E-3	30.651638E-6	31.084629E-3	90.629248E-6
-52.999996E-6	31.233096E-3	48.907586E-6	30.608118E-3	73.092640E-6	30.940555E-3	-34.376801E-6	31.162966E-3	41.118099E-6
-52.499996E-6	31.199967E-3	-33.540102E-6	30.609692E-3	83.962979E-6	30.975698E-3	-78.557583E-6	31.234829E-3	-27.649387E-6
-51.999996E-6	31.242581E-3	-79.705977E-6	30.631779E-3	16.859763E-6	30.913932E-3	-44.474102E-6	31.221760E-3	-75.152275E-6
-51.499999E-6	31.231191E-3	-28.988950E-6	30.735679E-3	-47.708952E-6	30.951526E-3	39.948893E-6	31.231264E-3	-39.980267E-6
-50.999999E-6	31.263422E-3	51.801213E-6	30.827265E-3	-67.957524E-6	30.952629E-3	76.156073E-6	31.211358E-3	24.660792E-6
-50.499999E-6	31.206394E-3	38.109760E-6	30.901406E-3	-7.6581327E-6	30.990841E-3	15.903266E-6	31.191139E-3	68.788402E-6
-49.999999E-6	31.204490E-3	-22.568438E-6	30.992988E-3	78.980556E-6	30.908657E-3	-51.594587E-6	31.216128E-3	43.594362E-6
-49.499999E-6	31.208491E-3	-85.607819E-6	30.998562E-3	57.111531E-6	30.937035E-3	-78.561156E-6	31.093199E-3	-28.109316E-6
-48.999998E-6	31.226531E-3	-52.259486E-6	30.998569E-3	-18.473553E-6	30.973386E-3	-16.193475E-6	31.016883E-3	-77.008925E-6
-48.499998E-6	31.213185E-3	43.404725E-6	31.000422E-3	-68.645750E-6	30.985471E-3	40.618710E-6	31.007346E-3	-26.079173E-6
-47.999998E-6	31.235198E-3	66.184868E-6	31.005878E-3	-63.810439E-6	31.023558E-3	62.583320E-6	31.043243E-3	46.910260E-6
-47.499998E-6	31.220149E-3	-3.1760212E-6	31.003749E-3	-10.398254E-6	31.037116E-3	-8.8724328E-6	31.132901E-3	68.976340E-6
-46.999998E-6	31.175073E-3	-82.950428E-6	31.045005E-3	64.071042E-6	31.067966E-3	-80.151272E-6	31.185959E-3	16.756407E-6
-46.499998E-6	31.213673E-3	-23.709314E-6	31.066189E-3	53.508538E-6	31.123633E-3	-64.950873E-6	31.273615E-3	-69.719143E-6
-45.999997E-6	31.178346E-3	31.028059E-6	31.042531E-3	-19.539242E-6	31.154305E-3	11.342700E-6	31.249976E-3	-54.182747E-6
-45.499997E-6	31.223930E-3	63.274048E-6	31.110873E-3	-89.861198E-6	31.211462E-3	68.713336E-6	31.283554E-3	-610.42465E-9
-44.999997E-6	31.268511E-3	-9.0707990E-6	31.110438E-3	-40.073701E-6	31.267483E-3	33.932134E-6	31.342980E-3	65.772976E-6
-44.499997E-6	31.287253E-3	-88.287030E-6	31.242082E-3	19.550047E-6	31.302247E-3	-35.952908E-6	31.371027E-3	45.111268E-6
-43.999997E-6	31.323358E-3	-51.580955E-6	31.291448E-3	76.035853E-6	31.375203E-3	-59.095044E-6	31.372737E-3	-24.436391E-6
-43.499997E-6	31.313021E-3	38.479364E-6	31.383965E-3	36.899903E-6	31.417299E-3	-28.850167E-6	31.381570E-3	-91.286340E-6
-42.999996E-6	31.376868E-3	65.303873E-6	31.383995E-3	-54.122731E-6	31.402137E-3	47.915546E-6	31.352982E-3	-32.658852E-6
-42.499996E-6	31.365201E-3	-14.602363E-6	31.377472E-3	-65.989771E-6	31.419132E-3	67.254339E-6	31.364191E-3	23.687957E-6
-41.999996E-6	31.409249E-3	-69.490125E-6	31.345952E-3	-23.619608E-6	31.385142E-3	-12.548814E-6	31.286981E-3	67.885470E-6
-41.499996E-6	31.375669E-3	-29.818633E-6	31.279437E-3	59.855978E-6	31.352907E-3	-67.743582E-6	31.225478E-3	22.377828E-9
-40.999999E-6	31.431470E-3	44.176970E-6	31.189444E-3	64.246968E-6	31.293895E-3	-35.096113E-6	31.181164E-3	-90.094269E-6
-40.499999E-6	31.401396E-3	57.559755E-6	31.074611E-3	20.622074E-6	31.233184E-3	11.234553E-6	31.101935E-3	-64.769076E-6
-39.999999E-6	31.440612E-3	-21.010163E-6	30.998295E-3	-61.801824E-6	31.196626E-3	65.570544E-6	31.093113E-3	-12.245739E-6
-39.499999E-6	31.467825E-3	-108.92818E-6	30.957539E-3	-78.143363E-6	31.135270E-3	18.102912E-6	31.064548E-3	70.894173E-6
-38.999999E-6	31.450089E-3	-31.225714E-6	30.932177E-3	-6.3164493E-6	31.154875E-3	-39.060578E-6	31.041486E-3	34.838646E-6
-38.499995E-6	31.485453E-3	55.257948E-6	30.896656E-3	46.699261E-6	30.975677E-3	-62.422201E-6	31.034922E-3	-12.488506E-6
-37.999998E-6	31.483535E-3	46.399458E-6	30.899474E-3	62.791441E-6	30.963600E-3	-34.809673E-6	31.050276E-3	-77.360048E-6
-37.499995E-6	31.462941E-3	-31.635787E-6	30.861707E-3	-9.0721687E-6	30.953037E-3	48.983507E-6	31.046558E-3	-41.082792E-6
-36.999998E-6	31.445779E-3	-70.903254E-6	30.851213E-3	-55.965782E-6	30.931441E-3	78.687146E-6	31.006929E-3	35.066583E-6
-36.499994E-6	31.415459E-3	-26.172749E-6	30.738836E-3	-67.909197E-6	30.940648E-3	-3.0905517E-6	30.998589E-3	62.391031E-6
-35.999998E-6	31.437989E-3	73.710391E-6	30.777648E-3	-2.1184467E-6	30.929891E-3	-74.465024E-6	31.001542E-3	12.377272E-6
-35.500001E-6	31.427875E-3	43.252367E-6	30.763214E-3	66.409753E-6	30.931581E-3	-61.194231E-6	31.010516E-3	-70.094175E-6
-34.999997E-6	31.358723E-3	-52.679163E-6	30.719550E-3	24.704108E-6	30.938240E-3	15.232505E-6	31.020200E-3	-86.225031E-6
-34.500001E-6	31.358808E-3	-82.128638E-6	30.695578E-3	-16.907583E-6	30.923402E-3	61.998137E-6	30.979449E-3	-9.0306476E-6
-33.999997E-6	31.313036E-3	-5.8952937E-6	30.640831E-3	-48.823575E-6	30.902013E-3	38.716247E-6	31.005990E-3	80.718208E-6
-33.500000E-6	31.298511E-3	73.004492E-6	30.578228E-3	-37.564609E-6	30.950489E-3	-25.071175E-6	30.967006E-3	46.031102E-6
-32.999997E-6	31.239778E-3	26.642578E-6	30.540824E-3	35.109239E-6	30.893236E-3	-62.855979E-6	30.962955E-3	-34.791228E-6
-32.500000E-6	31.239156E-3	-40.998242E-6	30.409083E-3	70.352165E-6	30.894872E-3	-35.577945E-6	30.909097E-3	-83.113686E-6
-31.999996E-6	31.212220E-3	-67.665125E-6	30.524880E-3	32.919292E-6	30.828249E-3	60.893377E-6	30.894669E-3	-34.760564E-6
-31.500000E-6	31.217376E-3	14.316237E-6	30.496439E-3	-48.047492E-6	30.708298E-3	70.348266E-6	30.854538E-3	62.564264E-6
-30.999996E-6	31.207990E-3	77.643868E-6	30.531023E-3	-64.591135E-6	30.619159E-3	13.278486E-6	30.761534E-3	63.223510E-6
-30.499999E-6	31.176163E-3	18.790888E-6	30.593166E-3	-34.700606E-6	30.526413E-3	-54.377193E-6	30.693388E-3	14.058631E-6
-29.999996E-6	31.044537E-3	-92.102651E-6	30.681748E-3	28.196931E-6	30.490544E-3	-80.957572E-6	30.672841E-3	-59.412116E-6
-29.499999E-6	31.029310E-3	-69.602713E-6	30.709239E-3	41.911619E-6	30.442940E-3	-23.608651E-6	30.614039E-3	-46.370875E-6
-28.999995E-6	31.010740E-3	23.011966E-6	30.835936E-3	-12.280287E-6	30.452279E-3	59.435075E-6	30.568143E-3	968.54137E-9
-28.499999E-6	31.018386E-3	75.876524E-6	30.905267E-3	-70.521950E-6	30.399835E-3	42.329641E-6	30.522382E-3	82.776904E-6
-27.999995E-6	31.049756E-3	19.068533E-6	30.965257E-3	-56.223776E-6	30.473312E-3	-7.3238598E-6	30.516021E-3	40.302762E-6
-27.499998E-6	31.093711E-3	-56.619596E-6	30.989790E-3	-11.007161E-6	30.544143E-3	-82.072998E-6	30.503144E-3	-18.652850E-6
-26.999995E-6	31.104770E-3	-38.157974E-6	30.999413E-3	74.737982E-6	30.608408E-3	-69.024172E-6	30.540565E-3	-81.376260E-6
-26.499998E-6	31.080438E-3	27.537260E-6	30.949803E-3	48.537575E-6	30.653713E-3	-2.9222365E-6	30.556092E-3	-50.309529E-6
-25.999994E-6	31.089125E-3	52.348456E-6	31.024722E-3	-13.335687E-6	30.703500E-3	82.381775E-6	30.571567E-3	39.634244E-6
-25.499998E-6	31.053092E-3	-3.1849570E-6	31.006901E-3	-80.536214E-6	30.733287E-3	47.231882E-6	30.607620E-3	49.413899E-6
-25.000001E-6	30.982845E-3	-81.508828E-6	31.032635E-3	-41.709314E-6	30.700652E-3	-8.5109714E-6	30.610222E-3	-16.273092E-6
-24.499997E-6	30.945808E-3	-66.542983E-6	31.106759E-3	44.954177E-6	30.740844E-3	-71.089053E-6	30.665809E-3	-67.959605E-6
-24.000001E-6	30.950883E-3	20.370682E-6	31.077059E-3	82.321931E-6	30.751502E-3	-30.143232E-6	30.735603E-3	-42.581512E-6
-23.499997E-6	30.979572E-3	87.615263E-6	31.092510E-3	53.624506E-6	30.756205E-3	26.895590E-6	30.735483E-3	39.437626E-6
-23.000001E-6	30.954309E-3	14.989369E-6	31.074241E-3	-24.306792E-6	30.806169E-3	65.848937E-6	30.757418E-3	75.242118E-6
-22.499997E-6	30.994369E-3	-71.378417E-6	31.134922E-3	-90.249428E-6	30.780356E-3	28.346734E-6	30.846769E-3	38.890572E-6
-22.000000E-6	31.003946E-3	-42.531443E-6	31.212412E-3	-35.767694E-6	30.764956E-3	-56.169487E-6	30.842705E-3	-50.227027E-6
-21.499996E-6	31.026602E-3	16.859418E-6	31.318460E-3	48.416467E-6	30.798417E-3	-61.732899E-6	30.850684E-3	-81.601887E-6
-21.000000E-6	31.142691E-3	72.864437E-6	31.414345E-3	76.404547E-6	30.865388E-3	-42.783951E-6	30.894645E-3	-20.135189E-6
-20.499996E-6	31.176137E-3	18.567891E-6	31.391092E-3	17.703916E-6	30.944461E-3	48.539045E-6	30.900482E-3	50.752868E-6
-19.999999E-6	31.136334E-3	-53.350417E-6	31.395845E-3	-34.401641E-6	31.037757E-3	69.937611E-6	30.898675E-3	66.862907E-6
-19.499996E-6	31.138947E-3	-80.874794E-6	31.253420E-3	-73.304800E-6	31.126324E-3	3.7778079E-6	30.922040E-3	-23.643264E-6
-18.999999E-6	31.147478E-3	14.530608E-6	31.225778E-3	-21.162077E-6	31.234562E-3	-61.474238E-6	30.896854E-3	-65.718428E-6
-18.499995E-6	31.139975E-3	67.935463E-6	31.114850E-3	48.111928E-6	31.305052E-3	-76.025055E-6	30.913545E-3	-66.143395E-6
-17.999999E-6	31.135313E-3	29.204160E-6	31.041002E-3	64.375701E-6	31.308703E-3	-3.0318167E-6	30.934501E-3	10.853296E-6
-17.499995E-6	31.115519E-3	-30.438816E-6	30.882556E-3	-23.195835E-6	31.303849E-3	55.373974E-6	30.875565E-3	53.330095E-6
-16.999998E-6	31.123240E-3	-84.740183E-6	30.855894E-3	-67.192188E-6	31.209821E-3	59.063204E-6	30.898286E-3	55.536926E-6
-16.499995E-6	31.119030E-3	-13.336575E-6	30.790983E-3	-66.594177E-6	31.197948E-3	-28.480843E-6	30.956125E-3	-16.314081E-6
-15.999998E-6	31.143848E-3	64.296219E-6	30.788710E-3	-4.0697478E-6	31.077364E-3	-67.214991E-6	31.045631E-3	-95.863143E-6
-15.499994E-6	31.167127E-3	49.655173E-6	30.815924E-3	61.044178E-6	31.031286E-3	-47.092490E-6	31.182345E-3	-56.505694E-6
-14.999998E-6	31.184305E-3	-28.359873E-6	30.781871E-3	29.691431E-6	30.973518E-3	-577.10326E-9	31.280261E-3	11.314531E-6
-14.500001E-6	31.237477E-3	-70.844842E-6	30.794613E-3	-22.526645E-6	30.978963E-3	77.320539E-6	31.529482E-3	68.697700E-6
-13.999997E-6	31.278383E-3	-36.873927E-6	30.799022E-3	-92.362272E-6	30.944979E-3	32.487533E-6	31.367615E-3	43.613793E-6
-13.500001E-6	31.304706E-3	51.537376E-6	30.591713E-3	-43.739456E-6	30.946506E-3	-43.139182E-6	31.351235E-3	-45.975336E-6
-12.999997E-6	31.290684E-3	59.363920E-6	30.608324E-3	5.4252814E-6	30.928330E-3	-80.143953E-6	31.256847E-3	-77.000223E-6
-12.500001E-6	31.332240E-3	525.40850E-9	30.560732E-3	68.038091E-6	30.922458E-3	-32.601030E-6	31.140616E-3	-52.756575E-6
-11.999997E-6	31.351857E-3	-73.681847E-6	30.525906E-3	44.525677E-6	30.910501E-3	45.927325E-6	31.066148E-3	27.673688E-6
-11.500000E-6	31.406272E-3	-67.888817E-6	30.457588E-3	-26.319645E-6	30.948570E-3	65.562148E-6	31.046359E-3	61.627972E-6
-10.999996E-6	31.419024E-3	27.654285E-6	30.352687E-3	-75.265489E-6	30.912701E-3	18.257153E-6	31.012837E-3	32.860029E-6
-10.500000E-6	31.459086E-3	68.422232E-6	30.324081E-3	-50.957027E-6	30.891068E-3	-56.744742E-6	30.970246E-3	-41.247291E-6
-9.9999961E-6	31.477228E-3	14.879240E-6	30.326353E-3	33.158052E-6	30.887173E-3	-73.801064E-6	30.949550E-3	-64.899294E-6
-9.4999996E-6	31.455535E-3	-54.701053E-6	30.418219E-3	76.290184E-6	30.822530E-3	-11.941645E-6	30.979885E-3	-39.496728E-6
-8.9999958E-6	31.461462E-3	-81.230479E-6	30.522650E-3	26.873193E-6	30.752212E-3	66.263630E-6	30.943269E-3	42.714364E-6
-8.4999992E-6	31.496499E-3	-21.004455E-6	30.645955E-3	-33.568875E-6	30.726854E-3	26.381485E-6	30.814221E-3	68.535213E-6
-7.9999954E-6	31.493064E-3	58.802620E-6	30.659974E-3	-78.682744E-6	30.644856E-3	-17.937622E-6	30.743608E-3	42.329957E-6
-7.4999989E-6	31.453609E-3	35.105266E-6	30.735856E-3	-33.487733E-6	30.580098E-3	-74.749194E-6	30.696109E-3	-45.406443E-6
-6.9999951E-6	31.425595E-3	-22.255932E-6	30.717896E-3	30.715924E-6	30.760612E-3	-56.698860E-6	30.583050E-3	-96.810538E-6
-6.4999986E-6	31.362385E-3	-75.099924E-6	30.631810E-3	61.814761E-6	30.730499E-3	26.392227E-6	30.526808E-3	-16.401196E-6
-5.9999948E-6	31.376973E-3	-31.205025E-6	30.605039E-3	38.910421E-6	30.712910E-3	80.653932E-6	30.411353E-3	35.292178E-6
-5.4999982E-6	31.303871E-3	30.863492E-6	30.619724E-3	-33.404049E-6	30.369699E-3	43.631953E-6	30.373456E-3	72.260322E-6
-4.9999944E-6	31.272113E-3	65.779372E-6	30.678410E-3	-80.235921E-6	30.447850E-3	-27.588458E-6	30.397503E-3	28.635533E-6
-4.4999979E-6	31.208454E-3	-6.6204211E-6	30.691765E-3	-40.454914E-6	30.501913E-3	-68.120033E-6	30.453583E-3	-36.436941E-6
-3.9999941E-6	31.162675E-3	-62.678526E-6	30.684607E-3	44.204255E-6	30.569604E-3	-28.801664E-6	30.565901E-3	-83.553750E-6
-3.4999975E-6	31.130284E-3	-56.762590E-6	30.718962E-3	63.038649E-6	30.606853E-3	50.038485E-6	30.629469E-3	-44.717264E-6
-3.0000010E-6	31.067187E-3	6.5703953E-6	30.903671E-3	32.392960E-6	30.653264E-3	72.446805E-6	30.677382E-3	29.765042E-6
-2.4999972E-6	31.089371E-3	75.316231E-6	30.994436E-3	-37.326088E-6	30.640237E-3	24.164267E-6	30.718353E-3	57.583922E-6
-2.0000007E-6	31.064743E-3	47.754085E-6	30.940579E-3	-88.753448E-6	30.655315E-3	-60.144070E-6	30.687207E-3	30.762858E-6
-1.4999969E-6	31.014424E-3	-31.046420E-6	30.942744E-3	-19.820704E-6	30.687772E-3	-83.399376E-6	30.711856E-3	-6.9420907E-6
-1.0000003E-6	31.052722E-3	-68.367895E-6	30.930579E-3	31.121759E-6	30.724227E-3	3.0781330E-6	30.710476E-3	-79.349171E-6
-499.99653E-9	31.033121E-3	-35.259731E-6	30.804506E-3	59.313657E-6	30.651955E-3	66.733424E-6	30.721985E-3	-55.391552E-6
0.0000000E+0	31.036658E-3	25.768544E-6	30.685110E-3	43.818545E-6	30.673895E-3	29.138117E-6	30.771259E-3	17.268550E-6
500.00381E-9	31.019483E-3	64.971682E-6	30.571982E-3	-56.552777E-6	30.613631E-3	-29.183915E-6	30.857798E-3	80.486410E-6
1.0000003E-6	31.037219E-3	4.8878583E-6	30.546609E-3	-68.430236E-6	30.529549E-3	-79.762285E-6	31.048525E-3	31.161748E-6
1.5000041E-6	31.030053E-3	-71.545503E-6	30.502137E-3	-26.914353E-6	30.595915E-3	-72.079289E-6	31.162944E-3	-20.581916E-6
2.0000007E-6	31.016890E-3	-81.779363E-6	30.470120E-3	23.561326E-6	30.638279E-3	40.006733E-6	31.369090E-3	-62.721316E-6
2.5000045E-6	30.983657E-3	15.444657E-6	30.480608E-3	67.863642E-6	30.760625E-3	62.744104E-6	31.440839E-3	-60.789291E-6
3.0000010E-6	30.970696E-3	70.424510E-6	30.468104E-3	22.667176E-6	30.818317E-3	53.452062E-6	31.417411E-3	13.196020E-6
3.5000048E-6	31.002862E-3	34.566201E-6	30.466117E-3	-55.779379E-6	30.898031E-3	-33.147375E-6	31.310961E-3	64.704007E-6
4.0000014E-6	30.973123E-3	-20.929432E-6	30.469682E-3	-99.307035E-6	31.001657E-3	-76.690427E-6	31.215189E-3	43.142511E-6
4.5000052E-6	30.942325E-3	-62.333274E-6	30.433439E-3	-22.369491E-6	31.123543E-3	-46.181482E-6	31.095304E-3	-29.315444E-6
5.0000017E-6	30.938324E-3	-33.546381E-6	30.395927E-3	42.110893E-6	31.146171E-3	33.296576E-6	31.127242E-3	-46.345365E-6
5.5000055E-6	30.889664E-3	62.309562E-6	30.265376E-3	61.085280E-6	31.147862E-3	73.982199E-6	31.064393E-3	-42.477146E-6
6.0000020E-6	30.863430E-3	46.946283E-6	30.209193E-3	23.147475E-6	31.088142E-3	31.802552E-6	31.047253E-3	24.712625E-6
6.5000058E-6	30.755509E-3	9.6352032E-6	30.170834E-3	-73.507239E-6	31.060584E-3	-35.345955E-6	31.052742E-3	78.908313E-6
7.0000024E-6	30.734431E-3	-62.556144E-6	30.174034E-3	-78.652381E-6	30.967632E-3	-48.096808E-6	31.080307E-3	59.402559E-6
7.4999989E-6	30.687416E-3	-85.567364E-6	30.157415E-3	-1.5858290E-6	30.925790E-3	-37.034577E-6	31.041533E-3	-27.037249E-6
8.0000027E-6	30.654976E-3	15.513258E-6	30.238267E-3	68.123583E-6	30.915450E-3	41.719439E-6	30.938102E-3	-70.962065E-6
8.4999992E-6	30.610753E-3	84.930158E-6	30.306671E-3	78.476114E-6	30.838965E-3	67.934583E-6	30.852675E-3	-54.980021E-6
9.0000030E-6	30.638702E-3	25.797279E-6	30.406220E-3	11.860624E-6	30.830825E-3	21.615713E-6	30.733095E-3	11.670431E-6
9.4999996E-6	30.645007E-3	-34.653753E-6	30.465744E-3	-74.258307E-6	30.812876E-3	-41.214116E-6	30.597400E-3	74.502474E-6
10.000003E-6	30.688943E-3	-68.319794E-6	30.516576E-3	-70.322210E-6	30.779932E-3	-72.829673E-6	30.598855E-3	59.109785E-6
10.500000E-6	30.819213E-3	-52.473453E-6	30.557239E-3	-19.749645E-6	30.882824E-3	-18.689538E-6	30.672524E-3	-8.0743630E-6
11.000004E-6	30.912692E-3	43.185053E-6	30.606078E-3	56.850076E-6	30.878866E-3	70.252776E-6	30.772874E-3	-66.663997E-6
11.500000E-6	31.003447E-3	76.724558E-6	30.614065E-3	51.454408E-6	30.831432E-3	47.064219E-6	30.815452E-3	-77.425531E-6
12.000004E-6	30.981708E-3	20.755480E-6	30.637607E-3	-12.674654E-6	30.844335E-3	-16.511683E-6	30.880786E-3	-14.294685E-6
12.500001E-6	31.037660E-3	-43.642769E-6	30.581493E-3	-79.305457E-6	30.807767E-3	-64.082917E-6	30.911652E-3	56.615769E-6
13.000004E-6	31.078469E-3	-62.387175E-6	30.628456E-3	-41.618812E-6	30.722164E-3	-62.534738E-6	30.917797E-3	53.105116E-6
13.500001E-6	31.106161E-3	-18.666384E-6	30.664528E-3	21.730399E-6	30.689063E-3	-12.065947E-6	30.934922E-3	548.64029E-9
14.000005E-6	31.085441E-3	57.084017E-6	30.650929E-3	59.105423E-6	30.553536E-3	81.678969E-6	30.978970E-3	-61.875544E-6
14.500001E-6	31.133322E-3	68.952802E-6	30.687178E-3	33.906377E-6	30.477863E-3	62.620988E-6	30.967003E-3	-79.974132E-6
15.000005E-6	31.092202E-3	12.207937E-6	30.743914E-3	-31.455053E-6	30.418573E-3	-23.884129E-6	30.996794E-3	-7.0535930E-6
15.500002E-6	31.153640E-3	-75.940734E-6	30.781243E-3	-66.989633E-6	30.443970E-3	-58.051322E-6	31.085899E-3	53.492789E-6
16.000005E-6	31.113153E-3	-66.991714E-6	30.836098E-3	-67.140129E-6	30.503262E-3	-62.202773E-6	31.181760E-3	57.545163E-6
16.500002E-6	31.179475E-3	-9.6558433E-6	30.913420E-3	42.056585E-6	30.564943E-3	23.224660E-6	31.263728E-3	-1.5544360E-6
17.000006E-6	31.183090E-3	64.656815E-6	30.908965E-3	81.184007E-6	30.617928E-3	82.683255E-6	31.384867E-3	-63.514846E-6
17.500002E-6	31.308863E-3	47.790552E-6	30.916039E-3	46.840869E-6	30.732976E-3	25.731029E-6	31.434059E-3	-45.509307E-6
17.999999E-6	31.354267E-3	-25.651687E-6	30.903688E-3	-49.019662E-6	30.762792E-3	-30.503901E-6	31.400859E-3	-12.376998E-6
18.500003E-6	31.438399E-3	-73.418647E-6	30.809809E-3	-91.104455E-6	30.798635E-3	-72.859766E-6	31.353846E-3	83.831270E-6
18.999999E-6	31.476039E-3	-44.186727E-6	30.734384E-3	-28.071741E-6	30.798992E-3	-27.000553E-6	31.297565E-3	68.985806E-6
19.500003E-6	31.481527E-3	5.4768507E-6	30.657474E-3	61.899860E-6	30.814318E-3	15.922302E-6	31.153688E-3	7.7173318E-6
19.999999E-6	31.437278E-3	67.391942E-6	30.634521E-3	62.678868E-6	30.827295E-3	69.030000E-6	31.152664E-3	-67.694891E-6
20.500003E-6	31.286187E-3	45.840403E-6	30.538723E-3	25.581156E-6	30.803444E-3	33.651413E-6	31.147372E-3	-71.385177E-6
21.000000E-6	31.153722E-3	-30.689076E-6	30.488683E-3	-40.487139E-6	30.807765E-3	-37.894388E-6	31.106567E-3	-1.0229534E-6
21.500004E-6	31.096658E-3	-65.383625E-6	30.489990E-3	-64.236083E-6	30.825898E-3	-60.780625E-6	31.121340E-3	48.296344E-6
22.000000E-6	31.082861E-3	-76.732533E-6	30.439213E-3	-6.8512750E-6	30.833051E-3	-37.392230E-6	31.093085E-3	72.253701E-6
22.500004E-6	31.001637E-3	3.2619052E-6	30.452337E-3	53.855692E-6	30.953266E-3	36.654063E-6	31.075081E-3	-9.6161248E-6
23.000008E-6	30.947061E-3	45.739362E-6	30.516574E-3	55.313696E-6	31.004241E-3	56.625642E-6	31.021383E-3	-66.200228E-6
23.499997E-6	31.019911E-3	59.423401E-6	30.485509E-3	-3.1338072E-6	31.086169E-3	-15.891394E-6	31.018017E-3	-47.394988E-6
24.000001E-6	31.007020E-3	-21.574600E-6	30.562466E-3	-82.864448E-6	31.201014E-3	-41.059524E-6	30.910192E-3	-9.9394729E-6
24.500005E-6	31.006094E-3	-90.849448E-6	30.568186E-3	-62.144034E-6	31.235887E-3	-75.929696E-6	30.783862E-3	54.415730E-6
25.000008E-6	30.981377E-3	-19.330710E-6	30.480664E-3	13.869459E-6	31.255897E-3	-40.125073E-6	30.673949E-3	70.201655E-6
25.499998E-6	31.068703E-3	4.2180200E-6	30.476330E-3	65.907399E-6	31.219311E-3	59.509654E-6	30.633382E-3	18.116170E-6
26.000002E-6	31.128312E-3	73.275492E-6	30.398509E-3	50.746665E-6	31.215796E-3	48.108679E-6	30.671177E-3	-63.421852E-6
26.500005E-6	31.023057E-3	51.418479E-6	30.334571E-3	-50.150349E-6	31.164704E-3	22.200280E-6	30.748159E-3	-72.806200E-6
27.000009E-6	30.851915E-3	-32.439639E-6	30.322030E-3	-68.267167E-6	31.046525E-3	-76.265249E-6	30.826464E-3	-11.388189E-6
27.499998E-6	30.802773E-3	-86.781030E-6	30.289561E-3	-36.308895E-6	30.968137E-3	-80.659855E-6	30.941686E-3	53.240608E-6
28.000002E-6	30.808741E-3	-57.250822E-6	30.241733E-3	54.864013E-6	30.980023E-3	-6.8599688E-6	30.960998E-3	76.258431E-6
28.500006E-6	30.848827E-3	40.711180E-6	30.295091E-3	68.862500E-6	30.954739E-3	40.023860E-6	30.976554E-3	21.320793E-6
28.999995E-6	30.939715E-3	70.772468E-6	30.322615E-3	3.6345057E-6	30.944098E-3	60.887938E-6	31.009018E-3	-50.487964E-6
29.499999E-6	30.941764E-3	54.212724E-6	30.376514E-3	-72.948889E-6	30.928548E-3	-22.760280E-6	30.995768E-3	-58.832327E-6
30.000003E-6	31.027440E-3	-43.255321E-6	30.415572E-3	-59.295329E-6	30.927079E-3	-84.989304E-6	30.992797E-3	-13.248660E-6
30.500007E-6	31.055178E-3	-109.12656E-6	30.517977E-3	3.7874240E-6	30.990673E-3	-53.803735E-6	31.029044E-3	38.789760E-6
30.999996E-6	31.067759E-3	-66.202054E-6	30.597959E-3	62.412750E-6	31.017486E-3	7.0853011E-6	31.067900E-3	93.024893E-6
31.500000E-6	31.088287E-3	13.971250E-6	30.678241E-3	43.698048E-6	30.995714E-3	79.799931E-6	31.122243E-3	-4.3495575E-6
32.000004E-6	31.125441E-3	61.958592E-6	30.700559E-3	-31.167852E-6	30.995505E-3	56.407534E-6	31.179274E-3	-62.129489E-6
32.500007E-6	31.106135E-3	44.230172E-6	30.743646E-3	-67.405774E-6	30.935828E-3	-23.812110E-6	31.303328E-3	-83.885090E-6
32.999997E-6	31.103209E-3	-40.624473E-6	30.789891E-3	-50.284689E-6	30.883195E-3	-63.917149E-6	31.419214E-3	-35.389196E-6
33.500000E-6	31.136515E-3	-52.793981E-6	30.733328E-3	17.723913E-6	30.807817E-3	-36.186935E-6	31.448018E-3	48.108141E-6
34.000004E-6	31.140203E-3	-47.596714E-6	30.750297E-3	72.870360E-6	30.694965E-3	48.595884E-6	31.405330E-3	57.462730E-6
34.500008E-6	31.138605E-3	38.391223E-6	30.761918E-3	62.067978E-6	30.659540E-3	57.959129E-6	31.287555E-3	9.7203883E-6
34.999997E-6	31.238431E-3	63.259438E-6	30.745037E-3	-42.065192E-6	30.479195E-3	26.323567E-6	31.188173E-3	-63.149622E-6
35.500001E-6	31.199802E-3	18.318546E-6	30.766496E-3	-69.911956E-6	30.401094E-3	-35.867775E-6	31.108042E-3	-102.62981E-6
36.000005E-6	31.275861E-3	-63.578882E-6	30.789211E-3	-42.270400E-6	30.477250E-3	-63.174142E-6	31.099353E-3	-18.162111E-6
36.500009E-6	31.199887E-3	-94.659532E-6	30.825520E-3	43.425185E-6	30.537128E-3	-15.580512E-6	31.075014E-3	30.518804E-6
36.999998E-6	31.028327E-3	-40.606930E-6	30.832218E-3	59.333448E-6	30.618155E-3	40.335835E-6	31.086532E-3	59.626367E-6
37.500002E-6	30.955577E-3	36.393125E-6	30.897414E-3	18.511097E-6	30.698940E-3	83.844890E-6	31.093299E-3	16.816401E-6
38.000006E-6	30.793246E-3	62.949344E-6	31.008527E-3	-38.922888E-6	30.724805E-3	-14.921615E-6	31.056995E-3	-43.003172E-6
38.500009E-6	30.735962E-3	26.923077E-6	31.049196E-3	-82.715109E-6	30.804511E-3	-59.253962E-6	31.077050E-3	-77.371791E-6
38.999999E-6	30.590199E-3	-54.189331E-6	31.070927E-3	-33.358363E-6	30.786261E-3	-66.519409E-6	30.989598E-3	-21.955382E-6
39.500002E-6	30.579694E-3	-75.173994E-6	31.014726E-3	15.826221E-6	30.849636E-3	8.8568031E-6	30.893182E-3	21.549571E-6
40.000006E-6	30.564990E-3	-26.647731E-6	30.907353E-3	61.462299E-6	30.839624E-3	82.430110E-6	30.758914E-3	83.546351E-6
40.499996E-6	30.588152E-3	56.222489E-6	30.835988E-3	14.535513E-6	30.835705E-3	47.035057E-6	30.669121E-3	38.947866E-6
40.999999E-6	30.596666E-3	66.892135E-6	30.776378E-3	-41.029783E-6	30.826032E-3	-17.432256E-6	30.590964E-3	-40.686151E-6
41.500003E-6	30.596087E-3	45.790566E-6	30.659726E-3	-81.598329E-6	30.837663E-3	-86.767948E-6	30.629536E-3	-81.839979E-6
42.000007E-6	30.564494E-3	-53.453703E-6	30.640742E-3	-14.548875E-6	30.833468E-3	-54.298052E-6	30.725777E-3	-12.724124E-6
42.499996E-6	30.551236E-3	-49.814862E-6	30.585000E-3	46.922833E-6	30.830497E-3	37.112135E-6	30.873999E-3	14.909533E-6
43.000000E-6	30.477328E-3	-38.188853E-6	30.560872E-3	79.038960E-6	31.066483E-3	398.58188E-6	30.918889E-3	80.356891E-6
43.500004E-6	30.404883E-3	57.658712E-6	30.565007E-3	8.3738705E-6	30.859545E-3	32.415355E-6	30.919842E-3	41.881020E-6
44.000008E-6	30.306097E-3	76.955061E-6	30.529106E-3	-56.449571E-6	30.907759E-3	-57.643112E-6	30.938117E-3	-48.527294E-6
44.499997E-6	30.221762E-3	17.984110E-6	30.562341E-3	-58.271518E-6	30.984556E-3	-94.006406E-6	30.918442E-3	-77.253964E-6
45.000001E-6	30.186541E-3	-49.251968E-6	30.538864E-3	3.7072664E-6	31.017870E-3	-27.943699E-6	30.958036E-3	-34.257118E-6
45.500004E-6	30.219994E-3	-75.032789E-6	30.512661E-3	48.815524E-6	31.113716E-3	38.948703E-6	30.989638E-3	27.738006E-6
46.000008E-6	30.372487E-3	-37.307171E-6	30.506335E-3	71.165283E-6	31.193813E-3	50.232247E-6	31.017890E-3	73.052695E-6
46.499998E-6	30.540720E-3	30.291192E-6	30.443713E-3	-15.440821E-6	31.218553E-3	-9.4697216E-6	31.028746E-3	44.287695E-6
47.000001E-6	31.294417E-3	105.99984E-6	30.398192E-3	-67.315115E-6	31.235337E-3	-61.435116E-6	31.133568E-3	-35.571713E-6
47.500005E-6	30.671673E-3	24.265819E-6	30.345917E-3	-47.128131E-6	31.226996E-3	-64.226399E-6	31.224929E-3	-78.297955E-6
48.000009E-6	30.679597E-3	-49.496324E-6	30.274823E-3	17.646929E-6	31.204570E-3	-7.6903470E-6	31.370416E-3	-38.443832E-6
48.499998E-6	30.701477E-3	-53.451582E-6	30.388735E-3	80.966893E-6	31.162623E-3	68.692789E-6	31.460721E-3	35.441939E-6
49.000002E-6	30.749278E-3	-23.261035E-6	30.297868E-3	47.073569E-6	31.107647E-3	56.604029E-6	31.465847E-3	66.826804E-6
49.500006E-6	30.727869E-3	47.391950E-6	30.291565E-3	-48.463589E-6	31.021208E-3	-24.462159E-6	31.394441E-3	37.874375E-6
49.999995E-6	30.752795E-3	64.308319E-6	30.374413E-3	-80.982281E-6	30.962294E-3	-81.944723E-6	31.298384E-3	-40.191153E-6
50.499999E-6	30.889893E-3	52.357649E-6	30.457040E-3	-55.096047E-6	30.933617E-3	-51.808136E-6	31.230943E-3	-88.965186E-6
51.000003E-6	30.959107E-3	-67.333989E-6	30.555135E-3	10.099333E-6	30.868651E-3	34.524615E-6	31.117637E-3	-34.482462E-6
51.500007E-6	30.998718E-3	-94.749652E-6	30.606331E-3	75.109245E-6	30.897815E-3	62.567284E-6	31.120630E-3	20.555122E-6
51.999996E-6	31.091416E-3	-26.004793E-6	30.682145E-3	5.1505226E-6	30.861001E-3	31.530468E-6	31.084418E-3	60.415266E-6
52.500000E-6	31.189045E-3	691.15072E-6	30.722756E-3	-66.193250E-6	30.868072E-3	-46.459583E-6	31.057499E-3	40.749372E-6
53.000003E-6	31.181592E-3	67.722613E-6	30.755257E-3	-83.048988E-6	30.849766E-3	-51.685067E-6	31.163992E-3	-65.482891E-6
53.500007E-6	31.148145E-3	14.672427E-6	30.777045E-3	-17.458153E-6	30.835899E-3	-19.535684E-6	31.270538E-3	-78.036115E-6
53.999996E-6	31.064402E-3	-47.755086E-6	30.805819E-3	57.096535E-6	30.876080E-3	60.451210E-6	31.208377E-3	-60.620569E-6
54.500000E-6	30.966589E-3	-70.694514E-6	30.778006E-3	62.484200E-6	30.854929E-3	70.214177E-6	31.159298E-3	34.060886E-6
55.000004E-6	30.873647E-3	-54.763772E-6	30.809309E-3	29.866460E-6	30.920986E-3	612.22637E-6	31.112332E-3	65.752960E-6
55.500008E-6	30.777734E-3	40.267336E-6	30.772049E-3	-60.215796E-6	30.870086E-3	-68.012727E-6	31.151649E-3	38.734026E-6
55.999997E-6	30.747728E-3	75.634591E-6	30.816047E-3	-74.886062E-6	30.858152E-3	-52.648458E-6	30.859217E-3	-41.314295E-6
56.500001E-6	30.692173E-3	22.694647E-6	30.796459E-3	-1.9683405E-6	30.841898E-3	15.661955E-6	30.737929E-3	-61.619867E-6
57.000005E-6	30.737597E-3	-60.580944E-6	30.806564E-3	40.592302E-6	32.319907E-3	1.3498814E-3	30.702021E-3	-47.276542E-6
57.500009E-6	30.740168E-3	-80.725164E-6	30.859975E-3	59.448750E-6	32.350171E-3	2.5655865E-3	30.750507E-3	36.447957E-6
57.999998E-6	30.735934E-3	-32.699409E-6	30.869832E-3	-20.017724E-6	33.893645E-3	2.0287910E-3	30.896680E-3	81.396945E-6
58.500002E-6	30.698232E-3	31.469241E-6	30.966766E-3	-79.026140E-6	35.435226E-3	1.4537652E-3	30.971618E-3	31.138410E-6
59.000005E-6	30.696504E-3	84.990570E-6	31.013250E-3	-79.649930E-6	33.852395E-3	1.3804296E-3	31.028606E-3	-26.313093E-6
59.500009E-6	30.603880E-3	27.276283E-6	31.069640E-3	23.354612E-6	31.479683E-3	333.82434E-6	30.996120E-3	-88.787572E-6
59.999998E-6	31.424288E-3	331.16367E-6	31.122969E-3	71.863746E-6	31.513929E-3	2.3915661E-3	31.029293E-3	-73.859082E-6
60.500002E-6	30.438380E-3	-88.878427E-6	31.145710E-3	24.287281E-6	32.467291E-3	2.6417761E-3	31.077245E-3	22.032573E-6
61.000006E-6	31.199569E-3	666.95031E-6	31.080747E-3	-39.563063E-6	33.019155E-3	1.1484884E-3	31.072391E-3	48.985057E-6
61.499995E-6	31.570572E-3	1.4595157E-3	31.060772E-3	-78.311867E-6	33.344973E-3	1.1262179E-3	31.094156E-3	34.796525E-6
61.999999E-6	31.161521E-3	393.95291E-6	30.982474E-3	-38.451628E-6	31.435598E-3	1.0504939E-3	31.127740E-3	-15.396152E-6
62.500003E-6	30.641645E-3	299.72452E-6	30.881474E-3	45.914960E-6	30.404620E-3	1.5161789E-3	31.167943E-3	-84.708256E-6
63.000007E-6	30.741831E-3	-34.142719E-6	30.818384E-3	67.411915E-6	31.929947E-3	2.7371086E-3	31.245911E-3	-79.346522E-6
63.499996E-6	30.748103E-3	-97.174459E-6	30.753726E-3	22.877335E-6	33.009905E-3	2.2490430E-3	31.240845E-3	-6.8528807E-6
64.000000E-6	32.561503E-3	1.3722494E-3	30.707758E-3	-73.819581E-6	34.241226E-3	1.6114614E-3	31.371772E-3	80.166683E-6
64.500004E-6	31.648546E-3	770.39131E-6	30.766325E-3	-66.530170E-6	33.571132E-3	1.2893307E-3	31.399917E-3	44.200078E-6
65.000007E-6	31.458121E-3	1.7539285E-3	30.769238E-3	-28.265074E-6	32.065004E-3	1.5523516E-3	31.352814E-3	-17.372937E-6
65.499997E-6	30.897893E-3	116.67692E-6	30.859632E-3	65.500673E-6	31.430379E-3	1.6649616E-3	31.253248E-3	-66.346620E-6
66.000001E-6	31.892050E-3	-56.637386E-6	30.849461E-3	52.160238E-6	33.246949E-3	2.6732911E-3	31.121965E-3	-47.500627E-6
66.500004E-6	32.914795E-3	1.2348181E-3	30.812969E-3	-12.523013E-6	33.409126E-3	1.0540133E-3	31.177089E-3	14.568256E-6
67.000008E-6	32.723296E-3	1.9639272E-3	30.839475E-3	-62.999687E-6	32.788813E-3	454.82587E-6	31.197671E-3	58.224316E-6
67.499997E-6	31.778339E-3	1.4049531E-3	30.820053E-3	-69.970643E-6	33.369333E-3	1.0137017E-3	31.181326E-3	59.770395E-6
68.000001E-6	31.143449E-3	69.945723E-6	30.790869E-3	11.433916E-6	32.383207E-3	1.4596041E-3	31.200070E-3	1.7000348E-6
68.500005E-6	31.242436E-3	230.61408E-6	30.775707E-3	94.920666E-6	33.008609E-3	2.0733459E-3	31.149857E-3	-46.015793E-6
69.000009E-6	33.127498E-3	389.77174E-6	30.703466E-3	78.732133E-6	33.435807E-3	2.1373932E-3	31.183017E-3	-72.816860E-6
69.499998E-6	33.101618E-3	902.78551E-6	30.619755E-3	-12.663381E-6	33.479925E-3	831.73811E-6	31.091517E-3	-2.3741848E-6
70.000002E-6	33.052344E-3	1.4673307E-3	30.641669E-3	-80.400248E-6	31.593192E-3	766.25863E-6	31.002868E-3	56.597670E-6
70.500006E-6	31.928152E-3	759.12784E-6	30.795354E-3	-49.808172E-6	32.292970E-3	1.7404606E-3	30.845918E-3	68.320434E-6
70.999995E-6	31.607684E-3	819.15432E-6	30.819859E-3	5.1698898E-6	32.422282E-3	2.6585385E-3	30.740345E-3	11.693862E-6
71.499999E-6	32.490205E-3	931.89528E-6	30.874977E-3	57.574438E-6	33.403162E-3	2.6592815E-3	30.647082E-3	-65.335640E-6
72.000003E-6	33.339001E-3	779.46606E-6	30.984176E-3	48.383914E-6	33.443693E-3	1.1135705E-3	30.763347E-3	-68.932175E-6
72.500006E-6	31.810690E-3	727.76939E-6	31.062448E-3	-38.986804E-6	32.719977E-3	808.65039E-6	30.903094E-3	-22.717051E-6
72.999996E-6	32.468792E-3	2.0427757E-3	31.126536E-3	-82.540872E-6	31.906828E-3	1.3734022E-3	31.007912E-3	53.063184E-6
73.499999E-6	31.480383E-3	1.1378041E-3	31.099103E-3	-71.351897E-6	32.743365E-3	2.6140863E-3	31.173510E-3	72.972703E-6
74.000003E-6	31.938206E-3	1.3518902E-3	31.077916E-3	53.754968E-6	32.503448E-3	2.5599664E-3	31.277239E-3	11.558069E-6
74.500007E-6	32.921262E-3	468.69676E-6	31.076727E-3	92.519433E-6	34.218766E-3	1.4059159E-3	31.270012E-3	-18.223212E-6
74.999996E-6	33.738296E-3	1.0962021E-3	31.069266E-3	26.139531E-6	33.502754E-3	819.39244E-6	31.264842E-3	-77.578647E-6
75.500000E-6	33.650681E-3	1.7794382E-3	31.092411E-3	-54.003223E-6	32.584198E-3	997.45113E-6	31.309240E-3	-57.451158E-6
76.000004E-6	37.887666E-3	3.0529092E-3	31.085510E-3	-80.543738E-6	38.746551E-3	1.5539847E-3	33.378258E-3	957.09017E-6
76.500008E-6	38.786426E-3	2.6703896E-3	31.124877E-3	-36.008292E-6	39.046943E-3	1.4355925E-3	31.532932E-3	1.5053956E-3
76.999997E-6	38.506582E-3	1.8658560E-3	31.169157E-3	888.26672E-6	39.411210E-3	1.9175976E-3	32.442916E-3	2.4066281E-3
77.500001E-6	39.233312E-3	1.8886379E-3	31.155424E-3	63.691965E-6	39.451510E-3	1.9560491E-3	33.327818E-3	2.6600279E-3
78.000005E-6	38.230713E-3	2.3678108E-3	31.200664E-3	3.8323783E-6	39.457079E-3	1.8259402E-3	33.536524E-3	1.2825117E-3
78.500008E-6	37.616551E-3	2.7535728E-3	31.195614E-3	-44.911842E-6	39.628875E-3	1.6875784E-3	35.335630E-3	2.0353172E-3
78.999998E-6	38.837902E-3	1.3603349E-3	32.006338E-3	426.15418E-6	39.434556E-3	1.7835770E-3	32.706846E-3	796.77248E-6
79.500001E-6	38.549133E-3	2.3260571E-3	31.227721E-3	-28.733764E-6	39.717026E-3	1.3544444E-3	31.478401E-3	1.1275000E-3
80.000005E-6	38.194649E-3	2.1343587E-3	31.279474E-3	61.834820E-6	39.480310E-3	2.1736810E-3	31.694446E-3	1.4271017E-3
80.500009E-6	38.501862E-3	2.0390940E-3	31.345285E-3	51.653264E-6	39.293893E-3	2.2656552E-3	32.943960E-3	2.5379895E-3
80.999998E-6	38.405474E-3	2.4480335E-3	31.348176E-3	-7.0000679E-6	39.551936E-3	1.7546514E-3	33.617064E-3	1.3716399E-3
81.500002E-6	39.377790E-3	1.7365698E-3	32.223701E-3	209.10344E-6	39.825819E-3	1.4948542E-3	33.800550E-3	764.56799E-6
82.000006E-6	39.095148E-3	1.6728055E-3	31.299982E-3	-60.334671E-6	39.558560E-3	1.7085231E-3	32.912541E-3	103.19611E-6
82.499995E-6	39.124765E-3	1.5017299E-3	31.243082E-3	17.662163E-6	39.556034E-3	1.4539057E-3	31.956933E-3	290.93499E-6
82.999999E-6	38.209789E-3	2.0397755E-3	31.138415E-3	66.008804E-6	39.817233E-3	1.4451672E-3	31.252727E-3	1.6474329E-3
83.500003E-6	37.866186E-3	2.3086141E-3	31.008685E-3	61.045088E-6	39.191864E-3	2.0442156E-3	31.396095E-3	1.6625570E-3
84.000007E-6	38.436286E-3	2.4060598E-3	30.962693E-3	-29.093282E-6	39.097283E-3	1.6750320E-3	31.761464E-3	1.6333383E-3
84.499996E-6	39.104827E-3	1.6032767E-3	30.936856E-3	-76.562450E-6	39.082553E-3	1.9398417E-3	32.072287E-3	315.46946E-6
85.000000E-6	38.792267E-3	2.6388809E-3	31.219892E-3	-28.145583E-6	39.660756E-3	1.2050044E-3	33.165853E-3	670.00726E-6
85.500003E-6	38.721971E-3	1.9216849E-3	31.205017E-3	282.19168E-9	39.834805E-3	1.2684261E-3	33.222806E-3	345.64591E-6
86.000007E-6	38.414259E-3	2.0782484E-3	31.217173E-3	61.083629E-6	39.808560E-3	1.7163440E-3	31.321321E-3	1.2594819E-3
86.499997E-6	38.488492E-3	2.2657493E-3	30.912742E-3	591.66219E-6	39.839059E-3	1.7452106E-3	31.593304E-3	1.6321338E-3
87.000000E-6	38.884714E-3	2.0268864E-3	30.880585E-3	-32.037929E-6	39.666932E-3	1.5206547E-3	31.630509E-3	1.5352285E-3
87.500004E-6	39.599597E-3	1.8963126E-3	31.526972E-3	-62.385203E-6	39.210558E-3	1.3139159E-3	33.905581E-3	1.2823414E-3
88.000008E-6	39.368317E-3	2.4069599E-3	30.824175E-3	-40.413441E-6	39.415993E-3	1.3447972E-3	32.522693E-3	-58.410522E-6
88.499997E-6	39.001934E-3	1.7980753E-3	30.700017E-3	39.511953E-6	39.656132E-3	1.5477521E-3	32.366779E-3	223.92783E-6
89.000001E-6	38.148519E-3	2.3345773E-3	30.648090E-3	70.019320E-6	38.699109E-3	2.1149467E-3	32.233447E-3	880.80682E-6
89.500005E-6	38.477864E-3	2.4720202E-3	30.552577E-3	41.257652E-6	38.799893E-3	1.7750383E-3	32.198973E-3	736.99828E-6
90.000009E-6	39.016258E-3	1.9245927E-3	30.555025E-3	-38.118429E-6	39.133776E-3	1.3849903E-3	34.588177E-3	2.4051131E-3
90.499998E-6	39.404418E-3	1.8523438E-3	30.594518E-3	-83.653038E-6	39.189707E-3	1.5512410E-3	32.422796E-3	831.57112E-6
91.000002E-6	38.966142E-3	2.2228647E-3	30.685252E-3	-27.847271E-6	38.724076E-3	2.3813881E-3	34.240235E-3	2.2581250E-3
91.500006E-6	38.389243E-3	2.1208026E-3	30.821016E-3	17.133243E-6	38.865112E-3	2.4884234E-3	34.143638E-3	813.31655E-6
92.000009E-6	39.060455E-3	2.2933020E-3	31.598885E-3	1.4274626E-3	39.577462E-3	1.8028176E-3	34.105062E-3	667.69926E-6
92.499999E-6	38.045954E-3	2.2685535E-3	30.962721E-3	57.225494E-6	39.401434E-3	1.6324146E-3	32.722257E-3	1.5643360E-3
93.000002E-6	38.610309E-3	2.5079164E-3	30.965101E-3	-39.602324E-6	39.131466E-3	1.2828440E-3	31.566054E-3	1.7981045E-3
93.500006E-6	39.024971E-3	2.2206239E-3	30.992545E-3	-74.524272E-6	39.067693E-3	1.7033947E-3	32.439221E-3	1.5214273E-3
93.999995E-6	39.155997E-3	1.6970402E-3	31.028604E-3	-50.234838E-6	38.708802E-3	1.9607006E-3	33.544302E-3	1.1239612E-3
94.499999E-6	37.951894E-3	2.1389786E-3	30.988736E-3	18.576067E-6	39.112750E-3	1.6969956E-3	33.762407E-3	1.1938296E-3
95.000003E-6	40.375713E-3	890.79241E-6	35.091724E-3	2.5297757E-3	40.233821E-3	925.30897E-6	37.823096E-3	2.4194191E-3
95.500007E-6	40.391095E-3	823.77985E-6	37.396643E-3	2.5708582E-3	40.213756E-3	906.69072E-6	37.134483E-3	2.5365895E-3
95.999996E-6	40.389739E-3	907.43997E-6	36.288839E-3	2.7803818E-3	40.142644E-3	861.45836E-6	37.492063E-3	2.7972343E-3
96.500000E-6	40.366299E-3	964.33336E-6	35.915524E-3	3.0636573E-3	40.150441E-3	813.55515E-6	36.891848E-3	3.2571023E-3
97.000004E-6	40.588968E-3	932.29976E-6	35.074651E-3	3.2471332E-3	40.177956E-3	817.54132E-6	38.560130E-3	2.6465326E-3
97.500008E-6	40.426228E-3	944.66947E-6	37.381124E-3	3.1139606E-3	40.202118E-3	906.89433E-6	37.732791E-3	2.2128674E-3
97.999997E-6	40.419012E-3	810.74738E-6	36.762428E-3	2.8767458E-3	40.237371E-3	940.35000E-6	36.528036E-3	2.7972586E-3
98.500001E-6	40.331643E-3	859.80800E-6	37.731253E-3	2.6169228E-3	40.258586E-3	927.84996E-6	37.199821E-3	2.4643415E-3
99.000004E-6	40.167700E-3	945.80260E-6	36.999352E-3	2.4990751E-3	40.121038E-3	854.84376E-6	38.434364E-3	2.3345768E-3
99.500008E-6	40.287167E-3	1.0286174E-3	35.646498E-3	2.9193689E-3	40.191345E-3	815.64992E-6	39.074294E-3	2.8473898E-3
99.999997E-6	40.260203E-3	1.0971875E-3	38.116857E-3	2.5151640E-3	40.224735E-3	881.59944E-6	38.049288E-3	3.1429033E-3
100.50000E-6	40.407829E-3	873.86923E-6	35.019442E-3	3.1737350E-3	40.292092E-3	931.89854E-6	38.638715E-3	2.4439930E-3
101.00001E-6	40.266626E-3	821.05276E-6	37.224378E-3	3.0218686E-3	40.328756E-3	931.81193E-6	37.715148E-3	1.9053972E-3
101.50001E-6	40.295705E-3	863.74528E-6	37.948459E-3	2.8593917E-3	40.362116E-3	891.26889E-6	37.745018E-3	2.5364917E-3
102.00000E-6	40.133305E-3	987.82021E-6	36.691338E-3	2.5094103E-3	40.291980E-3	823.65319E-6	38.812798E-3	1.9362674E-3
102.50000E-6	39.937623E-3	1.1033060E-3	35.569564E-3	2.8372018E-3	40.343679E-3	844.49665E-6	39.387584E-3	2.6825592E-3
103.00001E-6	40.097371E-3	928.07220E-6	37.082523E-3	2.9255729E-3	40.320423E-3	895.29977E-6	38.422998E-3	2.9014642E-3
103.50000E-6	39.968461E-3	816.73951E-6	36.399763E-3	3.2213232E-3	40.392466E-3	979.77661E-6	37.621833E-3	3.2688407E-3
104.00000E-6	39.920557E-3	842.65234E-6	38.137704E-3	2.2781014E-3	40.420536E-3	918.99105E-6	37.672047E-3	3.0209844E-3
104.50000E-6	39.987382E-3	924.58137E-6	37.860859E-3	2.8533295E-3	40.449094E-3	822.75178E-6	36.676556E-3	2.6745736E-3
105.00001E-6	40.128943E-3	941.37707E-6	36.395121E-3	2.7354609E-3	40.442988E-3	868.69643E-6	39.615545E-3	2.0528249E-3
105.50000E-6	40.192209E-3	980.98349E-6	35.194606E-3	2.9125523E-3	40.431596E-3	881.94775E-6	39.465006E-3	1.9465770E-3
106.00000E-6	40.290643E-3	871.56764E-6	34.252413E-3	3.1875260E-3	40.499642E-3	935.17057E-6	39.253093E-3	1.6191936E-3
106.50000E-6	40.387794E-3	819.17510E-6	35.550416E-3	3.2842718E-3	40.477104E-3	931.58759E-6	37.433960E-3	3.1501353E-3
107.00001E-6	40.401801E-3	866.42656E-6	37.633382E-3	3.0154497E-3	40.504102E-3	841.65385E-6	37.172705E-3	2.9392689E-3
107.50000E-6	40.375859E-3	970.63609E-6	37.859268E-3	2.7445073E-3	40.500365E-3	806.25381E-6	37.695456E-3	2.5820194E-3
108.00000E-6	40.223446E-3	1.1394297E-3	36.884431E-3	2.5264877E-3	40.555812E-3	824.92438E-6	38.395196E-3	2.2370014E-3
108.50000E-6	40.437311E-3	905.72058E-6	35.606414E-3	3.0207136E-3	40.440056E-3	884.73037E-6	38.447101E-3	1.6368369E-3
109.00001E-6	40.528718E-3	812.57516E-6	36.081173E-3	3.2878320E-3	40.454999E-3	933.11461E-6	39.008226E-3	2.1012304E-3
109.50000E-6	40.527936E-3	859.60608E-6	36.665495E-3	3.3113288E-3	40.477287E-3	881.50712E-6	38.170286E-3	3.1635324E-3
110.00000E-6	40.515926E-3	900.61739E-6	35.972171E-3	3.0645726E-3	40.558591E-3	824.04068E-6	37.838578E-3	3.0197541E-3
110.50000E-6	40.527638E-3	970.80017E-6	38.025156E-3	2.7943510E-3	40.701143E-3	822.21150E-6	37.798733E-3	2.4714519E-3
111.00001E-6	40.627494E-3	924.23195E-6	37.161153E-3	2.5288591E-3	40.764745E-3	945.29224E-6	31.206241E-3	-11.931562E-6
111.50000E-6	40.609639E-3	844.48833E-6	36.365476E-3	2.9604798E-3	40.818002E-3	933.32789E-6	31.232674E-3	60.576727E-6
112.00000E-6	40.591918E-3	818.95886E-6	35.543006E-3	3.1067978E-3	40.876411E-3	920.58303E-6	37.217427E-3	1.4328620E-3
112.50001E-6	40.530588E-3	859.60387E-6	37.825797E-3	3.1806459E-3	40.845677E-3	854.84516E-6	39.820015E-3	1.1718184E-3
113.00001E-6	40.516052E-3	954.61874E-6	37.701827E-3	2.0546236E-3	40.895596E-3	783.71685E-6	39.984435E-3	1.1235123E-3
113.50000E-6	40.560786E-3	950.15886E-6	36.443811E-3	2.4576969E-3	40.891670E-3	844.31586E-6	40.154640E-3	1.4497301E-3
114.00000E-6	40.661674E-3	829.75713E-6	40.609319E-3	1.1411532E-3	41.064300E-3	879.38464E-6	40.899102E-3	862.48410E-6
114.50001E-6	40.633012E-3	769.42198E-6	40.442407E-3	1.0913932E-3	41.023124E-3	892.04480E-6	41.016478E-3	914.37087E-6
115.00000E-6	40.529978E-3	804.20525E-6	40.183291E-3	858.48803E-6	41.019898E-3	853.25068E-6	41.090306E-3	918.98465E-6
115.50000E-6	40.687844E-3	868.87152E-6	40.047091E-3	945.05784E-6	40.987410E-3	784.24322E-6	41.015465E-3	877.99825E-6
116.00000E-6	40.689688E-3	894.06379E-6	39.851315E-3	1.1015064E-3	40.944930E-3	802.12939E-6	40.899638E-3	819.11235E-6
116.50001E-6	40.724378E-3	829.59468E-6	39.880298E-3	1.3968428E-3	40.971790E-3	826.75210E-6	40.764693E-3	796.02527E-6
117.00000E-6	40.717147E-3	784.64206E-6	40.048722E-3	1.4444131E-3	40.916827E-3	889.22697E-6	40.735014E-3	827.68616E-6
117.50000E-6	40.808748E-3	760.74834E-6	39.839707E-3	1.2296501E-3	40.881909E-3	892.03240E-6	40.721416E-3	889.97133E-6
118.00000E-6	40.800523E-3	840.88382E-6	40.028572E-3	1.0281450E-3	40.795591E-3	825.92946E-6	40.676482E-3	945.98159E-6
118.50001E-6	40.842779E-3	878.28573E-6	39.994698E-3	957.82889E-6	40.792879E-3	769.65243E-6	40.722959E-3	906.53205E-6
119.00000E-6	40.870916E-3	880.53872E-6	40.083136E-3	1.0569333E-3	40.748134E-3	793.66029E-6	40.728971E-3	838.31069E-6
119.50000E-6	40.920310E-3	822.83880E-6	39.898999E-3	1.3292398E-3	40.769968E-3	867.68466E-6	40.650498E-3	793.47380E-6
120.00000E-6	40.958539E-3	777.30446E-6	40.095523E-3	1.1926746E-3	40.734533E-3	908.25639E-6	40.547840E-3	833.06647E-6
120.50001E-6	41.025534E-3	822.50277E-6	39.864503E-3	1.3759520E-3	40.723972E-3	871.72375E-6	40.442776E-3	886.41734E-6
121.00000E-6	41.078255E-3	889.46370E-6	39.672878E-3	975.79201E-6	40.722381E-3	783.70969E-6	40.319312E-3	918.43971E-6
121.50000E-6	41.106697E-3	892.56751E-6	39.558996E-3	954.87211E-6	40.771663E-3	774.49769E-6	40.272746E-3	900.81082E-6
122.00000E-6	41.093525E-3	825.64005E-6	39.417583E-3	1.1781246E-3	40.773559E-3	828.91254E-6	40.338628E-3	850.52580E-6
122.50000E-6	41.119341E-3	762.28194E-6	39.825339E-3	1.2371087E-3	40.739447E-3	902.38370E-6	40.457878E-3	784.52437E-6
123.00001E-6	41.105833E-3	762.97641E-6	40.004220E-3	1.3317248E-3	40.734604E-3	883.30748E-6	40.555570E-3	800.86332E-6
123.50001E-6	41.069135E-3	871.45774E-6	40.130090E-3	1.0248504E-3	40.698066E-3	800.07018E-6	40.595658E-3	871.48097E-6
124.00001E-6	41.029517E-3	904.79123E-6	39.712846E-3	1.1200282E-3	40.712673E-3	766.85048E-6	40.654995E-3	922.90732E-6
124.49999E-6	41.008785E-3	855.57136E-6	39.948497E-3	986.10797E-6	40.735859E-3	791.30486E-6	40.607397E-3	919.82924E-6
124.99999E-6	40.993810E-3	818.30006E-6	39.871812E-3	1.2526022E-3	40.698782E-3	896.17685E-6	40.636536E-3	876.79946E-6
125.50000E-6	40.996760E-3	785.80010E-6	40.079761E-3	1.2716537E-3	40.749915E-3	904.61224E-6	40.640295E-3	809.75727E-6
126.00000E-6	40.990744E-3	829.59398E-6	40.192820E-3	1.1739585E-3	40.745981E-3	831.18147E-6	40.611759E-3	830.07250E-6
126.50000E-6	40.959120E-3	894.73970E-6	40.266495E-3	1.0190746E-3	40.745694E-3	784.90586E-6	40.746950E-3	856.43609E-6
127.00001E-6	40.899895E-3	884.39224E-6	39.922450E-3	987.95712E-6	40.740363E-3	789.36183E-6	40.847130E-3	922.54661E-6
127.50001E-6	40.932305E-3	820.12179E-6	39.606728E-3	1.0792486E-3	40.707175E-3	847.89557E-6	40.961295E-3	948.35937E-6
128.00001E-6	40.859494E-3	757.74273E-6	40.010154E-3	1.1508217E-3	40.691216E-3	903.25321E-6	40.967647E-3	873.20519E-6
128.49999E-6	40.775720E-3	818.48603E-6	40.353179E-3	1.0270919E-3	40.665321E-3	843.29763E-6	40.953927E-3	844.15113E-6
128.99999E-6	40.746577E-3	886.38178E-6	40.454630E-3	1.1586180E-3	40.631950E-3	771.84412E-6	40.895682E-3	798.78443E-6
129.50000E-6	40.689070E-3	902.92346E-6	40.491749E-3	977.75855E-6	40.594082E-3	768.42168E-6	40.813636E-3	843.68541E-6
130.00000E-6	40.689252E-3	828.22941E-6	40.365897E-3	1.0190925E-3	40.545639E-3	843.94292E-6	40.761609E-3	909.16629E-6
130.50000E-6	40.700715E-3	753.24083E-6	40.446296E-3	1.0284249E-3	40.487535E-3	902.27707E-6	40.754728E-3	956.40437E-6
131.00001E-6	40.709708E-3	811.07102E-6	40.318105E-3	1.2040698E-3	40.511090E-3	889.17546E-6	40.653467E-3	912.69740E-6
131.50001E-6	40.681809E-3	870.79656E-6	40.564090E-3	1.2785461E-3	40.483635E-3	794.23527E-6	40.694553E-3	835.86341E-6
132.00002E-6	40.663928E-3	897.14135E-6	40.642276E-3	1.2034889E-3	40.478189E-3	769.15807E-6	40.684946E-3	814.29922E-6
132.49999E-6	40.653098E-3	855.07287E-6	40.424995E-3	906.91529E-6	40.419545E-3	822.02360E-6	40.634692E-3	822.54829E-6
132.99999E-6	40.706534E-3	767.58553E-6	40.754091E-3	810.72008E-6	40.426604E-3	883.63886E-6	40.678363E-3	866.17930E-6
133.50000E-6	40.651415E-3	759.72767E-6	40.695913E-3	862.51879E-6	40.369187E-3	878.33544E-6	40.581599E-3	904.04379E-6
134.00000E-6	40.677331E-3	837.53536E-6	40.638003E-3	900.48573E-6	40.282097E-3	835.44973E-6	40.433705E-3	886.72404E-6
134.50001E-6	40.642463E-3	887.47154E-6	40.613122E-3	878.23515E-6	40.312864E-3	743.30322E-6	40.385690E-3	825.05710E-6
135.00001E-6	40.695410E-3	847.89860E-6	40.571388E-3	795.74215E-6	40.286694E-3	813.61580E-6	40.448945E-3	767.38978E-6
135.50001E-6	40.685922E-3	769.74620E-6	40.524453E-3	775.80631E-6	40.277749E-3	861.97694E-6	40.574692E-3	754.84510E-6
135.99999E-6	40.745661E-3	750.47521E-6	40.533379E-3	803.81095E-6	40.342249E-3	880.91777E-6	40.663131E-3	816.51798E-6
136.49999E-6	40.720336E-3	805.92436E-6	40.553644E-3	872.96730E-6	40.340181E-3	862.29126E-6	40.651493E-3	870.74219E-6
137.00000E-6	40.706053E-3	895.46200E-6	40.551890E-3	908.31611E-6	40.363081E-3	759.37534E-6	40.682506E-3	897.99229E-6
137.50000E-6	40.687662E-3	882.89462E-6	40.521469E-3	880.27067E-6	40.419362E-3	759.45642E-6	40.722188E-3	861.22082E-6
138.00000E-6	40.673893E-3	791.32500E-6	40.528551E-3	797.95724E-6	40.415779E-3	796.07381E-6	40.681791E-3	786.57828E-6
138.50001E-6	40.629849E-3	752.47657E-6	40.448397E-3	783.50172E-6	40.444631E-3	879.75932E-6	40.745813E-3	754.05493E-6
139.00001E-6	40.647462E-3	764.39901E-6	40.405393E-3	822.08239E-6	40.505163E-3	863.05238E-6	40.730894E-3	807.04404E-6
139.50001E-6	40.722974E-3	841.03376E-6	40.299814E-3	881.39775E-6	40.523309E-3	785.74807E-6	40.832888E-3	860.13653E-6
139.99999E-6	40.713701E-3	905.56126E-6	40.170006E-3	903.60810E-6	40.571980E-3	727.21369E-6	41.016415E-3	897.04420E-6
140.49999E-6	40.715124E-3	847.96263E-6	40.117759E-3	866.89310E-6	40.582400E-3	785.69446E-6	41.201733E-3	885.85081E-6
141.00000E-6	40.715389E-3	781.55973E-6	40.131375E-3	802.11274E-6	40.614791E-3	867.66004E-6	41.233819E-3	806.67308E-6
141.50000E-6	40.693797E-3	763.16221E-6	40.259462E-3	799.20475E-6	40.661909E-3	891.18403E-6	41.211642E-3	768.07587E-6
142.00000E-6	40.630717E-3	800.59440E-6	40.368158E-3	839.27653E-6	40.697984E-3	815.88415E-6	41.058309E-3	807.60010E-6
142.50001E-6	40.575672E-3	882.00666E-6	40.449325E-3	889.23139E-6	40.652245E-3	756.01088E-6	40.901367E-3	851.98367E-6
143.00001E-6	40.463299E-3	892.74329E-6	40.576190E-3	901.38795E-6	40.652577E-3	772.67666E-6	40.816858E-3	898.56592E-6
143.50002E-6	40.424585E-3	801.08573E-6	40.676694E-3	850.75462E-6	40.558115E-3	847.29173E-6	40.829796E-3	895.72137E-6
143.99999E-6	40.337134E-3	756.59767E-6	40.667385E-3	771.81164E-6	40.552560E-3	900.98981E-6	40.830027E-3	833.44593E-6
144.49999E-6	40.289037E-3	790.73611E-6	40.660415E-3	779.63748E-6	40.512644E-3	848.13713E-6	40.832683E-3	770.09882E-6
145.00000E-6	40.300004E-3	852.23198E-6	40.630389E-3	832.49790E-6	40.528797E-3	776.11685E-6	40.834423E-3	761.88880E-6
145.50000E-6	40.322457E-3	916.53678E-6	40.600322E-3	905.46795E-6	40.564351E-3	739.96221E-6	40.822450E-3	841.43982E-6
146.00001E-6	40.480036E-3	841.59686E-6	40.617064E-3	885.22374E-6	40.524006E-3	787.68382E-6	40.734965E-3	885.22205E-6
146.49998E-6	40.507171E-3	762.76023E-6	40.581018E-3	844.27715E-6	40.557113E-3	872.55478E-6	40.609848E-3	895.82411E-6
146.99998E-6	40.516526E-3	750.11875E-6	40.683385E-3	779.32852E-6	40.617660E-3	872.34413E-6	40.489413E-3	821.12505E-6
147.49999E-6	40.519189E-3	838.95604E-6	40.739853E-3	778.35988E-6	40.658779E-3	818.35676E-6	40.352818E-3	753.10236E-6
147.99999E-6	40.597141E-3	908.33363E-6	40.825062E-3	849.18726E-6	40.624037E-3	762.69417E-6	40.317163E-3	779.56571E-6
148.50000E-6	40.607695E-3	844.86295E-6	40.927622E-3	900.91227E-6	40.622089E-3	773.35298E-6	40.350080E-3	808.79807E-6
149.00000E-6	40.613823E-3	791.49596E-6	40.976778E-3	910.77521E-6	40.592559E-3	833.57608E-6	40.488746E-3	874.61033E-6
149.50000E-6	40.653232E-3	742.11828E-6	40.969409E-3	845.85499E-6	40.649481E-3	898.89165E-6	40.603682E-3	927.42644E-6
150.00001E-6	40.727422E-3	812.30100E-6	40.930822E-3	784.27274E-6	40.631324E-3	846.03060E-6	40.635128E-3	864.30652E-6
150.49998E-6	40.755764E-3	875.58129E-6	40.784609E-3	763.97212E-6	40.676996E-3	763.49208E-6	40.670570E-3	799.44183E-6
150.99999E-6	40.814325E-3	878.13707E-6	40.657323E-3	849.67451E-6	40.764529E-3	760.34700E-6	40.667482E-3	774.91993E-6
151.49999E-6	40.732317E-3	796.44058E-6	40.560592E-3	900.89568E-6	40.827375E-3	792.07058E-6	40.636461E-3	802.42922E-6
151.99999E-6	40.569160E-3	755.33270E-6	40.673535E-3	887.30303E-6	40.841255E-3	885.67164E-6	40.682692E-3	848.85181E-6
152.50000E-6	40.605012E-3	789.46661E-6	40.755671E-3	827.49355E-6	40.937647E-3	900.46960E-6	40.718794E-3	892.17583E-6
153.00000E-6	40.659249E-3	879.57253E-6	40.764693E-3	751.09495E-6	40.929936E-3	832.73277E-6	40.818751E-3	854.22385E-6
153.50000E-6	40.691733E-3	918.86806E-6	40.765777E-3	797.08511E-6	40.966667E-3	749.49308E-6	40.938832E-3	777.51378E-6
154.00001E-6	40.676478E-3	853.74032E-6	40.750630E-3	825.87684E-6	40.914994E-3	762.72694E-6	41.129477E-3	741.04482E-6
154.49998E-6	40.668193E-3	758.11695E-6	40.739402E-3	880.15792E-6	40.920358E-3	848.45285E-6	41.149139E-3	754.07606E-6
154.99999E-6	40.679641E-3	743.30607E-6	40.685456E-3	883.15329E-6	40.864911E-3	900.53899E-6	41.147195E-3	850.10595E-6
155.49999E-6	40.714763E-3	846.75977E-6	40.670868E-3	810.82835E-6	40.888675E-3	854.93515E-6	41.046653E-3	891.39637E-6
155.99999E-6	40.755033E-3	891.85184E-6	40.556312E-3	772.55309E-6	40.789351E-3	785.61204E-6	40.956371E-3	880.16590E-6
156.50000E-6	40.755898E-3	871.94220E-6	40.455770E-3	752.02261E-6	40.734123E-3	745.88874E-6	40.890101E-3	814.50801E-6
157.00000E-6	40.742870E-3	786.21332E-6	40.391617E-3	846.00988E-6	40.731404E-3	788.28679E-6	40.833503E-3	770.19678E-6
157.50001E-6	40.769506E-3	737.60230E-6	40.342681E-3	862.76513E-6	40.713865E-3	892.03886E-6	40.939752E-3	765.13772E-6
157.99998E-6	40.756870E-3	819.54221E-6	40.386047E-3	864.36764E-6	40.674414E-3	899.59241E-6	41.049123E-3	818.89750E-6
158.49998E-6	40.726829E-3	896.32510E-6	40.554985E-3	822.80661E-6	40.623214E-3	844.78047E-6	41.069753E-3	872.18598E-6
158.99999E-6	40.711652E-3	892.96111E-6	40.560178E-3	743.35490E-6	40.665049E-3	760.46260E-6	41.046105E-3	897.16463E-6
159.49999E-6	40.726081E-3	805.02930E-6	40.691346E-3	766.79187E-6	40.618278E-3	757.36578E-6	40.962648E-3	832.77590E-6
160.00000E-6	40.689968E-3	759.50957E-6	40.839799E-3	853.17821E-6	40.628858E-3	839.69225E-6	40.843021E-3	764.55803E-6
160.50000E-6	40.752161E-3	806.84654E-6	40.823139E-3	886.40157E-6	40.530231E-3	913.22453E-6	40.555708E-3	751.32924E-6
161.00000E-6	40.752564E-3	856.39523E-6	40.850397E-3	854.33008E-6	40.569142E-3	865.66020E-6	40.414710E-3	794.12473E-6
161.50001E-6	40.756166E-3	905.16108E-6	40.866163E-3	794.60652E-6	40.607240E-3	775.62965E-6	40.471930E-3	849.66002E-6
161.99998E-6	40.773865E-3	848.61700E-6	40.865138E-3	767.93198E-6	40.549636E-3	755.40901E-6	40.569793E-3	895.98546E-6
162.49999E-6	40.799312E-3	749.75600E-6	40.777247E-3	783.03996E-6	40.515006E-3	796.05216E-6	40.606909E-3	842.56788E-6
162.99999E-6	40.793180E-3	772.33114E-6	40.743157E-3	843.27237E-6	40.544264E-3	871.33469E-6	40.694337E-3	795.64442E-6
163.49999E-6	40.819813E-3	821.83856E-6	40.774982E-3	889.65218E-6	40.536471E-3	875.33297E-6	40.761143E-3	738.07675E-6
164.00000E-6	40.824387E-3	890.93606E-6	40.793311E-3	878.30302E-6	40.460933E-3	841.12579E-6	40.787309E-3	774.30415E-6
164.50000E-6	40.852476E-3	880.78994E-6	40.836703E-3	794.16519E-6	40.452223E-3	772.99279E-6	40.795982E-3	843.53902E-6
165.00000E-6	40.945116E-3	789.58413E-6	40.870428E-3	748.18940E-6	40.357150E-3	772.60623E-6	40.845770E-3	882.28751E-6
165.50001E-6	40.961701E-3	742.11962E-6	40.954243E-3	787.81974E-6	40.320765E-3	833.03766E-6	40.906176E-3	886.03533E-6
165.99998E-6	41.039456E-3	787.13964E-6	41.034970E-3	865.74542E-6	40.250394E-3	898.39631E-6	40.985946E-3	805.17324E-6
166.49999E-6	41.122951E-3	873.49029E-6	41.058041E-3	901.88533E-6	40.161386E-3	897.22883E-6	41.122168E-3	750.40106E-6
166.99999E-6	41.152593E-3	909.99674E-6	41.019890E-3	877.91856E-6	40.142160E-3	794.81490E-6	41.206401E-3	748.33579E-6
167.49999E-6	41.155227E-3	851.06213E-6	40.972054E-3	782.39199E-6	40.064838E-3	748.29999E-6	41.226242E-3	830.77443E-6
168.00000E-6	41.176338E-3	775.91022E-6	40.826786E-3	768.97792E-6	40.028363E-3	758.38674E-6	41.099645E-3	888.29914E-6
168.50000E-6	41.142382E-3	776.92122E-6	40.783990E-3	789.43366E-6	40.055901E-3	864.38836E-6	40.872041E-3	888.47644E-6
169.00001E-6	41.084681E-3	843.14594E-6	40.692545E-3	858.64088E-6	40.096156E-3	908.16460E-6	40.800381E-3	825.92882E-6
169.49998E-6	41.042440E-3	887.93592E-6	40.652543E-3	899.71587E-6	40.203698E-3	869.58800E-6	40.787734E-3	789.15438E-6
169.99998E-6	40.950906E-3	873.50025E-6	40.635917E-3	840.04307E-6	40.253945E-3	780.93063E-6	40.780853E-3	764.61275E-6
170.49999E-6	40.934194E-3	811.22026E-6	40.609863E-3	772.72585E-6	40.334351E-3	764.53795E-6	40.767785E-3	790.18925E-6
170.99999E-6	40.939912E-3	736.30502E-6	40.602237E-3	740.53271E-6	40.397123E-3	804.05688E-6	40.795840E-3	868.94265E-6
171.50000E-6	40.746693E-3	828.72325E-6	40.558059E-3	798.93105E-6	40.318411E-3	911.33890E-6	40.726494E-3	908.41012E-6
172.00000E-6	40.735085E-3	903.79379E-6	40.542036E-3	846.01116E-6	40.324006E-3	918.57964E-6	40.660787E-3	876.10335E-6
172.50000E-6	40.694382E-3	948.09965E-6	40.562849E-3	893.88312E-6	40.328596E-3	892.41785E-6	40.536199E-3	792.58339E-6
173.00001E-6	40.608846E-3	862.76716E-6	40.508091E-3	862.83300E-6	40.348273E-3	819.90060E-6	40.367398E-3	737.33716E-6
173.49998E-6	40.587876E-3	792.60848E-6	40.464994E-3	788.25717E-6	40.314127E-3	796.75869E-6	40.242527E-3	770.92572E-6
173.99999E-6	40.528107E-3	777.70138E-6	40.391535E-3	748.74470E-6	40.308956E-3	859.73315E-6	40.311273E-3	839.09236E-6
174.49999E-6	40.524114E-3	869.47106E-6	40.314604E-3	792.44020E-6	40.274244E-3	916.33160E-6	40.419035E-3	898.44334E-6
174.99999E-6	40.508397E-3	963.36944E-6	40.277325E-3	851.70986E-6	40.290274E-3	920.59333E-6	40.588126E-3	884.60173E-6
175.50000E-6	40.503141E-3	893.78509E-6	40.317833E-3	910.50414E-6	40.246360E-3	866.25485E-6	40.653571E-3	815.79026E-6
176.00000E-6	40.560439E-3	805.25962E-6	40.413994E-3	845.06313E-6	40.336836E-3	762.32030E-6	40.652234E-3	768.28606E-6
176.50001E-6	40.528033E-3	758.17324E-6	40.511105E-3	774.51277E-6	40.449139E-3	786.51815E-6	40.606871E-3	754.93060E-6
177.00001E-6	40.584225E-3	832.79982E-6	40.608704E-3	735.68628E-6	40.531378E-3	874.17726E-6	40.611640E-3	821.83717E-6
177.49998E-6	40.623799E-3	936.13687E-6	40.657271E-3	765.92440E-6	40.615808E-3	939.62491E-6	40.592652E-3	889.65212E-6
177.99999E-6	40.579334E-3	914.93764E-6	40.755112E-3	845.75836E-6	40.735595E-3	913.34042E-6	40.615350E-3	884.73764E-6
178.49999E-6	40.573243E-3	815.20801E-6	40.749989E-3	909.14010E-6	40.739942E-3	829.18582E-6	40.696301E-3	844.20823E-6
179.00000E-6	40.510736E-3	781.05793E-6	40.747598E-3	862.78544E-6	40.745270E-3	784.56872E-6	40.852048E-3	770.19574E-6
179.50000E-6	40.508371E-3	802.67794E-6	40.779538E-3	783.50562E-6	40.706825E-3	818.05122E-6	41.033927E-3	720.40106E-6
180.00000E-6	40.500004E-3	890.07395E-6	40.810369E-3	740.90267E-6	40.624958E-3	894.91688E-6	41.111346E-3	807.02058E-6
180.50001E-6	40.496770E-3	908.77118E-6	40.790364E-3	782.30136E-6	40.566124E-3	932.66286E-6	41.045725E-3	866.17091E-6
180.99998E-6	40.498130E-3	864.81858E-6	40.899262E-3	829.45178E-6	40.548131E-3	877.73334E-6	40.913653E-3	909.68609E-6
181.49999E-6	40.410239E-3	858.76888E-6	41.007902E-3	900.29155E-6	40.525764E-3	794.44650E-6	40.785145E-3	873.71340E-6
181.99999E-6	40.503252E-3	785.04113E-6	41.022900E-3	867.09968E-6	40.522117E-3	750.47300E-6	40.751182E-3	786.82986E-6
182.49999E-6	40.564515E-3	852.56319E-6	41.022968E-3	805.67790E-6	40.515695E-3	815.30015E-6	40.753268E-3	759.70171E-6
183.00000E-6	40.494625E-3	936.19339E-6	40.936954E-3	765.90059E-6	40.530428E-3	878.60925E-6	40.732712E-3	780.21112E-6
183.50000E-6	40.446881E-3	927.86702E-6	40.795479E-3	763.12484E-6	40.553506E-3	899.86820E-6	40.697902E-3	837.26336E-6
184.00000E-6	40.357072E-3	823.43642E-6	40.707998E-3	840.72386E-6	40.496618E-3	855.00209E-6	40.706679E-3	897.44065E-6
184.50001E-6	40.376958E-3	771.29435E-6	40.618412E-3	859.12819E-6	40.462960E-3	782.21061E-6	40.616591E-3	892.47798E-6
184.99998E-6	40.377736E-3	830.30429E-6	40.602949E-3	870.30826E-6	40.477838E-3	780.18947E-6	40.522035E-3	812.20089E-6
185.49999E-6	40.346455E-3	894.32253E-6	40.626924E-3	837.02826E-6	40.470056E-3	831.39120E-6	40.427566E-3	755.86612E-6
185.99999E-6	40.175140E-3	950.88297E-6	40.626477E-3	735.98581E-6	40.461574E-3	911.23674E-6	40.339112E-3	749.57527E-6
186.49999E-6	40.292636E-3	866.22912E-6	40.581699E-3	762.07455E-6	40.442929E-3	934.56497E-6	40.369682E-3	801.25761E-6
187.00000E-6	40.221687E-3	782.23040E-6	40.562119E-3	806.69019E-6	40.386252E-3	828.07738E-6	40.494762E-3	875.52471E-6
187.50000E-6	40.198151E-3	798.05939E-6	40.476989E-3	859.22721E-6	40.320270E-3	765.78022E-6	40.532243E-3	907.33607E-6
188.00001E-6	40.148545E-3	873.87598E-6	40.374134E-3	896.20339E-6	40.296894E-3	809.97130E-6	40.579122E-3	842.80845E-6
188.49998E-6	40.181603E-3	950.01841E-6	40.241454E-3	820.02667E-6	40.118743E-3	878.90954E-6	40.578842E-3	786.28137E-6
188.99998E-6	40.063974E-3	903.83296E-6	40.212147E-3	779.80716E-6	40.037274E-3	940.57835E-6	40.588550E-3	741.71060E-6
189.49999E-6	40.107943E-3	796.73831E-6	40.291704E-3	737.19287E-6	39.985236E-3	903.42853E-6	40.632397E-3	782.51702E-6
189.99999E-6	40.115584E-3	768.80056E-6	40.410206E-3	794.81211E-6	39.924461E-3	838.20272E-6	40.710412E-3	856.36758E-6
190.50000E-6	39.307509E-3	1.7584101E-3	40.443003E-3	905.87529E-6	38.719423E-3	1.3993228E-3	40.628929E-3	937.42658E-6
191.00000E-6	39.458692E-3	1.7772953E-3	40.499702E-3	913.19106E-6	38.649675E-3	1.2089544E-3	40.699817E-3	903.67830E-6
191.50000E-6	39.597038E-3	1.6142755E-3	40.549465E-3	873.88232E-6	39.040826E-3	1.2382969E-3	40.808003E-3	820.52074E-6
192.00001E-6	38.972389E-3	1.2088338E-3	40.554408E-3	799.95021E-6	39.515369E-3	1.3986052E-3	40.952004E-3	785.08002E-6
192.49998E-6	39.119579E-3	1.2780958E-3	40.510282E-3	793.21989E-6	39.802428E-3	1.6813335E-3	41.114967E-3	792.35376E-6
192.99999E-6	39.288081E-3	1.6338122E-3	40.562235E-3	802.40361E-6	39.617464E-3	1.5792786E-3	41.140251E-3	858.89333E-6
193.49999E-6	39.946847E-3	1.6891783E-3	40.592518E-3	870.34976E-6	39.303523E-3	1.3368890E-3	40.977657E-3	917.62829E-6
193.99999E-6	39.709974E-3	1.5611360E-3	40.688340E-3	917.50955E-6	39.282490E-3	1.2693276E-3	40.879156E-3	914.80522E-6
194.50000E-6	39.418645E-3	1.2728850E-3	40.768929E-3	916.44813E-6	39.298739E-3	1.4006903E-3	40.852044E-3	834.02538E-6
195.00000E-6	39.441578E-3	1.1688942E-3	40.735602E-3	836.51580E-6	39.674595E-3	1.5116698E-3	40.847577E-3	784.14020E-6
195.50000E-6	39.488684E-3	1.3886474E-3	40.755905E-3	854.34079E-6	39.709449E-3	1.6271460E-3	40.799789E-3	767.87331E-6
196.00001E-6	40.044256E-3	1.3683945E-3	40.848948E-3	794.25646E-6	39.346702E-3	1.4862805E-3	40.839229E-3	870.34435E-6
196.49998E-6	39.818145E-3	1.7926348E-3	40.707946E-3	871.35704E-6	38.965397E-3	1.2597505E-3	40.819746E-3	898.94829E-6
196.99999E-6	39.839189E-3	1.4291368E-3	40.596440E-3	894.24208E-6	39.305348E-3	1.1586683E-3	40.797021E-3	915.65395E-6
197.49999E-6	39.501678E-3	1.4225512E-3	40.513787E-3	893.41402E-6	39.928921E-3	1.2152075E-3	40.747128E-3	835.98826E-6
197.99999E-6	39.242428E-3	1.2423540E-3	40.458448E-3	828.24024E-6	40.037740E-3	1.7589814E-3	40.680472E-3	782.22423E-6
198.50000E-6	39.542899E-3	1.5041035E-3	40.472668E-3	777.47623E-6	39.867662E-3	1.6651971E-3	40.529214E-3	754.85953E-6
199.00000E-6	40.057655E-3	1.5154635E-3	40.495887E-3	792.58089E-6	39.573811E-3	1.4447726E-3	40.471390E-3	847.94412E-6
199.50001E-6	39.795611E-3	1.7874454E-3	40.478285E-3	830.69073E-6	39.373178E-3	1.2213674E-3	40.366739E-3	929.87588E-6
199.99998E-6	39.459959E-3	1.1967971E-3	40.508617E-3	889.51632E-6	39.405547E-3	1.2188546E-3	40.276192E-3	916.78073E-6
