Experiment	Sweeper	
Saved Date	30.06.2023 19:59:10	
User		
Date		
Start time	30.06.2023 19:57:19	
Sweep channel: Name	Output 2 (V)	
Sweep channel: Start (V)	-100E-6	
Sweep channel: Stop (V)	10E-3	
Sweep channel: Points	601	
Sweep channel: Max slew rate (V/s)	Inf	
Sweep channel: Initial settling time (s)	20E+3	
Sweep channel: End settling time (s)	2E+0	
Sweep channel: Backward sweep	TRUE	
Sweep channel: Number of sweeps	2	
Sweep channel: Reset	FALSE	
Step channel 1: Name	Output 3 (V)	
Step channel 1: Start (V)	50E-3	
Step channel 1: Stop (V)	50E-3	
Step channel 1: Points	2	
Step channel 1: Max slew rate (V/s)	10E+0	
Step channel 1:  Initial settling time (s)	2E+0	
Step channel 1: End settling time (s)	2E+0	
Step channel 1: Backward sweep	FALSE	
Step channel 1: Reset	FALSE	
Sweep Type	2D-Both RT	
Acquire channels	Input 1 (V);LI Demod 3 X (V)	
Filter type	None	
Order		
Cutoff frq		

[DATA]
Output 2 Setp. (V)	Input 1 [00001] (V)	LI Demod 3 X [00001] (V)	Input 1 [00001] [bwd] (V)	LI Demod 3 X [00001] [bwd] (V)
-99.999997E-6	31.493921E-3	-66.347427E-6	0.0000000E+0	NaN
-83.166662E-6	31.385027E-3	-44.210596E-6	0.0000000E+0	NaN
-66.333334E-6	31.271771E-3	62.055260E-6	0.0000000E+0	NaN
-49.499999E-6	31.224880E-3	42.808093E-6	0.0000000E+0	NaN
-32.666663E-6	31.196322E-3	-75.242300E-6	0.0000000E+0	NaN
-15.833328E-6	31.148113E-3	-43.396081E-6	0.0000000E+0	NaN
1.0000003E-6	31.122139E-3	60.946280E-6	0.0000000E+0	NaN
17.833336E-6	31.097159E-3	40.349401E-6	0.0000000E+0	NaN
34.666671E-6	31.013794E-3	-60.109953E-6	0.0000000E+0	NaN
51.500007E-6	30.830646E-3	-58.026879E-6	0.0000000E+0	NaN
68.333342E-6	30.720975E-3	35.291305E-6	0.0000000E+0	NaN
85.166677E-6	37.622105E-3	2.6995933E-3	0.0000000E+0	NaN
102.00000E-6	40.197246E-3	1.0465658E-3	0.0000000E+0	NaN
118.83333E-6	40.518090E-3	786.55203E-6	0.0000000E+0	NaN
135.66666E-6	40.678468E-3	847.30476E-6	0.0000000E+0	NaN
152.50000E-6	40.691238E-3	882.76464E-6	0.0000000E+0	NaN
169.33333E-6	40.665504E-3	770.62933E-6	0.0000000E+0	NaN
186.16667E-6	40.518928E-3	773.25688E-6	0.0000000E+0	NaN
203.00000E-6	39.507575E-3	1.8867663E-3	0.0000000E+0	NaN
219.83334E-6	35.122782E-3	2.7942236E-3	0.0000000E+0	NaN
236.66667E-6	31.300914E-3	-33.858698E-6	0.0000000E+0	NaN
253.50001E-6	31.376336E-3	-69.795926E-6	0.0000000E+0	NaN
270.33334E-6	31.333834E-3	15.563077E-6	0.0000000E+0	NaN
287.16668E-6	31.200619E-3	87.677436E-6	0.0000000E+0	NaN
303.99999E-6	31.102579E-3	-19.061972E-6	0.0000000E+0	NaN
320.83332E-6	31.044500E-3	-86.304230E-6	0.0000000E+0	NaN
337.66666E-6	31.056607E-3	684.19138E-9	0.0000000E+0	NaN
354.49999E-6	31.027237E-3	70.332593E-6	0.0000000E+0	NaN
371.33333E-6	31.038677E-3	6.5829818E-6	0.0000000E+0	NaN
388.16666E-6	31.040207E-3	-85.024301E-6	0.0000000E+0	NaN
405.00000E-6	30.888110E-3	2.0257974E-6	0.0000000E+0	NaN
421.83336E-6	30.742047E-3	72.899573E-6	0.0000000E+0	NaN
438.66667E-6	35.077754E-3	2.3820801E-3	0.0000000E+0	NaN
455.49998E-6	35.155158E-3	2.9044389E-3	0.0000000E+0	NaN
472.33334E-6	39.769299E-3	1.4627773E-3	0.0000000E+0	NaN
489.16665E-6	40.426020E-3	911.27132E-6	0.0000000E+0	NaN
506.00001E-6	40.680543E-3	860.70463E-6	0.0000000E+0	NaN
522.83332E-6	40.642411E-3	765.16595E-6	0.0000000E+0	NaN
539.66668E-6	40.479477E-3	794.49028E-6	0.0000000E+0	NaN
556.49999E-6	39.648410E-3	1.6878546E-3	0.0000000E+0	NaN
573.33335E-6	34.372080E-3	3.2319899E-3	0.0000000E+0	NaN
590.16666E-6	32.495394E-3	2.7345300E-3	0.0000000E+0	NaN
607.00002E-6	31.061433E-3	-39.335144E-6	0.0000000E+0	NaN
623.83333E-6	31.238182E-3	43.157248E-6	0.0000000E+0	NaN
640.66669E-6	31.327728E-3	62.455008E-6	0.0000000E+0	NaN
657.50000E-6	31.384617E-3	-43.239816E-6	0.0000000E+0	NaN
674.33337E-6	31.294238E-3	-95.605872E-6	0.0000000E+0	NaN
691.16667E-6	31.115580E-3	13.353770E-6	0.0000000E+0	NaN
707.99998E-6	30.994803E-3	76.916396E-6	0.0000000E+0	NaN
724.83334E-6	30.952420E-3	1.0240309E-6	0.0000000E+0	NaN
741.66665E-6	30.952651E-3	-83.627281E-6	0.0000000E+0	NaN
758.50001E-6	30.937633E-3	-2.7800988E-6	0.0000000E+0	NaN
775.33332E-6	30.958714E-3	51.466101E-6	0.0000000E+0	NaN
792.16668E-6	30.904558E-3	16.703589E-6	0.0000000E+0	NaN
808.99999E-6	33.742104E-3	1.2111097E-3	0.0000000E+0	NaN
825.83335E-6	39.342925E-3	1.2116854E-3	0.0000000E+0	NaN
842.66666E-6	40.117893E-3	933.96049E-6	0.0000000E+0	NaN
859.50003E-6	40.154554E-3	864.87661E-6	0.0000000E+0	NaN
876.33333E-6	40.245645E-3	752.57884E-6	0.0000000E+0	NaN
893.16670E-6	40.423632E-3	772.89093E-6	0.0000000E+0	NaN
910.00000E-6	40.413044E-3	886.39819E-6	0.0000000E+0	NaN
926.83331E-6	39.358519E-3	1.1551791E-3	0.0000000E+0	NaN
943.66673E-6	32.702561E-3	2.7274597E-3	0.0000000E+0	NaN
960.50004E-6	31.622179E-3	220.87152E-6	0.0000000E+0	NaN
977.33340E-6	30.905753E-3	36.026500E-6	0.0000000E+0	NaN
994.16671E-6	30.933622E-3	58.087746E-6	0.0000000E+0	NaN
1.0110000E-3	31.084184E-3	-80.173151E-6	0.0000000E+0	NaN
1.0278334E-3	31.277526E-3	-72.731687E-6	0.0000000E+0	NaN
1.0446667E-3	31.351883E-3	25.972195E-6	0.0000000E+0	NaN
1.0615001E-3	31.234361E-3	64.334228E-6	0.0000000E+0	NaN
1.0783334E-3	31.138493E-3	-24.577195E-6	0.0000000E+0	NaN
1.0951668E-3	31.022584E-3	-42.722630E-6	0.0000000E+0	NaN
1.1120001E-3	31.008087E-3	18.893606E-6	0.0000000E+0	NaN
1.1288334E-3	38.113389E-3	2.5712361E-3	0.0000000E+0	NaN
1.1456667E-3	40.597077E-3	901.36961E-6	0.0000000E+0	NaN
1.1625001E-3	40.543523E-3	796.87074E-6	0.0000000E+0	NaN
1.1793334E-3	40.647365E-3	836.15148E-6	0.0000000E+0	NaN
1.1961667E-3	40.479623E-3	905.37663E-6	0.0000000E+0	NaN
1.2130000E-3	39.941754E-3	855.55651E-6	0.0000000E+0	NaN
1.2298335E-3	37.332706E-3	2.0926308E-3	0.0000000E+0	NaN
1.2466668E-3	30.648584E-3	14.588693E-6	0.0000000E+0	NaN
1.2635001E-3	30.745821E-3	75.396871E-6	0.0000000E+0	NaN
1.2803334E-3	30.879710E-3	-3.7345026E-6	0.0000000E+0	NaN
1.2971667E-3	30.925354E-3	-74.418480E-6	0.0000000E+0	NaN
1.3140001E-3	30.916603E-3	-4.8346651E-6	0.0000000E+0	NaN
1.3308334E-3	30.922025E-3	61.902836E-6	0.0000000E+0	NaN
1.3476667E-3	30.909758E-3	24.662784E-6	0.0000000E+0	NaN
1.3645000E-3	31.030737E-3	-79.750098E-6	0.0000000E+0	NaN
1.3813335E-3	31.195093E-3	-40.032373E-6	0.0000000E+0	NaN
1.3981668E-3	31.353887E-3	75.975237E-6	0.0000000E+0	NaN
1.4150001E-3	35.717558E-3	2.1719935E-3	0.0000000E+0	NaN
1.4318334E-3	40.321361E-3	1.1928674E-3	0.0000000E+0	NaN
1.4486668E-3	40.168189E-3	948.39017E-6	0.0000000E+0	NaN
1.4655001E-3	40.751491E-3	891.10160E-6	0.0000000E+0	NaN
1.4823334E-3	40.816769E-3	856.20169E-6	0.0000000E+0	NaN
1.4991667E-3	40.588945E-3	760.92768E-6	0.0000000E+0	NaN
1.5160000E-3	39.653990E-3	1.6545900E-3	0.0000000E+0	NaN
1.5328334E-3	32.785408E-3	932.45052E-6	0.0000000E+0	NaN
1.5496667E-3	30.853553E-3	63.807478E-6	0.0000000E+0	NaN
1.5665001E-3	30.701373E-3	-52.503274E-6	0.0000000E+0	NaN
1.5833334E-3	30.600747E-3	-58.420821E-6	0.0000000E+0	NaN
1.6001668E-3	30.492542E-3	45.719706E-6	0.0000000E+0	NaN
1.6170001E-3	30.489374E-3	61.794439E-6	0.0000000E+0	NaN
1.6338334E-3	30.600149E-3	-35.135003E-6	0.0000000E+0	NaN
1.6506667E-3	30.761024E-3	-80.630569E-6	0.0000000E+0	NaN
1.6675001E-3	30.822357E-3	34.378299E-6	0.0000000E+0	NaN
1.6843334E-3	30.827267E-3	72.721312E-6	0.0000000E+0	NaN
1.7011667E-3	32.591946E-3	12.385589E-6	0.0000000E+0	NaN
1.7180000E-3	39.774477E-3	1.2762665E-3	0.0000000E+0	NaN
1.7348335E-3	39.776977E-3	972.99938E-6	0.0000000E+0	NaN
1.7516668E-3	40.544461E-3	901.83463E-6	0.0000000E+0	NaN
1.7685001E-3	40.742051E-3	838.74929E-6	0.0000000E+0	NaN
1.7853334E-3	40.776063E-3	748.54866E-6	0.0000000E+0	NaN
1.8021667E-3	40.141426E-3	1.6486486E-3	0.0000000E+0	NaN
1.8190001E-3	34.108069E-3	1.4915757E-3	0.0000000E+0	NaN
1.8358334E-3	31.330425E-3	28.642049E-6	0.0000000E+0	NaN
1.8526667E-3	31.216161E-3	-69.596768E-6	0.0000000E+0	NaN
1.8695000E-3	31.053726E-3	-58.349440E-6	0.0000000E+0	NaN
1.8863335E-3	31.057384E-3	46.913057E-6	0.0000000E+0	NaN
1.9031666E-3	31.046785E-3	80.944119E-6	0.0000000E+0	NaN
1.9200001E-3	31.010102E-3	-53.386979E-6	0.0000000E+0	NaN
1.9368335E-3	31.006226E-3	-70.370734E-6	0.0000000E+0	NaN
1.9536666E-3	30.991372E-3	21.004787E-6	0.0000000E+0	NaN
1.9705000E-3	30.924520E-3	66.201064E-6	0.0000000E+0	NaN
1.9873334E-3	34.673247E-3	2.0528242E-3	0.0000000E+0	NaN
2.0041666E-3	39.752498E-3	1.0222103E-3	0.0000000E+0	NaN
2.0210000E-3	39.623890E-3	911.96847E-6	0.0000000E+0	NaN
2.0378332E-3	40.158972E-3	892.85616E-6	0.0000000E+0	NaN
2.0546666E-3	40.375590E-3	829.19985E-6	0.0000000E+0	NaN
2.0715001E-3	40.365968E-3	767.34956E-6	0.0000000E+0	NaN
2.0883332E-3	37.945800E-3	1.9694513E-3	0.0000000E+0	NaN
2.1051667E-3	30.883651E-3	86.893444E-6	0.0000000E+0	NaN
2.1219999E-3	30.855529E-3	30.809810E-6	0.0000000E+0	NaN
2.1388333E-3	30.894049E-3	-61.954372E-6	0.0000000E+0	NaN
2.1556667E-3	30.910835E-3	-42.148971E-6	0.0000000E+0	NaN
2.1724999E-3	30.954860E-3	73.210824E-6	0.0000000E+0	NaN
2.1893333E-3	31.115662E-3	49.019320E-6	0.0000000E+0	NaN
2.2061667E-3	31.259518E-3	-74.017917E-6	0.0000000E+0	NaN
2.2229999E-3	31.380720E-3	-53.690910E-6	0.0000000E+0	NaN
2.2398334E-3	31.322084E-3	50.234936E-6	0.0000000E+0	NaN
2.2566665E-3	31.165749E-3	29.751594E-6	0.0000000E+0	NaN
2.2735000E-3	36.178604E-3	2.8139232E-3	0.0000000E+0	NaN
2.2903334E-3	40.448841E-3	900.10051E-6	0.0000000E+0	NaN
2.3071666E-3	40.526040E-3	947.02549E-6	0.0000000E+0	NaN
2.3240000E-3	40.753625E-3	888.31194E-6	0.0000000E+0	NaN
2.3408332E-3	40.805276E-3	773.54471E-6	0.0000000E+0	NaN
2.3576666E-3	40.533796E-3	797.93658E-6	0.0000000E+0	NaN
2.3745000E-3	37.856925E-3	2.4563910E-3	0.0000000E+0	NaN
2.3913332E-3	30.638592E-3	81.114427E-6	0.0000000E+0	NaN
2.4081666E-3	30.487984E-3	-6.5302265E-6	0.0000000E+0	NaN
2.4250001E-3	30.514484E-3	-69.889094E-6	0.0000000E+0	NaN
2.4418333E-3	30.658184E-3	41.307190E-6	0.0000000E+0	NaN
2.4586667E-3	30.764926E-3	73.938070E-6	0.0000000E+0	NaN
2.4754999E-3	30.824447E-3	-8.1928792E-6	0.0000000E+0	NaN
2.4923333E-3	30.839588E-3	-62.165949E-6	0.0000000E+0	NaN
2.5091667E-3	30.838117E-3	20.846910E-6	0.0000000E+0	NaN
2.5259999E-3	30.850939E-3	83.286031E-6	0.0000000E+0	NaN
2.5428333E-3	30.913798E-3	18.997662E-6	0.0000000E+0	NaN
2.5596668E-3	38.251024E-3	2.7014299E-3	0.0000000E+0	NaN
2.5764999E-3	40.746409E-3	864.91706E-6	0.0000000E+0	NaN
2.5933334E-3	40.892843E-3	914.65231E-6	0.0000000E+0	NaN
2.6101666E-3	40.917099E-3	822.08490E-6	0.0000000E+0	NaN
2.6270000E-3	40.794093E-3	744.39531E-6	0.0000000E+0	NaN
2.6438334E-3	40.403850E-3	1.0997682E-3	0.0000000E+0	NaN
2.6606666E-3	35.477955E-3	3.0980920E-3	0.0000000E+0	NaN
2.6775000E-3	31.039162E-3	21.772767E-6	0.0000000E+0	NaN
2.6943332E-3	31.026669E-3	-58.214755E-6	0.0000000E+0	NaN
2.7111666E-3	30.967440E-3	-27.342674E-6	0.0000000E+0	NaN
2.7280001E-3	30.859381E-3	75.552816E-6	0.0000000E+0	NaN
2.7448332E-3	30.686771E-3	25.226023E-6	0.0000000E+0	NaN
2.7616667E-3	30.568818E-3	-76.657489E-6	0.0000000E+0	NaN
2.7785001E-3	30.553048E-3	-17.914983E-6	0.0000000E+0	NaN
2.7953333E-3	30.609857E-3	36.308717E-6	0.0000000E+0	NaN
2.8121667E-3	30.717900E-3	23.332776E-6	0.0000000E+0	NaN
2.8289999E-3	31.652164E-3	276.71107E-6	0.0000000E+0	NaN
2.8458333E-3	39.057791E-3	1.2146273E-3	0.0000000E+0	NaN
2.8626667E-3	40.399142E-3	923.39795E-6	0.0000000E+0	NaN
2.8794999E-3	40.583331E-3	871.82748E-6	0.0000000E+0	NaN
2.8963333E-3	40.629480E-3	747.18014E-6	0.0000000E+0	NaN
2.9131665E-3	40.724836E-3	790.66254E-6	0.0000000E+0	NaN
2.9300000E-3	40.890012E-3	863.72229E-6	0.0000000E+0	NaN
2.9468334E-3	40.813413E-3	880.65758E-6	0.0000000E+0	NaN
2.9636666E-3	38.960781E-3	1.3291372E-3	0.0000000E+0	NaN
2.9805000E-3	30.981505E-3	1.1714024E-3	0.0000000E+0	NaN
2.9973334E-3	30.876696E-3	38.497641E-6	0.0000000E+0	NaN
3.0141666E-3	30.908696E-3	48.146150E-6	0.0000000E+0	NaN
3.0310000E-3	30.841524E-3	-46.605091E-6	0.0000000E+0	NaN
3.0478332E-3	30.759528E-3	-63.492182E-6	0.0000000E+0	NaN
3.0646666E-3	30.760638E-3	39.888528E-6	0.0000000E+0	NaN
3.0815001E-3	30.755436E-3	61.322018E-6	0.0000000E+0	NaN
3.0983333E-3	30.521851E-3	-45.988279E-6	0.0000000E+0	NaN
3.1151667E-3	30.457638E-3	-68.422290E-6	0.0000000E+0	NaN
3.1319999E-3	30.436786E-3	41.627733E-6	0.0000000E+0	NaN
3.1488333E-3	30.608954E-3	55.046577E-6	0.0000000E+0	NaN
3.1656667E-3	38.532887E-3	2.1720252E-3	0.0000000E+0	NaN
3.1824999E-3	39.220031E-3	1.8958366E-3	0.0000000E+0	NaN
3.1993333E-3	40.488917E-3	886.69534E-6	0.0000000E+0	NaN
3.2161667E-3	40.601939E-3	891.22116E-6	0.0000000E+0	NaN
3.2329999E-3	40.576171E-3	789.08273E-6	0.0000000E+0	NaN
3.2498334E-3	40.197529E-3	952.38967E-6	0.0000000E+0	NaN
3.2666666E-3	36.540251E-3	2.3025982E-3	0.0000000E+0	NaN
3.2835000E-3	31.282533E-3	68.087116E-6	0.0000000E+0	NaN
3.3003334E-3	31.359255E-3	-31.891086E-6	0.0000000E+0	NaN
3.3171666E-3	31.216919E-3	-94.121075E-6	0.0000000E+0	NaN
3.3340000E-3	31.044308E-3	1.2353797E-6	0.0000000E+0	NaN
3.3508334E-3	31.249369E-3	70.180555E-6	0.0000000E+0	NaN
3.3676666E-3	31.198980E-3	-23.816028E-6	0.0000000E+0	NaN
3.3845000E-3	31.202288E-3	-79.752332E-6	0.0000000E+0	NaN
3.4013332E-3	31.188769E-3	13.425392E-6	0.0000000E+0	NaN
3.4181667E-3	31.136248E-3	79.755955E-6	0.0000000E+0	NaN
3.4350001E-3	31.808849E-3	-6.4413193E-6	0.0000000E+0	NaN
3.4518333E-3	38.678057E-3	2.0068141E-3	0.0000000E+0	NaN
3.4686667E-3	39.113741E-3	1.9534323E-3	0.0000000E+0	NaN
3.4854999E-3	40.453557E-3	921.56103E-6	0.0000000E+0	NaN
3.5023333E-3	40.912870E-3	842.32987E-6	0.0000000E+0	NaN
3.5191667E-3	40.967282E-3	740.96804E-6	0.0000000E+0	NaN
3.5359999E-3	40.642351E-3	1.2404713E-3	0.0000000E+0	NaN
3.5528333E-3	35.560906E-3	3.1386688E-3	0.0000000E+0	NaN
3.5696668E-3	31.251263E-3	42.334530E-6	0.0000000E+0	NaN
3.5865000E-3	31.329568E-3	-103.96734E-6	0.0000000E+0	NaN
3.6033334E-3	31.449184E-3	-27.532002E-6	0.0000000E+0	NaN
3.6201666E-3	31.573821E-3	68.104229E-6	0.0000000E+0	NaN
3.6370000E-3	31.433292E-3	13.093422E-6	0.0000000E+0	NaN
3.6538334E-3	31.503662E-3	-69.763257E-6	0.0000000E+0	NaN
3.6706666E-3	31.375382E-3	-26.449106E-6	0.0000000E+0	NaN
3.6875000E-3	31.220874E-3	51.072348E-6	0.0000000E+0	NaN
3.7043332E-3	31.171143E-3	44.709450E-6	0.0000000E+0	NaN
3.7211666E-3	31.103423E-3	-61.261839E-6	0.0000000E+0	NaN
3.7380001E-3	35.774004E-3	3.3214751E-3	0.0000000E+0	NaN
3.7548332E-3	39.104935E-3	2.6791156E-3	0.0000000E+0	NaN
3.7716667E-3	40.543966E-3	985.75186E-6	0.0000000E+0	NaN
3.7885001E-3	40.646691E-3	774.07312E-6	0.0000000E+0	NaN
3.8053333E-3	40.493999E-3	779.50500E-6	0.0000000E+0	NaN
3.8221667E-3	40.228326E-3	988.99717E-6	0.0000000E+0	NaN
3.8389999E-3	36.507528E-3	3.0677367E-3	0.0000000E+0	NaN
3.8558336E-3	39.312724E-3	1.2180184E-3	0.0000000E+0	NaN
3.8726667E-3	32.973345E-3	1.3168612E-3	0.0000000E+0	NaN
3.8894999E-3	34.617882E-3	1.4160189E-3	0.0000000E+0	NaN
3.9063334E-3	31.104773E-3	60.641469E-6	0.0000000E+0	NaN
3.9231670E-3	31.077983E-3	-69.794653E-6	0.0000000E+0	NaN
3.9400002E-3	31.095151E-3	-72.132076E-6	0.0000000E+0	NaN
3.9568334E-3	31.218203E-3	41.388161E-6	0.0000000E+0	0.0000000E+0
3.9736670E-3	31.379141E-3	66.513850E-6	0.0000000E+0	0.0000000E+0
3.9905002E-3	31.544868E-3	-34.523142E-6	0.0000000E+0	0.0000000E+0
4.0073334E-3	31.518862E-3	-61.386672E-6	0.0000000E+0	0.0000000E+0
4.0241671E-3	31.415399E-3	39.324081E-6	0.0000000E+0	0.0000000E+0
4.0410003E-3	31.270310E-3	50.180828E-6	0.0000000E+0	0.0000000E+0
4.0578335E-3	32.281287E-3	-35.411103E-6	0.0000000E+0	0.0000000E+0
4.0746671E-3	39.311454E-3	1.9869893E-3	0.0000000E+0	0.0000000E+0
4.0915003E-3	40.785275E-3	860.51825E-6	0.0000000E+0	0.0000000E+0
4.1083335E-3	40.890347E-3	869.60354E-6	0.0000000E+0	0.0000000E+0
4.1251667E-3	40.803809E-3	793.67065E-6	0.0000000E+0	0.0000000E+0
4.1420003E-3	40.538471E-3	770.92415E-6	0.0000000E+0	0.0000000E+0
4.1588335E-3	37.376795E-3	2.2286044E-3	0.0000000E+0	0.0000000E+0
4.1756667E-3	36.899544E-3	2.8045070E-3	0.0000000E+0	0.0000000E+0
4.1925004E-3	30.731877E-3	5.7060588E-6	0.0000000E+0	0.0000000E+0
4.2093336E-3	30.848794E-3	-68.761794E-6	0.0000000E+0	0.0000000E+0
4.2261668E-3	30.999815E-3	-11.859353E-6	0.0000000E+0	0.0000000E+0
4.2430004E-3	31.032946E-3	87.963672E-6	0.0000000E+0	0.0000000E+0
4.2598336E-3	31.079227E-3	11.769338E-6	0.0000000E+0	0.0000000E+0
4.2766668E-3	30.840544E-3	-63.161897E-6	0.0000000E+0	0.0000000E+0
4.2935004E-3	30.808389E-3	-39.790939E-6	0.0000000E+0	0.0000000E+0
4.3103336E-3	30.832838E-3	86.735410E-6	0.0000000E+0	0.0000000E+0
4.3271668E-3	30.919399E-3	29.637642E-6	0.0000000E+0	0.0000000E+0
4.3440000E-3	31.098114E-3	-61.277540E-6	0.0000000E+0	0.0000000E+0
4.3608337E-3	31.277426E-3	-45.024430E-6	0.0000000E+0	0.0000000E+0
4.3776669E-3	31.389873E-3	41.577114E-6	0.0000000E+0	0.0000000E+0
4.3945001E-3	31.293627E-3	99.408287E-6	0.0000000E+0	0.0000000E+0
4.4113337E-3	31.140693E-3	-61.671963E-6	0.0000000E+0	0.0000000E+0
4.4281669E-3	34.299802E-3	2.1928614E-3	0.0000000E+0	0.0000000E+0
4.4450001E-3	39.737076E-3	1.2725010E-3	0.0000000E+0	0.0000000E+0
4.4618337E-3	40.090065E-3	1.2781258E-3	0.0000000E+0	0.0000000E+0
4.4786669E-3	40.580731E-3	824.89836E-6	0.0000000E+0	0.0000000E+0
4.4955001E-3	40.628262E-3	777.40033E-6	0.0000000E+0	0.0000000E+0
4.5123338E-3	40.680077E-3	862.77735E-6	0.0000000E+0	0.0000000E+0
4.5291670E-3	40.435698E-3	912.05089E-6	0.0000000E+0	0.0000000E+0
4.5460002E-3	39.333910E-3	1.1188514E-3	0.0000000E+0	0.0000000E+0
4.5628333E-3	35.333280E-3	2.5003219E-3	0.0000000E+0	0.0000000E+0
4.5796670E-3	30.506717E-3	22.950166E-6	0.0000000E+0	0.0000000E+0
4.5965002E-3	30.662684E-3	63.114072E-6	0.0000000E+0	0.0000000E+0
4.6133334E-3	30.798810E-3	-29.647998E-6	0.0000000E+0	0.0000000E+0
4.6301670E-3	30.817870E-3	-65.999739E-6	0.0000000E+0	0.0000000E+0
4.6470002E-3	30.838137E-3	590.37745E-9	0.0000000E+0	0.0000000E+0
4.6638334E-3	30.855520E-3	64.500171E-6	0.0000000E+0	0.0000000E+0
4.6806671E-3	30.909035E-3	-9.7075072E-6	0.0000000E+0	0.0000000E+0
4.6975003E-3	30.933071E-3	-59.216811E-6	0.0000000E+0	0.0000000E+0
4.7143335E-3	31.014152E-3	-6.6579050E-6	0.0000000E+0	0.0000000E+0
4.7311671E-3	31.118207E-3	82.320992E-6	0.0000000E+0	0.0000000E+0
4.7480003E-3	31.362772E-3	6.8563040E-6	0.0000000E+0	0.0000000E+0
4.7648335E-3	31.302437E-3	-84.413281E-6	0.0000000E+0	0.0000000E+0
4.7816667E-3	31.148409E-3	-33.059798E-6	0.0000000E+0	0.0000000E+0
4.7985003E-3	39.230116E-3	2.5903122E-3	0.0000000E+0	0.0000000E+0
4.8153335E-3	40.448487E-3	912.82278E-6	0.0000000E+0	0.0000000E+0
4.8321667E-3	40.644061E-3	781.38703E-6	0.0000000E+0	0.0000000E+0
4.8490004E-3	40.739790E-3	804.30275E-6	0.0000000E+0	0.0000000E+0
4.8658336E-3	40.626504E-3	898.99934E-6	0.0000000E+0	0.0000000E+0
4.8826667E-3	40.076301E-3	934.99536E-6	0.0000000E+0	0.0000000E+0
4.8995004E-3	39.567038E-3	1.1730329E-3	0.0000000E+0	0.0000000E+0
4.9163336E-3	36.674272E-3	2.5413041E-3	0.0000000E+0	0.0000000E+0
4.9331668E-3	30.450063E-3	77.857774E-6	0.0000000E+0	0.0000000E+0
4.9500004E-3	30.521650E-3	23.577264E-6	0.0000000E+0	0.0000000E+0
4.9668336E-3	30.710761E-3	-50.097813E-6	0.0000000E+0	0.0000000E+0
4.9836668E-3	30.802350E-3	-58.163583E-6	0.0000000E+0	0.0000000E+0
5.0005005E-3	30.829612E-3	129.84179E-6	0.0000000E+0	0.0000000E+0
5.0173337E-3	30.871551E-3	18.565897E-6	0.0000000E+0	0.0000000E+0
5.0341669E-3	30.847371E-3	-80.646467E-6	0.0000000E+0	0.0000000E+0
5.0510000E-3	30.904032E-3	-68.313624E-6	0.0000000E+0	0.0000000E+0
5.0678337E-3	30.972082E-3	50.260012E-6	0.0000000E+0	0.0000000E+0
5.0846669E-3	31.091733E-3	47.895388E-6	0.0000000E+0	0.0000000E+0
5.1015001E-3	31.273443E-3	-41.254149E-6	0.0000000E+0	0.0000000E+0
5.1183337E-3	31.296574E-3	-80.322308E-6	0.0000000E+0	0.0000000E+0
5.1351669E-3	31.208560E-3	46.983034E-6	0.0000000E+0	0.0000000E+0
5.1520001E-3	31.050840E-3	73.396906E-6	0.0000000E+0	0.0000000E+0
5.1688338E-3	36.686774E-3	2.8366223E-3	0.0000000E+0	0.0000000E+0
5.1856670E-3	38.191881E-3	2.6976063E-3	0.0000000E+0	0.0000000E+0
5.2025001E-3	40.170997E-3	985.66513E-6	0.0000000E+0	0.0000000E+0
5.2193338E-3	40.557966E-3	901.65634E-6	0.0000000E+0	0.0000000E+0
5.2361670E-3	40.502638E-3	774.61003E-6	0.0000000E+0	0.0000000E+0
5.2530002E-3	40.294342E-3	752.65171E-6	0.0000000E+0	0.0000000E+0
5.2698334E-3	39.982684E-3	989.85317E-6	0.0000000E+0	0.0000000E+0
5.2866670E-3	36.305971E-3	3.1303107E-3	0.0000000E+0	0.0000000E+0
5.3035002E-3	30.368250E-3	1.5697998E-3	0.0000000E+0	0.0000000E+0
5.3203334E-3	30.497525E-3	641.18142E-6	0.0000000E+0	0.0000000E+0
5.3371671E-3	30.775428E-3	2.6467667E-6	0.0000000E+0	0.0000000E+0
5.3540003E-3	30.787887E-3	77.505363E-6	0.0000000E+0	0.0000000E+0
5.3708334E-3	30.820848E-3	-32.306103E-6	0.0000000E+0	0.0000000E+0
5.3876671E-3	30.831752E-3	-87.521745E-6	0.0000000E+0	0.0000000E+0
5.4045003E-3	30.878503E-3	-7.5869998E-6	0.0000000E+0	0.0000000E+0
5.4213335E-3	30.948805E-3	80.260608E-6	0.0000000E+0	0.0000000E+0
5.4381671E-3	31.119831E-3	-27.364871E-6	0.0000000E+0	0.0000000E+0
5.4550003E-3	31.268809E-3	-54.369084E-6	0.0000000E+0	0.0000000E+0
5.4718335E-3	31.259347E-3	-18.052027E-6	0.0000000E+0	0.0000000E+0
5.4886667E-3	31.153744E-3	81.026112E-6	0.0000000E+0	0.0000000E+0
5.5055004E-3	31.036586E-3	10.413194E-6	0.0000000E+0	0.0000000E+0
5.5223336E-3	35.263911E-3	1.6937701E-3	0.0000000E+0	0.0000000E+0
5.5391667E-3	39.407432E-3	1.6478566E-3	0.0000000E+0	0.0000000E+0
5.5560004E-3	40.553819E-3	942.43197E-6	0.0000000E+0	0.0000000E+0
5.5728336E-3	40.653095E-3	839.66862E-6	0.0000000E+0	0.0000000E+0
5.5896668E-3	40.605731E-3	750.48010E-6	0.0000000E+0	0.0000000E+0
5.6065004E-3	40.428277E-3	810.67299E-6	0.0000000E+0	0.0000000E+0
5.6233336E-3	40.127318E-3	933.79611E-6	0.0000000E+0	0.0000000E+0
5.6401668E-3	38.205128E-3	1.9143097E-3	0.0000000E+0	0.0000000E+0
5.6570005E-3	31.177605E-3	2.3113245E-3	0.0000000E+0	0.0000000E+0
5.6738337E-3	30.604590E-3	-22.090562E-6	0.0000000E+0	0.0000000E+0
5.6906668E-3	31.651873E-3	480.36058E-6	0.0000000E+0	0.0000000E+0
5.7075000E-3	30.786807E-3	39.658389E-6	0.0000000E+0	0.0000000E+0
5.7243337E-3	30.825799E-3	-45.138077E-6	0.0000000E+0	0.0000000E+0
5.7411669E-3	30.822173E-3	-69.075504E-6	0.0000000E+0	0.0000000E+0
5.7580001E-3	30.834176E-3	61.979918E-6	0.0000000E+0	0.0000000E+0
5.7748337E-3	30.861616E-3	47.323134E-6	0.0000000E+0	0.0000000E+0
5.7916669E-3	31.023547E-3	-53.104643E-6	0.0000000E+0	0.0000000E+0
5.8085001E-3	31.138815E-3	-64.531901E-6	0.0000000E+0	0.0000000E+0
5.8253338E-3	31.303834E-3	13.425055E-6	0.0000000E+0	0.0000000E+0
5.8421670E-3	31.424072E-3	55.536344E-6	0.0000000E+0	0.0000000E+0
5.8590001E-3	31.313669E-3	-30.553405E-6	0.0000000E+0	0.0000000E+0
5.8758338E-3	31.161966E-3	-60.874267E-6	0.0000000E+0	0.0000000E+0
5.8926670E-3	31.144137E-3	35.815665E-6	0.0000000E+0	0.0000000E+0
5.9095002E-3	38.111590E-3	2.6062955E-3	0.0000000E+0	0.0000000E+0
5.9263334E-3	40.436786E-3	963.52916E-6	0.0000000E+0	0.0000000E+0
5.9431670E-3	40.650979E-3	758.20938E-6	0.0000000E+0	0.0000000E+0
5.9600002E-3	0.0000000E+0	NaN	0.0000000E+0	0.0000000E+0
5.9768334E-3	0.0000000E+0	NaN	0.0000000E+0	0.0000000E+0
5.9936671E-3	0.0000000E+0	NaN	0.0000000E+0	0.0000000E+0
6.0105002E-3	0.0000000E+0	NaN	0.0000000E+0	0.0000000E+0
6.0273334E-3	0.0000000E+0	NaN	0.0000000E+0	0.0000000E+0
6.0441671E-3	0.0000000E+0	NaN	0.0000000E+0	0.0000000E+0
6.0610003E-3	0.0000000E+0	NaN	0.0000000E+0	0.0000000E+0
6.0778335E-3	0.0000000E+0	NaN	0.0000000E+0	0.0000000E+0
6.0946671E-3	0.0000000E+0	NaN	0.0000000E+0	0.0000000E+0
6.1115003E-3	0.0000000E+0	NaN	0.0000000E+0	0.0000000E+0
6.1283335E-3	0.0000000E+0	NaN	0.0000000E+0	0.0000000E+0
6.1451667E-3	0.0000000E+0	NaN	0.0000000E+0	0.0000000E+0
6.1620004E-3	0.0000000E+0	NaN	0.0000000E+0	0.0000000E+0
6.1788335E-3	0.0000000E+0	NaN	0.0000000E+0	0.0000000E+0
6.1956667E-3	0.0000000E+0	NaN	0.0000000E+0	0.0000000E+0
6.2125004E-3	0.0000000E+0	NaN	0.0000000E+0	0.0000000E+0
6.2293336E-3	0.0000000E+0	NaN	0.0000000E+0	0.0000000E+0
6.2461668E-3	0.0000000E+0	NaN	0.0000000E+0	0.0000000E+0
6.2630004E-3	0.0000000E+0	NaN	0.0000000E+0	0.0000000E+0
6.2798336E-3	0.0000000E+0	NaN	0.0000000E+0	0.0000000E+0
6.2966668E-3	0.0000000E+0	NaN	0.0000000E+0	0.0000000E+0
6.3135005E-3	0.0000000E+0	NaN	0.0000000E+0	0.0000000E+0
6.3303337E-3	0.0000000E+0	NaN	0.0000000E+0	0.0000000E+0
6.3471668E-3	0.0000000E+0	NaN	0.0000000E+0	0.0000000E+0
6.3640000E-3	0.0000000E+0	NaN	0.0000000E+0	0.0000000E+0
6.3808337E-3	0.0000000E+0	NaN	0.0000000E+0	0.0000000E+0
6.3976669E-3	0.0000000E+0	NaN	0.0000000E+0	0.0000000E+0
6.4145001E-3	0.0000000E+0	NaN	0.0000000E+0	0.0000000E+0
6.4313337E-3	0.0000000E+0	NaN	0.0000000E+0	0.0000000E+0
6.4481669E-3	0.0000000E+0	NaN	0.0000000E+0	0.0000000E+0
6.4650001E-3	0.0000000E+0	NaN	0.0000000E+0	0.0000000E+0
6.4818338E-3	0.0000000E+0	NaN	0.0000000E+0	0.0000000E+0
6.4986669E-3	0.0000000E+0	NaN	0.0000000E+0	0.0000000E+0
6.5155001E-3	0.0000000E+0	NaN	0.0000000E+0	0.0000000E+0
6.5323338E-3	0.0000000E+0	NaN	0.0000000E+0	0.0000000E+0
6.5491670E-3	0.0000000E+0	NaN	0.0000000E+0	0.0000000E+0
6.5660002E-3	0.0000000E+0	NaN	0.0000000E+0	0.0000000E+0
6.5828338E-3	0.0000000E+0	NaN	0.0000000E+0	0.0000000E+0
6.5996670E-3	0.0000000E+0	NaN	0.0000000E+0	0.0000000E+0
6.6165002E-3	0.0000000E+0	NaN	0.0000000E+0	0.0000000E+0
6.6333334E-3	0.0000000E+0	NaN	0.0000000E+0	0.0000000E+0
6.6501671E-3	0.0000000E+0	NaN	0.0000000E+0	0.0000000E+0
6.6670002E-3	0.0000000E+0	NaN	0.0000000E+0	0.0000000E+0
6.6838334E-3	0.0000000E+0	NaN	0.0000000E+0	0.0000000E+0
6.7006671E-3	0.0000000E+0	NaN	0.0000000E+0	0.0000000E+0
6.7175003E-3	0.0000000E+0	NaN	0.0000000E+0	0.0000000E+0
6.7343335E-3	0.0000000E+0	NaN	0.0000000E+0	0.0000000E+0
6.7511671E-3	0.0000000E+0	NaN	0.0000000E+0	0.0000000E+0
6.7680003E-3	0.0000000E+0	NaN	0.0000000E+0	0.0000000E+0
6.7848335E-3	0.0000000E+0	NaN	0.0000000E+0	0.0000000E+0
6.8016672E-3	0.0000000E+0	NaN	0.0000000E+0	0.0000000E+0
6.8185003E-3	0.0000000E+0	NaN	0.0000000E+0	0.0000000E+0
6.8353335E-3	0.0000000E+0	NaN	0.0000000E+0	0.0000000E+0
6.8521667E-3	0.0000000E+0	NaN	0.0000000E+0	0.0000000E+0
6.8690004E-3	0.0000000E+0	NaN	0.0000000E+0	0.0000000E+0
6.8858336E-3	0.0000000E+0	NaN	0.0000000E+0	0.0000000E+0
6.9026668E-3	0.0000000E+0	NaN	0.0000000E+0	0.0000000E+0
6.9195004E-3	0.0000000E+0	NaN	0.0000000E+0	0.0000000E+0
6.9363336E-3	0.0000000E+0	NaN	0.0000000E+0	-0.0000000E+0
6.9531668E-3	0.0000000E+0	NaN	0.0000000E+0	-0.0000000E+0
6.9700005E-3	0.0000000E+0	NaN	0.0000000E+0	-0.0000000E+0
6.9868336E-3	0.0000000E+0	NaN	0.0000000E+0	0.0000000E+0
7.0036668E-3	0.0000000E+0	NaN	0.0000000E+0	0.0000000E+0
7.0205005E-3	0.0000000E+0	NaN	0.0000000E+0	0.0000000E+0
7.0373337E-3	0.0000000E+0	NaN	0.0000000E+0	-0.0000000E+0
7.0541669E-3	0.0000000E+0	NaN	0.0000000E+0	-0.0000000E+0
7.0710001E-3	0.0000000E+0	NaN	0.0000000E+0	0.0000000E+0
7.0878337E-3	0.0000000E+0	NaN	0.0000000E+0	0.0000000E+0
7.1046669E-3	0.0000000E+0	NaN	0.0000000E+0	0.0000000E+0
7.1215001E-3	0.0000000E+0	NaN	0.0000000E+0	-0.0000000E+0
7.1383337E-3	0.0000000E+0	NaN	0.0000000E+0	-0.0000000E+0
7.1551669E-3	0.0000000E+0	NaN	0.0000000E+0	-0.0000000E+0
7.1720001E-3	0.0000000E+0	NaN	0.0000000E+0	0.0000000E+0
7.1888338E-3	0.0000000E+0	NaN	0.0000000E+0	0.0000000E+0
7.2056670E-3	0.0000000E+0	NaN	0.0000000E+0	-0.0000000E+0
7.2225002E-3	0.0000000E+0	NaN	0.0000000E+0	-0.0000000E+0
7.2393338E-3	0.0000000E+0	NaN	0.0000000E+0	-0.0000000E+0
7.2561670E-3	0.0000000E+0	NaN	0.0000000E+0	0.0000000E+0
7.2730002E-3	0.0000000E+0	NaN	0.0000000E+0	0.0000000E+0
7.2898334E-3	0.0000000E+0	NaN	0.0000000E+0	0.0000000E+0
7.3066670E-3	0.0000000E+0	NaN	0.0000000E+0	-0.0000000E+0
7.3235002E-3	0.0000000E+0	NaN	0.0000000E+0	-0.0000000E+0
7.3403334E-3	0.0000000E+0	NaN	0.0000000E+0	0.0000000E+0
7.3571671E-3	0.0000000E+0	NaN	0.0000000E+0	0.0000000E+0
7.3740003E-3	0.0000000E+0	NaN	0.0000000E+0	0.0000000E+0
7.3908335E-3	0.0000000E+0	NaN	0.0000000E+0	-0.0000000E+0
7.4076671E-3	0.0000000E+0	NaN	0.0000000E+0	-0.0000000E+0
7.4245003E-3	0.0000000E+0	NaN	0.0000000E+0	-0.0000000E+0
7.4413335E-3	0.0000000E+0	NaN	0.0000000E+0	0.0000000E+0
7.4581672E-3	0.0000000E+0	NaN	0.0000000E+0	0.0000000E+0
7.4750003E-3	0.0000000E+0	NaN	0.0000000E+0	-0.0000000E+0
7.4918335E-3	0.0000000E+0	NaN	0.0000000E+0	0.0000000E+0
7.5086667E-3	0.0000000E+0	NaN	0.0000000E+0	-0.0000000E+0
7.5255004E-3	0.0000000E+0	NaN	0.0000000E+0	0.0000000E+0
7.5423336E-3	0.0000000E+0	NaN	0.0000000E+0	0.0000000E+0
7.5591668E-3	0.0000000E+0	NaN	0.0000000E+0	0.0000000E+0
7.5760004E-3	0.0000000E+0	NaN	0.0000000E+0	-0.0000000E+0
7.5928336E-3	0.0000000E+0	NaN	0.0000000E+0	-0.0000000E+0
7.6096668E-3	0.0000000E+0	NaN	0.0000000E+0	0.0000000E+0
7.6265004E-3	0.0000000E+0	NaN	0.0000000E+0	0.0000000E+0
7.6433336E-3	0.0000000E+0	NaN	0.0000000E+0	0.0000000E+0
7.6601668E-3	0.0000000E+0	NaN	0.0000000E+0	-0.0000000E+0
7.6770005E-3	0.0000000E+0	NaN	0.0000000E+0	-0.0000000E+0
7.6938337E-3	0.0000000E+0	NaN	0.0000000E+0	0.0000000E+0
7.7106669E-3	0.0000000E+0	NaN	0.0000000E+0	0.0000000E+0
7.7275001E-3	0.0000000E+0	NaN	0.0000000E+0	0.0000000E+0
7.7443337E-3	0.0000000E+0	NaN	0.0000000E+0	-0.0000000E+0
7.7611674E-3	0.0000000E+0	NaN	0.0000000E+0	-0.0000000E+0
7.7780001E-3	0.0000000E+0	NaN	0.0000000E+0	-0.0000000E+0
7.7948337E-3	0.0000000E+0	NaN	0.0000000E+0	0.0000000E+0
7.8116674E-3	0.0000000E+0	NaN	0.0000000E+0	0.0000000E+0
7.8285001E-3	0.0000000E+0	NaN	0.0000000E+0	-0.0000000E+0
7.8453338E-3	0.0000000E+0	NaN	0.0000000E+0	-0.0000000E+0
7.8621665E-3	0.0000000E+0	NaN	0.0000000E+0	-0.0000000E+0
7.8790002E-3	0.0000000E+0	NaN	0.0000000E+0	0.0000000E+0
7.8958338E-3	0.0000000E+0	NaN	0.0000000E+0	0.0000000E+0
7.9126665E-3	0.0000000E+0	NaN	0.0000000E+0	0.0000000E+0
7.9295002E-3	0.0000000E+0	NaN	0.0000000E+0	-0.0000000E+0
7.9463338E-3	0.0000000E+0	NaN	0.0000000E+0	-0.0000000E+0
7.9631666E-3	0.0000000E+0	NaN	0.0000000E+0	0.0000000E+0
7.9800002E-3	0.0000000E+0	NaN	0.0000000E+0	0.0000000E+0
7.9968339E-3	0.0000000E+0	NaN	0.0000000E+0	0.0000000E+0
8.0136666E-3	0.0000000E+0	NaN	0.0000000E+0	-0.0000000E+0
8.0305003E-3	0.0000000E+0	NaN	0.0000000E+0	-0.0000000E+0
8.0473339E-3	0.0000000E+0	NaN	0.0000000E+0	0.0000000E+0
8.0641666E-3	0.0000000E+0	NaN	0.0000000E+0	0.0000000E+0
8.0810003E-3	0.0000000E+0	NaN	0.0000000E+0	0.0000000E+0
8.0978340E-3	0.0000000E+0	NaN	0.0000000E+0	-0.0000000E+0
8.1146667E-3	0.0000000E+0	NaN	0.0000000E+0	-0.0000000E+0
8.1315003E-3	0.0000000E+0	NaN	0.0000000E+0	-0.0000000E+0
8.1483340E-3	0.0000000E+0	NaN	0.0000000E+0	0.0000000E+0
8.1651667E-3	0.0000000E+0	NaN	0.0000000E+0	0.0000000E+0
8.1820004E-3	0.0000000E+0	NaN	0.0000000E+0	-0.0000000E+0
8.1988340E-3	0.0000000E+0	NaN	0.0000000E+0	-0.0000000E+0
8.2156667E-3	0.0000000E+0	NaN	0.0000000E+0	-0.0000000E+0
8.2325004E-3	0.0000000E+0	NaN	0.0000000E+0	0.0000000E+0
8.2493341E-3	0.0000000E+0	NaN	0.0000000E+0	0.0000000E+0
8.2661668E-3	0.0000000E+0	NaN	0.0000000E+0	0.0000000E+0
8.2830004E-3	0.0000000E+0	NaN	0.0000000E+0	-0.0000000E+0
8.2998332E-3	0.0000000E+0	NaN	0.0000000E+0	-0.0000000E+0
8.3166668E-3	0.0000000E+0	NaN	0.0000000E+0	-0.0000000E+0
8.3335005E-3	0.0000000E+0	NaN	0.0000000E+0	0.0000000E+0
8.3503332E-3	0.0000000E+0	NaN	0.0000000E+0	0.0000000E+0
8.3671669E-3	0.0000000E+0	NaN	0.0000000E+0	-0.0000000E+0
8.3840005E-3	0.0000000E+0	NaN	0.0000000E+0	-0.0000000E+0
8.4008332E-3	0.0000000E+0	NaN	0.0000000E+0	-0.0000000E+0
8.4176669E-3	0.0000000E+0	NaN	0.0000000E+0	0.0000000E+0
8.4345005E-3	0.0000000E+0	NaN	0.0000000E+0	0.0000000E+0
8.4513333E-3	0.0000000E+0	NaN	0.0000000E+0	0.0000000E+0
8.4681669E-3	0.0000000E+0	NaN	0.0000000E+0	-0.0000000E+0
8.4850006E-3	0.0000000E+0	NaN	0.0000000E+0	-0.0000000E+0
8.5018333E-3	0.0000000E+0	NaN	0.0000000E+0	0.0000000E+0
8.5186670E-3	0.0000000E+0	NaN	0.0000000E+0	0.0000000E+0
8.5355006E-3	0.0000000E+0	NaN	0.0000000E+0	0.0000000E+0
8.5523333E-3	0.0000000E+0	NaN	0.0000000E+0	-0.0000000E+0
8.5691670E-3	0.0000000E+0	NaN	0.0000000E+0	-0.0000000E+0
8.5860007E-3	0.0000000E+0	NaN	0.0000000E+0	-0.0000000E+0
8.6028334E-3	0.0000000E+0	NaN	0.0000000E+0	0.0000000E+0
8.6196670E-3	0.0000000E+0	NaN	0.0000000E+0	0.0000000E+0
8.6365007E-3	0.0000000E+0	NaN	0.0000000E+0	0.0000000E+0
8.6533334E-3	0.0000000E+0	NaN	0.0000000E+0	-0.0000000E+0
8.6701671E-3	0.0000000E+0	NaN	0.0000000E+0	-0.0000000E+0
8.6870007E-3	0.0000000E+0	NaN	0.0000000E+0	0.0000000E+0
8.7038334E-3	0.0000000E+0	NaN	0.0000000E+0	0.0000000E+0
8.7206671E-3	0.0000000E+0	NaN	0.0000000E+0	0.0000000E+0
8.7375008E-3	0.0000000E+0	NaN	0.0000000E+0	-0.0000000E+0
8.7543335E-3	0.0000000E+0	NaN	0.0000000E+0	-0.0000000E+0
8.7711671E-3	0.0000000E+0	NaN	0.0000000E+0	0.0000000E+0
8.7879999E-3	0.0000000E+0	NaN	0.0000000E+0	0.0000000E+0
8.8048335E-3	0.0000000E+0	NaN	0.0000000E+0	0.0000000E+0
8.8216672E-3	0.0000000E+0	NaN	0.0000000E+0	-0.0000000E+0
8.8384999E-3	0.0000000E+0	NaN	0.0000000E+0	-0.0000000E+0
8.8553336E-3	0.0000000E+0	NaN	0.0000000E+0	-0.0000000E+0
8.8721672E-3	0.0000000E+0	NaN	0.0000000E+0	0.0000000E+0
8.8889999E-3	0.0000000E+0	NaN	0.0000000E+0	0.0000000E+0
8.9058336E-3	0.0000000E+0	NaN	0.0000000E+0	0.0000000E+0
8.9226672E-3	0.0000000E+0	NaN	0.0000000E+0	-0.0000000E+0
8.9395000E-3	0.0000000E+0	NaN	0.0000000E+0	-0.0000000E+0
8.9563336E-3	0.0000000E+0	NaN	0.0000000E+0	0.0000000E+0
8.9731673E-3	0.0000000E+0	NaN	0.0000000E+0	0.0000000E+0
8.9900000E-3	0.0000000E+0	NaN	0.0000000E+0	0.0000000E+0
9.0068337E-3	0.0000000E+0	NaN	0.0000000E+0	-0.0000000E+0
9.0236673E-3	0.0000000E+0	NaN	0.0000000E+0	-0.0000000E+0
9.0405000E-3	0.0000000E+0	NaN	0.0000000E+0	-0.0000000E+0
9.0573337E-3	0.0000000E+0	NaN	0.0000000E+0	0.0000000E+0
9.0741673E-3	0.0000000E+0	NaN	0.0000000E+0	0.0000000E+0
9.0910001E-3	0.0000000E+0	NaN	0.0000000E+0	-0.0000000E+0
9.1078337E-3	0.0000000E+0	NaN	0.0000000E+0	-0.0000000E+0
9.1246674E-3	0.0000000E+0	NaN	0.0000000E+0	-0.0000000E+0
9.1415001E-3	0.0000000E+0	NaN	0.0000000E+0	0.0000000E+0
9.1583338E-3	0.0000000E+0	NaN	0.0000000E+0	0.0000000E+0
9.1751674E-3	0.0000000E+0	NaN	0.0000000E+0	0.0000000E+0
9.1920001E-3	0.0000000E+0	NaN	0.0000000E+0	-0.0000000E+0
9.2088338E-3	0.0000000E+0	NaN	0.0000000E+0	-0.0000000E+0
9.2256665E-3	0.0000000E+0	NaN	0.0000000E+0	-0.0000000E+0
9.2425002E-3	0.0000000E+0	NaN	0.0000000E+0	0.0000000E+0
9.2593338E-3	0.0000000E+0	NaN	0.0000000E+0	0.0000000E+0
9.2761666E-3	0.0000000E+0	NaN	0.0000000E+0	-0.0000000E+0
9.2930002E-3	0.0000000E+0	NaN	0.0000000E+0	-0.0000000E+0
9.3098339E-3	0.0000000E+0	NaN	0.0000000E+0	-0.0000000E+0
9.3266666E-3	0.0000000E+0	NaN	0.0000000E+0	0.0000000E+0
9.3435002E-3	0.0000000E+0	NaN	0.0000000E+0	0.0000000E+0
9.3603339E-3	0.0000000E+0	NaN	0.0000000E+0	-0.0000000E+0
9.3771666E-3	0.0000000E+0	NaN	0.0000000E+0	-0.0000000E+0
9.3940003E-3	0.0000000E+0	NaN	0.0000000E+0	-0.0000000E+0
9.4108339E-3	0.0000000E+0	NaN	0.0000000E+0	0.0000000E+0
9.4276667E-3	0.0000000E+0	NaN	0.0000000E+0	0.0000000E+0
9.4445003E-3	0.0000000E+0	NaN	0.0000000E+0	0.0000000E+0
9.4613340E-3	0.0000000E+0	NaN	0.0000000E+0	-0.0000000E+0
9.4781667E-3	0.0000000E+0	NaN	0.0000000E+0	-0.0000000E+0
9.4950004E-3	0.0000000E+0	NaN	0.0000000E+0	-0.0000000E+0
9.5118340E-3	0.0000000E+0	NaN	0.0000000E+0	0.0000000E+0
9.5286667E-3	0.0000000E+0	NaN	0.0000000E+0	0.0000000E+0
9.5455004E-3	0.0000000E+0	NaN	0.0000000E+0	-0.0000000E+0
9.5623340E-3	0.0000000E+0	NaN	0.0000000E+0	-0.0000000E+0
9.5791668E-3	0.0000000E+0	NaN	0.0000000E+0	-0.0000000E+0
9.5960004E-3	0.0000000E+0	NaN	0.0000000E+0	0.0000000E+0
9.6128341E-3	0.0000000E+0	NaN	0.0000000E+0	0.0000000E+0
9.6296668E-3	0.0000000E+0	NaN	0.0000000E+0	0.0000000E+0
9.6465005E-3	0.0000000E+0	NaN	0.0000000E+0	-0.0000000E+0
9.6633332E-3	0.0000000E+0	NaN	0.0000000E+0	-0.0000000E+0
9.6801668E-3	0.0000000E+0	NaN	0.0000000E+0	0.0000000E+0
9.6970005E-3	0.0000000E+0	NaN	0.0000000E+0	0.0000000E+0
9.7138332E-3	0.0000000E+0	NaN	0.0000000E+0	0.0000000E+0
9.7306669E-3	0.0000000E+0	NaN	0.0000000E+0	-0.0000000E+0
9.7475005E-3	0.0000000E+0	NaN	0.0000000E+0	-0.0000000E+0
9.7643333E-3	0.0000000E+0	NaN	0.0000000E+0	-0.0000000E+0
9.7811669E-3	0.0000000E+0	NaN	0.0000000E+0	0.0000000E+0
9.7980006E-3	0.0000000E+0	NaN	0.0000000E+0	0.0000000E+0
9.8148333E-3	0.0000000E+0	NaN	0.0000000E+0	-0.0000000E+0
9.8316669E-3	0.0000000E+0	NaN	0.0000000E+0	-0.0000000E+0
9.8485006E-3	0.0000000E+0	NaN	0.0000000E+0	-0.0000000E+0
9.8653333E-3	0.0000000E+0	NaN	0.0000000E+0	0.0000000E+0
9.8821670E-3	0.0000000E+0	NaN	0.0000000E+0	0.0000000E+0
9.8990006E-3	0.0000000E+0	NaN	0.0000000E+0	0.0000000E+0
9.9158334E-3	0.0000000E+0	NaN	0.0000000E+0	-0.0000000E+0
9.9326670E-3	0.0000000E+0	NaN	0.0000000E+0	-0.0000000E+0
9.9495007E-3	0.0000000E+0	NaN	0.0000000E+0	-0.0000000E+0
9.9663334E-3	0.0000000E+0	NaN	0.0000000E+0	0.0000000E+0
9.9831671E-3	0.0000000E+0	NaN	0.0000000E+0	0.0000000E+0
10.000001E-3	0.0000000E+0	NaN	0.0000000E+0	-0.0000000E+0
