Experiment	Sweeper	
Saved Date	30.06.2023 16:32:21	
User		
Date		
Start time	30.06.2023 16:20:16	
Sweep channel: Name	Output 2 (V)	
Sweep channel: Start (V)	-100E-6	
Sweep channel: Stop (V)	200E-6	
Sweep channel: Points	601	
Sweep channel: Max slew rate (V/s)	Inf	
Sweep channel: Initial settling time (s)	20E+3	
Sweep channel: End settling time (s)	2E+0	
Sweep channel: Backward sweep	TRUE	
Sweep channel: Number of sweeps	2	
Sweep channel: Reset	FALSE	
Step channel 1: Name	Output 3 (V)	
Step channel 1: Start (V)	50E-3	
Step channel 1: Stop (V)	50E-3	
Step channel 1: Points	2	
Step channel 1: Max slew rate (V/s)	10E+0	
Step channel 1:  Initial settling time (s)	2E+0	
Step channel 1: End settling time (s)	2E+0	
Step channel 1: Backward sweep	FALSE	
Step channel 1: Reset	FALSE	
Sweep Type	2D-Both RT	
Acquire channels	Input 1 (V);LI Demod 3 X (V)	
Filter type	None	
Order		
Cutoff frq		

[DATA]
Output 2 Setp. (V)	Input 1 [00001] (V)	LI Demod 3 X [00001] (V)	Input 1 [00002] (V)	LI Demod 3 X [00002] (V)	Input 1 [00001] [bwd] (V)	LI Demod 3 X [00001] [bwd] (V)	Input 1 [00002] [bwd] (V)	LI Demod 3 X [00002] [bwd] (V)
-99.999997E-6	31.119524E-3	13.557404E-6	30.404614E-3	63.679581E-6	30.509925E-3	-59.842725E-6	30.669758E-3	31.076335E-6
-99.500001E-6	31.119931E-3	-56.916047E-6	30.494200E-3	54.668290E-6	30.467141E-3	-25.045632E-6	30.673241E-3	-46.513851E-6
-98.999997E-6	31.119334E-3	-46.370860E-6	30.543398E-3	-35.260455E-6	30.560890E-3	62.940453E-6	30.603541E-3	-52.361298E-6
-98.500001E-6	31.087143E-3	-4.1360522E-6	30.576488E-3	-90.347603E-6	30.639200E-3	70.084105E-6	30.634161E-3	20.594895E-6
-97.999997E-6	31.118002E-3	72.868963E-6	30.593621E-3	-846.30017E-9	30.736705E-3	-54.319433E-6	30.547973E-3	85.726497E-6
-97.500000E-6	31.140283E-3	33.986413E-6	30.569283E-3	75.184937E-6	30.799611E-3	-70.456059E-6	30.485835E-3	-15.673466E-6
-96.999996E-6	31.128861E-3	-46.568308E-6	30.637845E-3	14.319085E-6	30.891446E-3	30.659936E-6	30.480556E-3	-74.040858E-6
-96.500000E-6	31.184319E-3	-75.795877E-6	30.620854E-3	-52.072322E-6	30.936107E-3	74.111660E-6	30.501628E-3	-29.153345E-6
-95.999996E-6	31.165879E-3	-457.16325E-9	30.614384E-3	-55.263910E-6	30.957270E-3	18.676428E-6	30.528972E-3	40.396953E-6
-95.500000E-6	31.174149E-3	55.801698E-6	30.663637E-3	41.298525E-6	30.974420E-3	-95.310519E-6	30.575169E-3	66.766421E-6
-94.999996E-6	31.217899E-3	42.549469E-6	30.668274E-3	60.333197E-6	30.965341E-3	-38.617247E-6	30.660849E-3	-11.041067E-6
-94.499999E-6	31.237602E-3	-43.074848E-6	30.710187E-3	-42.115273E-6	30.958775E-3	62.115403E-6	30.694392E-3	-84.786538E-6
-93.999995E-6	31.033304E-3	-95.110438E-6	30.819491E-3	-82.264007E-6	30.965200E-3	51.500054E-6	30.748630E-3	-22.132655E-6
-93.499999E-6	31.069046E-3	-19.073772E-6	30.998923E-3	5.3018621E-6	31.001654E-3	-38.741760E-6	30.823598E-3	56.069068E-6
-92.999995E-6	31.074654E-3	43.521861E-6	31.172166E-3	60.322724E-6	31.007908E-3	-70.848444E-6	30.846464E-3	44.298919E-6
-92.499999E-6	31.108588E-3	56.758232E-6	31.245464E-3	-369.51209E-9	31.011635E-3	6.4930355E-6	30.871632E-3	-50.369446E-6
-91.999995E-6	31.092264E-3	-48.287337E-6	31.256925E-3	-63.911219E-6	31.083409E-3	68.180569E-6	30.896056E-3	-77.942343E-6
-91.499998E-6	31.132381E-3	-88.463057E-6	31.204212E-3	-43.157565E-6	30.941026E-3	6.9014000E-6	30.865002E-3	10.509612E-6
-90.999994E-6	31.129180E-3	-63.818719E-6	31.107580E-3	68.625028E-6	30.961184E-3	-80.723206E-6	30.800631E-3	84.808053E-6
-90.499998E-6	31.128960E-3	51.670457E-6	31.001704E-3	57.798530E-6	31.015556E-3	-26.929225E-6	30.837564E-3	23.727029E-6
-90.000001E-6	31.115538E-3	68.583802E-6	30.969759E-3	-42.261112E-6	31.061184E-3	58.018573E-6	30.851163E-3	-70.068156E-6
-89.499998E-6	31.145491E-3	-6.2033910E-6	30.923072E-3	-87.565328E-6	31.094128E-3	45.032157E-6	30.880133E-3	-47.958827E-6
-88.999994E-6	31.136701E-3	-79.199170E-6	30.909644E-3	18.755984E-6	31.055253E-3	-40.076964E-6	30.858336E-3	34.062949E-6
-88.499997E-6	31.151550E-3	-72.289709E-6	30.897282E-3	89.789268E-6	30.976901E-3	-88.926747E-6	30.966083E-3	73.725088E-6
-88.000001E-6	31.146569E-3	32.975739E-6	30.876338E-3	2.0528319E-6	30.873202E-3	3.9118481E-6	31.255327E-3	-9.3986655E-6
-87.499997E-6	31.112740E-3	63.121945E-6	30.864939E-3	-76.395932E-6	30.817922E-3	61.116931E-6	31.229310E-3	-90.133122E-6
-87.000000E-6	31.074744E-3	23.369308E-6	30.890355E-3	-29.301103E-6	30.738566E-3	12.873985E-6	30.965840E-3	-31.244261E-6
-86.499997E-6	31.050786E-3	-71.798495E-6	30.853486E-3	44.814973E-6	30.660752E-3	-64.741405E-6	30.991543E-3	34.990724E-6
-86.000000E-6	31.085612E-3	-78.765202E-6	30.850306E-3	59.453138E-6	30.633822E-3	-55.735440E-6	30.973895E-3	26.244194E-6
-85.499996E-6	31.023916E-3	8.8408706E-6	30.809866E-3	-40.714283E-6	30.630467E-3	45.175537E-6	31.002888E-3	-31.462263E-6
-85.000000E-6	31.002339E-3	80.104975E-6	30.822396E-3	-63.928994E-6	30.574400E-3	69.552771E-6	31.017942E-3	-63.696942E-6
-84.499996E-6	30.989904E-3	54.415734E-6	30.738587E-3	28.925519E-6	30.591769E-3	-7.7788045E-6	31.073356E-3	-19.169933E-6
-83.999999E-6	30.908240E-3	-32.443557E-6	30.623036E-3	64.842090E-6	30.594870E-3	-71.639508E-6	31.059526E-3	50.081384E-6
-83.499996E-6	30.918539E-3	-69.264919E-6	30.468764E-3	7.1983472E-6	30.654822E-3	906.05511E-9	31.096598E-3	25.192125E-6
-82.999999E-6	30.893203E-3	-16.161846E-6	30.410677E-3	-73.313684E-6	30.580735E-3	89.414352E-6	31.111959E-3	-59.626378E-6
-82.499995E-6	30.901523E-3	74.907468E-6	30.369248E-3	-42.088661E-6	30.591490E-3	32.979216E-6	31.154336E-3	-77.245357E-6
-81.999999E-6	30.900665E-3	55.759509E-6	30.396011E-3	50.801613E-6	30.566623E-3	-67.045272E-6	31.179838E-3	5.0811723E-6
-81.499995E-6	30.884746E-3	-40.214556E-6	30.425929E-3	40.330273E-6	30.486969E-3	-65.247179E-6	31.209972E-3	38.911774E-6
-80.999998E-6	30.861882E-3	-73.907526E-6	30.557444E-3	-34.660385E-6	30.458611E-3	54.417054E-6	31.306401E-3	8.4331105E-6
-80.500002E-6	30.838450E-3	-21.558033E-6	30.572291E-3	-57.235393E-6	30.437928E-3	62.902531E-6	31.343699E-3	-68.584995E-6
-79.999998E-6	30.816941E-3	49.209222E-6	30.634807E-3	21.768741E-6	30.295547E-3	-32.706772E-6	31.356834E-3	-61.475905E-6
-79.499994E-6	30.800076E-3	60.290316E-6	30.667637E-3	79.706675E-6	30.231001E-3	-83.728810E-6	31.337976E-3	41.654563E-6
-78.999998E-6	30.808082E-3	-15.896725E-6	30.738423E-3	30.679865E-6	30.211564E-3	-4.1725380E-6	31.354006E-3	53.243446E-6
-78.500001E-6	30.757997E-3	-65.931214E-6	30.704459E-3	-78.578749E-6	30.220894E-3	66.679422E-6	31.340279E-3	-9.9725748E-6
-77.999997E-6	30.758051E-3	-64.458989E-6	30.702412E-3	-39.343013E-6	30.299749E-3	15.822692E-6	31.308878E-3	-69.620677E-6
-77.499993E-6	30.761084E-3	44.998644E-6	30.745378E-3	62.209518E-6	30.357137E-3	-71.699695E-6	31.273413E-3	-62.960367E-6
-76.999997E-6	30.751510E-3	54.275326E-6	30.751629E-3	43.761032E-6	30.470474E-3	-55.394659E-6	31.271785E-3	55.163062E-6
-76.500000E-6	30.702077E-3	5.5423893E-6	30.773727E-3	-36.750975E-6	30.581404E-3	35.656518E-6	31.236228E-3	64.047723E-6
-75.999997E-6	30.670088E-3	-65.392727E-6	30.778445E-3	-82.412305E-6	30.628791E-3	53.324540E-6	31.183943E-3	-26.700514E-6
-75.500000E-6	30.670719E-3	-65.885812E-6	30.760480E-3	-8.4189096E-6	30.656980E-3	-38.082981E-6	31.144911E-3	-75.607924E-6
-74.999996E-6	30.686287E-3	42.744738E-6	30.793054E-3	63.250525E-6	30.665630E-3	-96.790041E-6	31.114193E-3	-14.175535E-6
-74.500000E-6	30.685550E-3	60.251576E-6	30.838771E-3	4.2237980E-6	30.673278E-3	-12.841861E-6	31.075291E-3	71.110670E-6
-73.999996E-6	30.704148E-3	25.611471E-6	30.907633E-3	-84.424384E-6	30.679155E-3	73.709409E-6	31.032126E-3	54.136475E-6
-73.499999E-6	30.689618E-3	-75.843898E-6	30.997612E-3	-52.197243E-6	30.667527E-3	18.848950E-6	31.026993E-3	-14.945253E-6
-72.999996E-6	30.712990E-3	-68.640737E-6	31.063916E-3	46.657518E-6	30.736702E-3	-74.597032E-6	31.028513E-3	-79.526100E-6
-72.499999E-6	30.708436E-3	10.082059E-6	31.114437E-3	54.210566E-6	30.706527E-3	-49.021066E-6	31.031830E-3	278.31607E-9
-71.999995E-6	30.697044E-3	67.565059E-6	31.197865E-3	-30.020647E-6	30.751789E-3	42.857824E-6	30.970646E-3	72.334493E-6
-71.499999E-6	30.652681E-3	34.210621E-6	31.244826E-3	-90.059351E-6	30.814083E-3	68.355999E-6	31.113023E-3	27.609865E-6
-70.999995E-6	30.637961E-3	-53.219872E-6	31.261642E-3	-14.990531E-6	30.909548E-3	-36.307112E-6	31.136118E-3	-44.732617E-6
-70.499998E-6	30.672343E-3	-79.707032E-6	31.167051E-3	78.620978E-6	31.004839E-3	-82.665392E-6	31.086212E-3	-65.990847E-6
-69.999995E-6	30.656146E-3	-2.7734313E-6	31.103294E-3	31.828735E-6	31.064661E-3	-1.5546116E-6	31.034457E-3	-3.7028844E-6
-69.499998E-6	30.628035E-3	46.349258E-6	31.066887E-3	-80.298792E-6	31.114658E-3	75.428317E-6	31.024301E-3	62.933526E-6
-69.000002E-6	30.584142E-3	61.163060E-6	31.000743E-3	-67.674016E-6	31.076968E-3	19.582763E-6	31.007385E-3	8.1242752E-6
-68.499998E-6	30.565944E-3	-19.774265E-6	30.925881E-3	27.626475E-6	31.062737E-3	-61.548904E-6	31.014314E-3	-46.254590E-6
-67.999994E-6	30.556535E-3	-68.042551E-6	30.918295E-3	50.567749E-6	30.945487E-3	-36.078152E-6	31.016903E-3	-82.323146E-6
-67.499997E-6	30.699393E-3	-55.995930E-6	30.959958E-3	-13.828006E-6	30.871967E-3	41.101535E-6	30.972481E-3	-2.2934262E-6
-67.000001E-6	30.759282E-3	41.068848E-6	30.994307E-3	-68.834066E-6	30.790377E-3	48.596932E-6	30.997276E-3	53.225649E-6
-66.499997E-6	30.739103E-3	46.374564E-6	30.962279E-3	-8.9000478E-6	30.708995E-3	-11.083397E-6	30.952774E-3	20.712363E-6
-65.999993E-6	30.709827E-3	13.206575E-6	30.996095E-3	67.698078E-6	30.659979E-3	-100.15000E-6	30.899761E-3	-85.219443E-6
-65.499997E-6	30.682182E-3	-52.525160E-6	30.950593E-3	20.959635E-6	30.614929E-3	-8.8122133E-6	30.963738E-3	-49.026192E-6
-65.000000E-6	30.688459E-3	-72.863972E-6	30.900991E-3	-67.710323E-6	30.567421E-3	58.194371E-6	30.969681E-3	42.970816E-6
-64.499996E-6	30.674430E-3	-19.493784E-6	30.914742E-3	-49.336220E-6	30.624835E-3	29.721108E-6	30.933848E-3	70.919610E-6
-63.999993E-6	30.719746E-3	62.181076E-6	30.836897E-3	40.699535E-6	30.589506E-3	-58.446843E-6	30.931300E-3	-758.34470E-9
-63.499996E-6	30.798454E-3	51.466057E-6	30.854190E-3	61.805593E-6	30.586082E-3	-73.070958E-6	30.901127E-3	-78.351419E-6
-62.999999E-6	30.721767E-3	-7.3231549E-6	30.765098E-3	-4.8038933E-6	30.563314E-3	4.6962182E-6	30.913660E-3	-21.378084E-6
-62.499996E-6	30.683152E-3	-69.898066E-6	30.654164E-3	-96.250194E-6	30.584600E-3	79.286590E-6	30.897463E-3	55.774213E-6
-61.999999E-6	30.606339E-3	-63.799809E-6	30.566690E-3	-13.038266E-6	30.578952E-3	929.07891E-9	30.904425E-3	34.073295E-6
-61.500003E-6	30.570280E-3	47.172292E-6	30.475967E-3	68.518915E-6	30.539161E-3	-87.814056E-6	30.870060E-3	-22.381284E-6
-60.999999E-6	30.602865E-3	78.104349E-6	30.445773E-3	40.947827E-6	30.461693E-3	-45.184031E-6	30.839037E-3	-68.438458E-6
-60.499999E-6	30.591303E-3	22.517179E-6	30.352786E-3	-56.811921E-6	30.474726E-3	66.143592E-6	30.799644E-3	20.267302E-6
-59.999998E-6	30.590745E-3	-54.547181E-6	30.373819E-3	-78.912875E-6	30.458273E-3	73.693504E-6	30.631131E-3	55.175937E-6
-59.499998E-6	30.618904E-3	-75.476819E-6	30.417992E-3	17.043105E-6	30.413197E-3	-21.694070E-6	30.625852E-3	26.980557E-6
-58.999998E-6	30.648386E-3	-13.028636E-6	30.654179E-3	83.512714E-6	30.396568E-3	-71.790273E-6	30.604864E-3	-63.785803E-6
-58.499998E-6	30.735575E-3	69.421418E-6	30.729186E-3	-1.3828603E-6	30.351203E-3	-17.814096E-6	30.565094E-3	-61.593571E-6
-57.999998E-6	30.741593E-3	51.747964E-6	30.757358E-3	-99.811208E-6	30.307606E-3	66.098502E-6	30.490488E-3	35.752029E-6
-57.499998E-6	30.834647E-3	-15.442907E-6	30.856157E-3	-38.698909E-6	30.366698E-3	32.411685E-6	30.484905E-3	73.984011E-6
-56.999997E-6	30.858623E-3	-70.337315E-6	30.871209E-3	52.754778E-6	30.304873E-3	-64.234271E-6	30.574407E-3	-11.241377E-6
-56.499997E-6	30.872345E-3	-54.455759E-6	30.889817E-3	54.103344E-6	30.305566E-3	-82.306316E-6	30.623369E-3	-78.707038E-6
-55.999997E-6	30.984756E-3	34.444507E-6	30.899482E-3	-60.390717E-6	30.249618E-3	28.631019E-6	30.664932E-3	-49.262755E-6
-55.499997E-6	30.963749E-3	91.346068E-6	30.924464E-3	-64.306776E-6	30.230554E-3	82.680381E-6	30.686233E-3	47.525788E-6
-54.999997E-6	30.988641E-3	12.522594E-6	30.916451E-3	14.600536E-6	30.288106E-3	25.308529E-6	30.751459E-3	71.697505E-6
-54.499997E-6	31.028293E-3	-42.691638E-6	30.920293E-3	72.258212E-6	30.301986E-3	-72.596602E-6	30.851522E-3	-35.126726E-6
-53.999996E-6	31.071080E-3	-67.489484E-6	30.936873E-3	6.9945804E-6	30.479874E-3	-57.958972E-6	30.905573E-3	-90.722911E-6
-53.499996E-6	30.995168E-3	629.32747E-9	30.953240E-3	-64.230720E-6	30.452419E-3	33.105851E-6	30.967401E-3	-4.6164564E-6
-52.999996E-6	31.057242E-3	70.140748E-6	31.020060E-3	-29.162473E-6	30.440040E-3	42.459378E-6	30.986518E-3	70.054390E-6
-52.499996E-6	31.059589E-3	37.995698E-6	31.088084E-3	38.228809E-6	30.535568E-3	-26.890742E-6	31.026559E-3	19.639372E-6
-51.999996E-6	31.028409E-3	-49.580194E-6	31.162474E-3	47.512160E-6	30.593883E-3	-97.247626E-6	31.048592E-3	-50.775401E-6
-51.499999E-6	31.065989E-3	-76.010750E-6	31.280451E-3	-43.953103E-6	30.626968E-3	-18.997793E-6	31.050017E-3	-65.282504E-6
-50.999999E-6	31.059921E-3	-54.221000E-6	31.330563E-3	-54.393811E-6	30.647999E-3	68.278554E-6	31.033425E-3	27.379525E-6
-50.499999E-6	31.055311E-3	55.841047E-6	31.422038E-3	44.867105E-6	30.687196E-3	31.297695E-6	31.033697E-3	66.176275E-6
-49.999999E-6	31.041356E-3	79.332000E-6	31.372320E-3	80.837846E-6	30.710950E-3	-59.197489E-6	31.065643E-3	11.509099E-6
-49.499999E-6	31.059418E-3	3.5274286E-6	31.329133E-3	3.3470178E-6	30.646715E-3	-48.324997E-6	31.062327E-3	-71.638809E-6
-48.999998E-6	31.075353E-3	-71.544244E-6	31.260446E-3	-100.59973E-6	30.634589E-3	44.739787E-6	31.058617E-3	-52.230123E-6
-48.499998E-6	31.093448E-3	-47.876390E-6	31.193363E-3	-32.267057E-6	30.671027E-3	62.962456E-6	31.061223E-3	63.870080E-6
-47.999998E-6	31.071408E-3	17.978966E-6	31.141965E-3	62.897387E-6	30.681061E-3	-8.6333494E-6	31.094300E-3	81.265884E-6
-47.499998E-6	31.070640E-3	76.189150E-6	31.048756E-3	46.654721E-6	30.704739E-3	-66.061919E-6	31.102300E-3	-35.874684E-6
-46.999998E-6	31.044286E-3	29.587134E-6	31.056928E-3	-44.735280E-6	30.721471E-3	-17.263841E-6	31.096850E-3	-60.266644E-6
-46.499998E-6	30.984646E-3	-62.687483E-6	31.035081E-3	-77.172226E-6	30.760894E-3	72.161740E-6	31.202035E-3	-16.444124E-6
-45.999997E-6	31.070136E-3	-82.473525E-6	31.082885E-3	24.290473E-6	30.836573E-3	30.769344E-6	31.182285E-3	65.337146E-6
-45.499997E-6	31.112282E-3	-1.9049381E-6	31.027194E-3	74.506403E-6	30.982614E-3	-72.414186E-6	31.266965E-3	31.992382E-6
-44.999997E-6	31.097561E-3	75.337550E-6	31.051420E-3	-12.011451E-6	31.042846E-3	-57.090365E-6	31.336527E-3	-53.216307E-6
-44.499997E-6	31.113112E-3	33.600216E-6	31.037757E-3	-87.568915E-6	31.017909E-3	54.822336E-6	31.566307E-3	-57.671023E-6
-43.999997E-6	31.107098E-3	-27.438149E-6	31.036507E-3	-20.576199E-6	30.969081E-3	66.746252E-6	31.686347E-3	20.186677E-6
-43.499997E-6	31.102443E-3	-64.551961E-6	31.002805E-3	52.851050E-6	30.885940E-3	-22.476586E-6	31.684920E-3	75.231641E-6
-42.999996E-6	31.092267E-3	15.058476E-6	30.972332E-3	34.236800E-6	30.722775E-3	-66.086090E-6	31.722687E-3	10.277076E-6
-42.499996E-6	31.080663E-3	65.036773E-6	30.956246E-3	-46.553629E-6	30.669479E-3	-5.8143596E-6	31.746261E-3	-89.544272E-6
-41.999996E-6	31.161221E-3	57.594651E-6	30.886251E-3	-71.944036E-6	30.598314E-3	95.915588E-6	31.739768E-3	-40.344203E-6
-41.499996E-6	31.134231E-3	-20.279807E-6	30.700512E-3	209.67956E-9	30.591141E-3	5.3402500E-6	31.614993E-3	85.000451E-6
-40.999999E-6	31.136397E-3	-97.146010E-6	30.737368E-3	86.793487E-6	30.547623E-3	-91.435366E-6	31.309444E-3	55.386809E-6
-40.499999E-6	31.188352E-3	-24.865620E-6	30.644169E-3	14.283608E-6	30.530658E-3	-43.617132E-6	31.261396E-3	-21.110140E-6
-39.999999E-6	31.238841E-3	52.912397E-6	30.600447E-3	-69.041518E-6	30.576529E-3	51.927054E-6	31.254523E-3	-102.44620E-6
-39.499999E-6	31.213192E-3	57.482761E-6	30.538930E-3	-48.270176E-6	30.554509E-3	57.527624E-6	31.175530E-3	1.0336174E-6
-38.999999E-6	31.249573E-3	-6.7424585E-6	30.565448E-3	25.427073E-6	30.560872E-3	-31.831296E-6	31.134913E-3	70.046895E-6
-38.499995E-6	31.311426E-3	-73.624135E-6	30.584930E-3	65.184286E-6	30.561902E-3	-73.627445E-6	31.135393E-3	41.447078E-6
-37.999998E-6	31.344425E-3	-70.896422E-6	30.634264E-3	-15.257859E-6	30.502960E-3	39.941064E-6	31.082179E-3	-60.512299E-6
-37.499995E-6	31.371444E-3	25.203250E-6	30.744612E-3	-86.716471E-6	30.416064E-3	81.284597E-6	31.073038E-3	-66.297172E-6
-36.999998E-6	31.382408E-3	74.702555E-6	30.782662E-3	-7.9952306E-6	30.331152E-3	-7.6728184E-6	31.024365E-3	8.0549698E-6
-36.499994E-6	31.406756E-3	42.775795E-6	30.800471E-3	59.154056E-6	30.274555E-3	-78.001249E-6	31.023979E-3	70.130132E-6
-35.999998E-6	31.423781E-3	-63.420077E-6	30.852418E-3	8.7013104E-6	30.170102E-3	-18.409843E-6	30.982995E-3	6.0610282E-6
-35.500001E-6	31.436559E-3	-95.047239E-6	30.893909E-3	-52.345251E-6	30.163260E-3	88.156048E-6	30.993139E-3	-73.420051E-6
-34.999997E-6	31.429049E-3	5.2668543E-6	30.882204E-3	-76.869364E-6	30.250220E-3	62.846651E-6	31.010516E-3	-54.995395E-6
-34.500001E-6	31.463847E-3	56.236309E-6	30.891057E-3	22.983111E-6	30.360939E-3	-36.137761E-6	30.969903E-3	32.623666E-6
-33.999997E-6	31.452335E-3	45.935834E-6	30.903857E-3	68.885398E-6	30.440651E-3	-73.429488E-6	30.968761E-3	54.866068E-6
-33.500000E-6	31.381119E-3	-28.352964E-6	30.915245E-3	-9.6368658E-6	30.569777E-3	29.267319E-6	30.945301E-3	-28.332512E-6
-32.999997E-6	31.385724E-3	-72.213625E-6	30.860141E-3	-71.184302E-6	30.612478E-3	63.543463E-6	30.952470E-3	-72.473835E-6
-32.500000E-6	31.365898E-3	-25.322750E-6	30.915540E-3	-26.551572E-6	30.811997E-3	-8.0448262E-6	30.966746E-3	-31.300031E-6
-31.999996E-6	31.341765E-3	55.102399E-6	30.950546E-3	31.014333E-6	30.826677E-3	-84.500716E-6	30.934192E-3	65.660330E-6
-31.500000E-6	31.332470E-3	59.106696E-6	30.945148E-3	69.506634E-6	30.845977E-3	-32.789583E-6	30.938480E-3	52.979318E-6
-30.999996E-6	31.357657E-3	-17.521559E-6	30.952584E-3	-42.637919E-6	30.821389E-3	53.683172E-6	30.937120E-3	-54.073265E-6
-30.499999E-6	31.319275E-3	-59.713551E-6	30.952685E-3	-78.812685E-6	30.787842E-3	43.630051E-6	30.870764E-3	-63.192390E-6
-29.999996E-6	31.312946E-3	-37.180132E-6	30.956492E-3	-20.315483E-6	30.825388E-3	-57.191228E-6	30.847499E-3	8.4627691E-6
-29.499999E-6	31.258706E-3	54.351720E-6	30.969659E-3	78.930323E-6	30.830652E-3	-79.729536E-6	30.780746E-3	74.114418E-6
-28.999995E-6	31.238290E-3	70.565125E-6	31.048160E-3	27.712960E-6	30.851107E-3	6.6709822E-6	30.720739E-3	18.762830E-6
-28.499999E-6	31.271476E-3	3.8216881E-6	31.041395E-3	-63.144435E-6	30.858705E-3	50.145161E-6	30.674286E-3	-54.431493E-6
-27.999995E-6	31.101642E-3	-75.634605E-6	31.130765E-3	-56.040786E-6	30.910688E-3	2.2268825E-6	30.632384E-3	-52.676700E-6
-27.499998E-6	31.078434E-3	-50.693561E-6	31.238999E-3	29.028057E-6	31.013947E-3	-73.295050E-6	30.584777E-3	44.162163E-6
-26.999995E-6	31.043572E-3	20.713338E-6	31.285759E-3	63.810425E-6	31.083623E-3	-30.021702E-6	30.581100E-3	80.192083E-6
-26.499998E-6	31.034183E-3	79.558515E-6	31.312980E-3	-10.107246E-6	31.146124E-3	64.079417E-6	30.597225E-3	-38.009348E-6
-25.999994E-6	31.040434E-3	26.956948E-6	31.385392E-3	-74.085765E-6	31.176126E-3	40.264582E-6	30.663542E-3	-54.347747E-6
-25.499998E-6	31.048700E-3	-71.836082E-6	31.384159E-3	-27.263250E-6	31.153269E-3	-61.654689E-6	30.657316E-3	-36.134839E-6
-25.000001E-6	31.058157E-3	-51.271953E-6	31.371132E-3	51.623414E-6	31.053862E-3	-91.036876E-6	30.757282E-3	61.728009E-6
-24.499997E-6	31.059880E-3	14.925638E-6	31.351000E-3	51.679537E-6	30.939260E-3	30.759904E-6	30.809499E-3	40.434454E-6
-24.000001E-6	31.033400E-3	63.672487E-6	31.288207E-3	-31.254771E-6	30.843934E-3	66.734952E-6	30.851634E-3	-75.797099E-6
-23.499997E-6	31.036505E-3	-1.6504284E-6	31.225629E-3	-81.620463E-6	30.806597E-3	-6.6715552E-6	30.839065E-3	-66.048444E-6
-23.000001E-6	31.026386E-3	-73.044052E-6	31.186840E-3	10.407848E-6	30.743212E-3	-69.415335E-6	30.867528E-3	2.7298372E-6
-22.499997E-6	31.070175E-3	-94.516043E-6	31.089190E-3	58.986345E-6	30.697554E-3	-25.587127E-6	30.933196E-3	64.230189E-6
-22.000000E-6	31.089265E-3	10.242120E-6	31.015866E-3	26.678521E-6	30.678963E-3	54.469718E-6	30.971551E-3	17.745249E-6
-21.499996E-6	31.128297E-3	61.034851E-6	31.031137E-3	-39.100567E-6	30.669393E-3	52.576481E-6	30.954011E-3	-89.454916E-6
-21.000000E-6	31.084064E-3	27.990578E-6	31.052675E-3	-70.322938E-6	30.658569E-3	-57.123190E-6	30.929402E-3	-33.942553E-6
-20.499996E-6	31.101776E-3	-85.115658E-6	31.033056E-3	32.245804E-6	30.687826E-3	-67.319575E-6	30.914539E-3	46.851346E-6
-19.999999E-6	31.137150E-3	-48.171562E-6	31.007104E-3	75.456781E-6	30.667471E-3	38.355538E-6	30.929316E-3	56.997334E-6
-19.499996E-6	31.153588E-3	-6.4122182E-6	30.979302E-3	-15.674299E-6	30.634630E-3	63.338637E-6	30.996926E-3	-22.490329E-6
-18.999999E-6	31.103440E-3	70.221693E-6	30.966919E-3	-73.225448E-6	30.633017E-3	-13.399313E-6	31.110289E-3	-92.068956E-6
-18.499995E-6	31.110035E-3	13.674077E-6	30.944925E-3	-50.441246E-6	30.586053E-3	-76.460172E-6	31.058522E-3	10.287824E-6
-17.999999E-6	31.133860E-3	-52.017855E-6	30.948669E-3	65.185879E-6	30.518591E-3	-13.490649E-6	31.090058E-3	80.257363E-6
-17.499995E-6	31.145258E-3	-45.295870E-6	31.002874E-3	36.598081E-6	30.414632E-3	71.374343E-6	31.068994E-3	40.795632E-6
-16.999998E-6	31.212412E-3	29.666042E-6	30.990304E-3	-51.798212E-6	30.370973E-3	37.160484E-6	31.102592E-3	-55.162065E-6
-16.499995E-6	31.219395E-3	81.459970E-6	31.029087E-3	-58.521979E-6	30.326227E-3	-47.287911E-6	31.134186E-3	-61.821898E-6
-15.999998E-6	31.213934E-3	24.214503E-6	30.875947E-3	5.9154991E-6	30.316422E-3	-50.765757E-6	31.185996E-3	28.707154E-6
-15.499994E-6	31.250872E-3	-60.342762E-6	30.830951E-3	67.768888E-6	30.348567E-3	21.995762E-6	31.248139E-3	72.258379E-6
-14.999998E-6	31.242894E-3	-78.349214E-6	30.770717E-3	19.261151E-6	30.416552E-3	69.348665E-6	31.256009E-3	17.416469E-6
-14.500001E-6	31.311866E-3	25.104784E-6	30.717444E-3	-59.639649E-6	30.554524E-3	-21.685204E-6	31.217216E-3	-75.169337E-6
-13.999997E-6	31.307898E-3	61.318911E-6	30.642278E-3	-53.547174E-6	30.607304E-3	-67.311972E-6	31.266022E-3	-28.957929E-6
-13.500001E-6	31.292316E-3	-561.66454E-9	30.571688E-3	78.625926E-6	30.647075E-3	-24.870535E-6	31.314526E-3	43.662702E-6
-12.999997E-6	31.292439E-3	-60.212435E-6	30.521397E-3	64.777036E-6	30.672435E-3	76.272598E-6	31.313129E-3	58.864469E-6
-12.500001E-6	31.294838E-3	-49.876504E-6	30.502494E-3	-18.176515E-6	30.738669E-3	43.785898E-6	31.408142E-3	-15.722908E-6
-11.999997E-6	31.323332E-3	31.234587E-6	30.436197E-3	-65.809727E-6	30.734612E-3	-56.248915E-6	31.444438E-3	-59.575188E-6
-11.500000E-6	31.257611E-3	84.294254E-6	30.441003E-3	-14.738529E-6	30.736484E-3	-67.672867E-6	31.416260E-3	-37.259029E-6
-10.999996E-6	31.284112E-3	223.77672E-9	30.448308E-3	81.343867E-6	30.669896E-3	4.9658361E-6	31.431984E-3	53.628624E-6
-10.500000E-6	31.281251E-3	-93.195056E-6	30.473363E-3	50.489878E-6	30.636741E-3	79.717756E-6	31.413242E-3	40.392184E-6
-9.9999961E-6	31.255789E-3	-58.118916E-6	30.574348E-3	-45.528897E-6	30.633446E-3	-9.1463698E-6	31.371929E-3	-26.692240E-6
-9.4999996E-6	31.207312E-3	51.645082E-6	30.644074E-3	-84.112180E-6	30.651165E-3	-71.367060E-6	31.308740E-3	-62.410225E-6
-8.9999958E-6	31.197155E-3	56.616278E-6	30.676292E-3	13.463024E-6	30.680303E-3	-40.837891E-6	31.252243E-3	-34.460438E-6
-8.4999992E-6	31.123845E-3	-19.463660E-6	30.719511E-3	68.288660E-6	30.639606E-3	50.229984E-6	31.239472E-3	21.970285E-6
-7.9999954E-6	31.116322E-3	-77.161269E-6	30.760745E-3	6.3945172E-6	30.689523E-3	36.721780E-6	31.457439E-3	43.203832E-6
-7.4999989E-6	31.070620E-3	-25.553669E-6	30.812273E-3	-71.573260E-6	30.704645E-3	-40.908759E-6	31.354699E-3	-39.464241E-6
-6.9999951E-6	31.040017E-3	56.679084E-6	30.822786E-3	-67.789369E-6	30.720178E-3	-76.038064E-6	31.060670E-3	-86.133055E-6
-6.4999986E-6	31.009383E-3	43.470671E-6	30.805457E-3	32.675038E-6	30.723184E-3	-23.127252E-6	31.030685E-3	4.9606174E-6
-5.9999948E-6	30.980434E-3	-33.282049E-6	30.803224E-3	60.748072E-6	30.829739E-3	77.710880E-6	31.033343E-3	86.292748E-6
-5.4999982E-6	30.982010E-3	-74.591277E-6	30.781824E-3	-35.467623E-6	30.793376E-3	26.767962E-6	31.015566E-3	22.118436E-6
-4.9999944E-6	30.966353E-3	-25.160918E-6	30.793624E-3	-62.302177E-6	30.858895E-3	-84.619991E-6	31.003900E-3	-67.121800E-6
-4.4999979E-6	30.952742E-3	74.591619E-6	30.760901E-3	-19.237597E-6	30.905098E-3	-54.794400E-6	30.989829E-3	-74.172633E-6
-3.9999941E-6	30.962447E-3	45.494737E-6	30.784395E-3	54.123124E-6	30.890675E-3	43.506920E-6	30.968605E-3	38.309579E-6
-3.4999975E-6	30.965943E-3	-59.191756E-6	30.741632E-3	34.071141E-6	30.862190E-3	50.310275E-6	30.949296E-3	63.467603E-6
-3.0000010E-6	30.929077E-3	-85.309199E-6	30.727236E-3	-68.864232E-6	30.819220E-3	-616.12627E-9	30.966779E-3	-7.4852701E-6
-2.4999972E-6	30.954944E-3	5.7550751E-6	30.807385E-3	-98.399600E-6	30.832531E-3	-95.139148E-6	30.952759E-3	-77.667115E-6
-2.0000007E-6	30.936264E-3	72.352435E-6	30.840453E-3	21.716342E-6	30.826634E-3	-39.802919E-6	30.943273E-3	-26.209242E-6
-1.4999969E-6	30.961521E-3	21.565813E-6	30.875262E-3	80.778023E-6	30.741513E-3	66.409906E-6	30.969184E-3	45.674267E-6
-1.0000003E-6	30.963983E-3	-62.897896E-6	30.945819E-3	-7.2487283E-6	30.658664E-3	50.481696E-6	30.956140E-3	71.300215E-6
-499.99653E-9	30.964023E-3	-72.497220E-6	31.049335E-3	-74.893527E-6	30.640693E-3	-58.663176E-6	30.935226E-3	-1.7836970E-6
0.0000000E+0	30.908771E-3	7.4433697E-6	31.203810E-3	-15.193773E-6	30.665005E-3	-68.492292E-6	30.950788E-3	-84.250933E-6
500.00381E-9	30.937595E-3	79.291807E-6	31.241778E-3	67.838439E-6	30.658722E-3	-2.4130059E-6	30.933687E-3	-54.937158E-6
1.0000003E-6	30.922333E-3	-6.7978194E-6	31.295605E-3	68.300025E-6	30.657953E-3	74.000724E-6	31.037642E-3	29.671628E-6
1.5000041E-6	30.953191E-3	-68.429232E-6	31.311382E-3	-55.769393E-6	30.619407E-3	-10.313418E-6	30.986480E-3	67.848407E-6
2.0000007E-6	30.966045E-3	-58.007408E-6	31.319164E-3	-73.136995E-6	30.607726E-3	-67.703899E-6	30.995736E-3	-21.393664E-6
2.5000045E-6	30.942624E-3	31.854644E-6	31.268086E-3	14.341729E-6	30.591885E-3	-41.408064E-6	30.959824E-3	-67.913439E-6
3.0000010E-6	30.941851E-3	61.466322E-6	31.229567E-3	51.878604E-6	30.607879E-3	41.586907E-6	30.950386E-3	-24.503368E-6
3.5000048E-6	30.938599E-3	2.8145382E-6	31.192059E-3	26.545802E-6	30.603668E-3	84.390493E-6	30.985173E-3	74.725016E-6
4.0000014E-6	30.974062E-3	-59.829599E-6	31.042447E-3	-61.030718E-6	30.612851E-3	-13.104831E-6	30.981191E-3	50.148057E-6
4.5000052E-6	30.928494E-3	-71.637012E-6	30.987915E-3	-48.244587E-6	30.613434E-3	-80.136480E-6	30.972540E-3	-44.937533E-6
5.0000017E-6	30.941591E-3	30.632844E-6	30.963136E-3	58.998914E-6	30.590177E-3	-8.3906916E-6	30.953264E-3	-85.275795E-6
5.5000055E-6	30.915774E-3	86.511878E-6	30.937642E-3	62.543870E-6	30.555330E-3	57.327550E-6	30.941209E-3	-15.327973E-6
6.0000020E-6	30.928893E-3	43.842363E-6	30.910050E-3	-20.107242E-6	30.525079E-3	42.860822E-6	31.162022E-3	75.812619E-6
6.5000058E-6	30.958172E-3	-51.118408E-6	30.923532E-3	-73.012081E-6	30.466376E-3	-57.895199E-6	31.118637E-3	33.082601E-6
7.0000024E-6	30.968249E-3	-65.713393E-6	30.887000E-3	-56.495664E-6	30.389480E-3	-74.472679E-6	31.108001E-3	-47.372971E-6
7.4999989E-6	30.913157E-3	25.790707E-6	30.885523E-3	54.984328E-6	30.327374E-3	33.233329E-6	30.869544E-3	-76.833327E-6
8.0000027E-6	30.940618E-3	57.537585E-6	30.840095E-3	37.557897E-6	30.344022E-3	69.279500E-6	30.795718E-3	-1.9379024E-6
8.4999992E-6	30.935369E-3	46.798556E-6	30.855753E-3	-49.473878E-6	30.278139E-3	-11.852827E-6	30.753305E-3	71.434675E-6
9.0000030E-6	30.936928E-3	-59.837937E-6	30.882893E-3	-88.153873E-6	30.206280E-3	-62.849307E-6	30.735089E-3	26.234380E-6
9.4999996E-6	30.933199E-3	-48.440601E-6	30.856097E-3	7.1912309E-6	30.266084E-3	-42.590571E-6	30.478982E-3	-68.385430E-6
10.000003E-6	30.964978E-3	5.4967331E-6	30.848162E-3	56.691944E-6	30.323679E-3	59.869559E-6	30.474411E-3	-62.216517E-6
10.500000E-6	30.924514E-3	76.311801E-6	30.837869E-3	22.300746E-6	30.391499E-3	71.330331E-6	30.390028E-3	28.097498E-6
11.000004E-6	30.914845E-3	46.091132E-6	30.814033E-3	-77.525394E-6	30.450389E-3	-21.950495E-6	30.390639E-3	66.130349E-6
11.500000E-6	30.945973E-3	-51.319221E-6	30.836873E-3	-47.130459E-6	30.525578E-3	-95.037780E-6	30.389586E-3	-1.1051436E-6
12.000004E-6	31.133220E-3	-44.809076E-6	30.796226E-3	17.124617E-6	30.540595E-3	-28.716779E-6	30.386247E-3	-68.656009E-6
12.500001E-6	31.138213E-3	27.264070E-6	30.723779E-3	70.036775E-6	30.628677E-3	66.369190E-6	30.370049E-3	-25.754451E-6
13.000004E-6	31.109376E-3	74.035757E-6	30.650286E-3	-15.287227E-6	30.667989E-3	46.580441E-6	30.440159E-3	55.227491E-6
13.500001E-6	31.087196E-3	-3.5565313E-6	30.549923E-3	-64.852255E-6	30.659966E-3	-44.430450E-6	30.418605E-3	63.346764E-6
14.000005E-6	31.095827E-3	-66.791617E-6	30.370258E-3	-11.831177E-6	30.649375E-3	-69.847090E-6	30.455509E-3	-45.291563E-6
14.500001E-6	31.136576E-3	-76.871365E-6	30.331947E-3	40.477400E-6	30.696303E-3	26.804442E-6	30.493570E-3	-75.036405E-6
15.000005E-6	31.090071E-3	23.546636E-6	30.233169E-3	49.163184E-6	30.733701E-3	88.248024E-6	30.526102E-3	-26.268637E-6
15.500002E-6	31.112079E-3	66.253342E-6	30.243918E-3	-40.022616E-6	30.722231E-3	7.1632480E-6	30.583728E-3	54.083132E-6
16.000005E-6	31.115416E-3	22.273116E-6	30.269505E-3	-69.605820E-6	30.730637E-3	-94.439907E-6	30.610465E-3	50.907129E-6
16.500002E-6	31.160487E-3	-74.248921E-6	30.312797E-3	32.692253E-6	30.728068E-3	-42.206728E-6	30.677333E-3	-44.023054E-6
17.000006E-6	31.169415E-3	-45.490189E-6	30.391116E-3	64.135944E-6	30.741544E-3	50.658204E-6	30.708153E-3	-95.782256E-6
17.500002E-6	31.154089E-3	10.306614E-6	30.475497E-3	10.348733E-6	30.738965E-3	61.437240E-6	30.743944E-3	-9.3046783E-6
17.999999E-6	31.154083E-3	50.410126E-6	30.477598E-3	-86.553300E-6	30.727915E-3	-34.427329E-6	30.740833E-3	69.170252E-6
18.500003E-6	31.160915E-3	-3.6813933E-6	30.661952E-3	-44.719385E-6	30.617828E-3	-98.066150E-6	30.821154E-3	30.917618E-6
18.999999E-6	30.960305E-3	-77.547229E-6	30.707974E-3	53.362885E-6	30.619733E-3	-3.2603634E-6	30.817354E-3	-76.714270E-6
19.500003E-6	30.956641E-3	-71.853690E-6	30.703826E-3	45.073393E-6	30.623460E-3	78.564131E-6	30.807637E-3	-60.504983E-6
19.999999E-6	30.946538E-3	42.799202E-6	30.768735E-3	-48.856880E-6	30.755583E-3	13.426124E-6	30.823754E-3	13.177485E-6
20.500003E-6	30.876836E-3	75.108059E-6	30.733433E-3	-74.082302E-6	30.841736E-3	-50.405888E-6	30.853489E-3	73.920935E-6
21.000000E-6	30.867470E-3	-16.162199E-6	30.740984E-3	11.009763E-6	30.874120E-3	-73.596566E-6	30.884637E-3	19.704499E-6
21.500004E-6	30.923713E-3	-63.552972E-6	30.738499E-3	73.283991E-6	30.943785E-3	30.795709E-6	30.932736E-3	-61.761195E-6
22.000000E-6	30.750893E-3	-64.107116E-6	30.757301E-3	3.7810626E-6	31.004449E-3	76.291384E-6	30.889176E-3	-64.429129E-6
22.500004E-6	30.706922E-3	59.373935E-6	30.784814E-3	-68.415728E-6	31.071393E-3	-1.0092506E-6	30.895719E-3	33.028497E-6
23.000008E-6	30.672718E-3	56.894754E-6	30.815819E-3	-42.348616E-6	31.071000E-3	-63.997984E-6	30.875273E-3	87.175846E-6
23.499997E-6	30.616188E-3	-26.116682E-6	30.864229E-3	59.397145E-6	31.080421E-3	-47.939207E-6	30.885631E-3	-16.937322E-6
24.000001E-6	30.595494E-3	-72.826246E-6	30.978542E-3	58.131922E-6	31.092726E-3	53.169646E-6	30.875858E-3	-67.202433E-6
24.500005E-6	30.572463E-3	-41.579253E-6	31.102575E-3	-36.943624E-6	31.071112E-3	68.960318E-6	30.883148E-3	-51.098221E-6
25.000008E-6	30.629681E-3	53.215055E-6	31.210475E-3	-73.361625E-6	30.995915E-3	-55.890239E-6	30.916594E-3	53.048705E-6
25.499998E-6	30.802459E-3	58.977221E-6	31.244980E-3	22.802498E-6	30.927660E-3	-84.210216E-6	30.930379E-3	53.932112E-6
26.000002E-6	30.743431E-3	-14.750635E-6	31.271324E-3	74.383723E-6	30.850334E-3	-2.9198329E-6	30.907786E-3	-24.529538E-6
26.500005E-6	30.707240E-3	-60.071026E-6	31.213969E-3	-114.91850E-9	30.780943E-3	56.439210E-6	30.930705E-3	-49.785238E-6
27.000009E-6	30.651258E-3	-14.641510E-6	31.119751E-3	-77.396675E-6	30.746643E-3	21.903672E-6	30.868653E-3	-6.2657791E-6
27.499998E-6	30.631030E-3	60.170019E-6	31.034654E-3	-33.130502E-6	30.724768E-3	-59.042351E-6	30.813333E-3	72.236384E-6
28.000002E-6	30.632978E-3	52.666135E-6	30.939111E-3	77.547236E-6	30.703166E-3	-53.973992E-6	30.900734E-3	29.745066E-6
28.500006E-6	30.631164E-3	-18.273764E-6	30.949665E-3	50.330829E-6	30.662507E-3	27.204645E-6	31.052291E-3	-49.136241E-6
28.999995E-6	30.698551E-3	-75.536096E-6	30.917371E-3	-55.748871E-6	30.649105E-3	55.308603E-6	31.049371E-3	-66.063949E-6
29.499999E-6	30.721590E-3	581.83906E-9	30.921597E-3	-74.381423E-6	30.614864E-3	-7.6114720E-6	31.127866E-3	-2.3224559E-6
30.000003E-6	30.751960E-3	73.789015E-6	30.909181E-3	41.738189E-6	30.624060E-3	-106.69010E-6	31.150887E-3	73.495437E-6
30.500007E-6	30.812625E-3	43.792730E-6	30.906299E-3	55.566641E-6	30.636469E-3	-41.015344E-6	31.296406E-3	1.3792409E-6
30.999996E-6	30.861853E-3	-63.408159E-6	30.884743E-3	-20.714380E-6	30.590411E-3	63.223415E-6	31.459618E-3	-68.668705E-6
31.500000E-6	30.896259E-3	-69.759612E-6	30.849326E-3	-86.496191E-6	30.600188E-3	53.590986E-6	31.439923E-3	-52.246869E-6
32.000004E-6	30.737545E-3	16.166872E-6	30.782450E-3	-30.630843E-6	30.611804E-3	-42.071257E-6	31.482939E-3	32.787430E-6
32.500007E-6	30.736843E-3	64.796637E-6	30.762702E-3	83.478728E-6	30.546015E-3	-75.139971E-6	31.239899E-3	67.826244E-6
32.999997E-6	30.738743E-3	18.271603E-6	30.660419E-3	36.175094E-6	30.557979E-3	-2.6366413E-6	31.198582E-3	-30.807179E-6
33.500000E-6	30.799598E-3	-61.745821E-6	30.576602E-3	-71.099785E-6	30.533066E-3	72.697105E-6	31.110423E-3	-98.005294E-6
34.000004E-6	30.799164E-3	-51.403589E-6	30.488590E-3	-64.374384E-6	30.495370E-3	5.6132512E-6	31.030878E-3	-29.867630E-6
34.500008E-6	30.872436E-3	39.036982E-6	30.414278E-3	18.545581E-6	30.448394E-3	-66.007364E-6	30.993639E-3	64.887914E-6
34.999997E-6	30.862454E-3	57.188514E-6	30.435987E-3	59.841204E-6	30.361643E-3	-37.134268E-6	30.909974E-3	30.989635E-6
35.500001E-6	31.126603E-3	-554.23010E-9	30.515552E-3	-31.015501E-6	30.290538E-3	58.381305E-6	30.919317E-3	-47.335441E-6
36.000005E-6	31.164438E-3	-91.256916E-6	30.619999E-3	-70.880880E-6	30.254673E-3	59.666287E-6	30.852562E-3	-70.275586E-6
36.500009E-6	31.178348E-3	-42.123156E-6	30.736076E-3	4.6430032E-6	30.256053E-3	-20.456973E-6	30.808618E-3	30.789364E-6
36.999998E-6	31.141313E-3	48.871680E-6	30.750517E-3	69.942012E-6	30.262094E-3	-77.275305E-6	30.814419E-3	71.173810E-6
37.500002E-6	31.175796E-3	54.795903E-6	30.794045E-3	3.1392326E-6	30.340478E-3	-26.646925E-6	30.788086E-3	7.3944948E-6
38.000006E-6	31.140601E-3	-21.317217E-6	30.818377E-3	-73.473762E-6	30.408284E-3	62.569132E-6	30.778300E-3	-68.179099E-6
38.500009E-6	31.164208E-3	-74.045391E-6	30.809425E-3	-48.350939E-6	30.424241E-3	37.932543E-6	30.759552E-3	-35.349145E-6
38.999999E-6	31.143157E-3	-17.189024E-6	30.810336E-3	51.573687E-6	30.489825E-3	-61.229621E-6	30.752415E-3	47.921483E-6
39.500002E-6	30.866247E-3	55.144475E-6	30.796239E-3	50.568746E-6	30.536367E-3	-83.407009E-6	30.773565E-3	56.044282E-6
40.000006E-6	30.873714E-3	42.576023E-6	30.831182E-3	-53.525906E-6	30.607058E-3	19.291732E-6	30.809980E-3	-13.279187E-6
40.499996E-6	30.873263E-3	-41.283580E-6	30.818762E-3	-76.591925E-6	30.657711E-3	60.519353E-6	30.767983E-3	-87.047876E-6
40.999999E-6	30.858129E-3	-71.588533E-6	30.833311E-3	9.1297316E-6	30.674597E-3	2.3171331E-6	30.765954E-3	-32.205826E-6
41.500003E-6	30.869126E-3	-8.4594294E-6	30.943792E-3	68.016598E-6	30.758543E-3	-89.811598E-6	30.757025E-3	65.930995E-6
42.000007E-6	30.874336E-3	71.254806E-6	31.031381E-3	-4.1212470E-6	30.750979E-3	-60.158134E-6	30.739689E-3	32.778760E-6
42.499996E-6	30.900054E-3	38.500810E-6	31.164186E-3	-88.923327E-6	30.732520E-3	27.658483E-6	30.714655E-3	-54.641361E-6
43.000000E-6	30.933924E-3	-56.830544E-6	31.209944E-3	-25.616302E-6	30.737078E-3	63.275635E-6	30.663760E-3	-73.969975E-6
43.500004E-6	30.943658E-3	-76.448290E-6	31.214766E-3	60.353264E-6	30.784125E-3	-10.624478E-6	30.651424E-3	36.268182E-6
44.000008E-6	30.996004E-3	13.068368E-6	31.169366E-3	42.076699E-6	30.797543E-3	-73.505202E-6	30.556595E-3	83.812709E-6
44.499997E-6	31.014431E-3	77.010845E-6	31.097893E-3	-69.207010E-6	30.746471E-3	-29.312527E-6	30.527329E-3	10.813335E-6
45.000001E-6	31.026885E-3	36.484133E-6	30.994045E-3	-49.132759E-6	30.722439E-3	52.675648E-6	30.464919E-3	-93.207018E-6
45.500004E-6	31.104101E-3	-62.084473E-6	30.955946E-3	27.644386E-6	30.669138E-3	49.595877E-6	30.446209E-3	-61.292609E-6
46.000008E-6	31.157633E-3	-65.391228E-6	30.900324E-3	45.776174E-6	30.636376E-3	-22.709120E-6	30.421237E-3	51.012950E-6
46.499998E-6	31.166770E-3	40.498362E-6	30.908236E-3	-32.419539E-6	30.642362E-3	-93.098803E-6	30.458821E-3	54.297569E-6
47.000001E-6	31.185089E-3	73.235780E-6	30.899890E-3	-90.044028E-6	30.639308E-3	-4.6050204E-6	30.497072E-3	-33.572400E-6
47.500005E-6	31.205740E-3	-25.935600E-6	30.871660E-3	-5.4569882E-6	30.608775E-3	69.735659E-6	30.544978E-3	-81.378363E-6
48.000009E-6	31.271614E-3	-72.751980E-6	30.882165E-3	66.808614E-6	30.700956E-3	35.474026E-6	30.609030E-3	-3.6642032E-6
48.499998E-6	31.300418E-3	-36.943766E-6	30.856088E-3	3.9306256E-6	30.692967E-3	-54.537308E-6	30.717863E-3	94.648778E-6
49.000002E-6	31.329449E-3	36.187277E-6	30.765804E-3	-53.794876E-6	30.668031E-3	-71.857190E-6	30.760370E-3	47.453836E-6
49.500006E-6	31.321831E-3	73.163290E-6	30.664982E-3	-45.212557E-6	30.673068E-3	1.7942043E-6	30.815916E-3	-50.069186E-6
49.999995E-6	31.282615E-3	-33.490429E-6	30.544134E-3	46.762696E-6	30.677974E-3	79.079589E-6	30.823020E-3	-60.875267E-6
50.499999E-6	31.270791E-3	-95.201955E-6	30.426310E-3	23.278244E-6	30.722735E-3	24.838331E-6	30.889736E-3	31.231837E-6
51.000003E-6	31.250522E-3	-10.267664E-6	30.377142E-3	-62.560372E-6	30.677432E-3	-58.883878E-6	30.919742E-3	58.513859E-6
51.500007E-6	31.260479E-3	74.497504E-6	30.434217E-3	-45.382247E-6	30.590113E-3	-72.212097E-6	30.915463E-3	6.6750254E-6
51.999996E-6	31.183604E-3	47.228194E-6	30.527115E-3	24.016384E-6	30.590694E-3	20.862040E-6	30.915260E-3	-81.618535E-6
52.500000E-6	31.218860E-3	-58.385354E-6	30.638285E-3	75.031370E-6	30.671000E-3	66.208180E-6	30.947821E-3	-29.204486E-6
53.000003E-6	31.150447E-3	-80.931881E-6	30.696025E-3	-33.072829E-6	30.659966E-3	-1.7149750E-6	30.958043E-3	52.380699E-6
53.500007E-6	31.112865E-3	8.8880024E-6	30.718982E-3	-73.756812E-6	30.641727E-3	-57.008470E-6	30.910295E-3	49.835122E-6
53.999996E-6	31.082012E-3	65.086162E-6	30.688969E-3	-17.022063E-6	30.827995E-3	-41.412910E-6	30.971238E-3	-22.096083E-6
54.500000E-6	31.088792E-3	13.703942E-6	30.768314E-3	63.648084E-6	30.873042E-3	35.426190E-6	30.972032E-3	-89.679597E-6
55.000004E-6	31.046711E-3	-77.371347E-6	30.770702E-3	38.181774E-6	30.896181E-3	53.677173E-6	30.970154E-3	5.0226840E-6
55.500008E-6	30.988904E-3	-59.819209E-6	30.742032E-3	-82.846396E-6	30.875746E-3	-580.81889E-9	30.992450E-3	59.029222E-6
55.999997E-6	30.978277E-3	29.897412E-6	30.811714E-3	-34.572353E-6	30.887282E-3	-69.537367E-6	31.001141E-3	4.9613641E-6
56.500001E-6	30.982874E-3	82.664155E-6	30.846193E-3	52.291347E-6	30.914813E-3	-33.906235E-6	31.073192E-3	-61.544444E-6
57.000005E-6	30.929238E-3	5.1482557E-6	30.909883E-3	34.122811E-6	30.951137E-3	33.379976E-6	31.957671E-3	-27.643473E-6
57.500009E-6	30.974785E-3	-78.909223E-6	31.035729E-3	-35.975991E-6	30.970378E-3	63.356129E-6	31.143684E-3	241.50938E-6
57.999998E-6	30.970167E-3	-30.035269E-6	31.145724E-3	-75.092816E-6	30.993631E-3	6.0909288E-6	31.248035E-3	75.833472E-6
58.500002E-6	30.987635E-3	36.112888E-6	31.259663E-3	20.836716E-6	30.987618E-3	-54.845030E-6	32.011345E-3	1.1910872E-3
59.000005E-6	31.007759E-3	48.913858E-6	31.247972E-3	63.054489E-6	31.032074E-3	-47.422574E-6	32.198053E-3	504.59744E-6
59.500009E-6	30.970318E-3	-45.209763E-6	31.189848E-3	26.041345E-6	31.041125E-3	39.894305E-6	31.318869E-3	-31.343297E-6
59.999998E-6	30.938827E-3	-95.919801E-6	31.139178E-3	-79.283578E-6	31.062771E-3	73.324809E-6	31.291701E-3	476.42866E-6
60.500002E-6	30.931592E-3	-16.126864E-6	31.076392E-3	-19.425803E-6	31.018445E-3	-3.6747711E-6	32.309365E-3	1.6319348E-3
61.000006E-6	30.797744E-3	89.955101E-6	30.998819E-3	59.848160E-6	30.988822E-3	-88.899535E-6	33.071321E-3	1.0079491E-3
61.499995E-6	30.809516E-3	37.842390E-6	30.959619E-3	25.529060E-6	31.003727E-3	-22.312935E-6	31.433679E-3	-60.382044E-6
61.999999E-6	30.871006E-3	-52.341635E-6	30.958772E-3	-54.215143E-6	31.013411E-3	64.910491E-6	31.409848E-3	586.80610E-6
62.500003E-6	30.846044E-3	-44.935321E-6	30.955171E-3	-39.336806E-6	30.972609E-3	63.121704E-6	31.391349E-3	898.66709E-6
63.000007E-6	30.755395E-3	19.757357E-6	30.932769E-3	58.020760E-6	30.925388E-3	-24.247753E-6	32.117933E-3	713.59787E-6
63.499996E-6	30.716538E-3	87.718814E-6	30.931760E-3	71.867034E-6	30.918665E-3	-75.393851E-6	32.145791E-3	449.03162E-6
64.000000E-6	30.615920E-3	-19.240961E-6	30.918477E-3	-23.744273E-6	30.862203E-3	-18.858942E-6	31.282470E-3	-58.669837E-6
64.500004E-6	30.582143E-3	-88.981069E-6	30.920884E-3	-65.648870E-6	30.828889E-3	55.116128E-6	31.232966E-3	63.891217E-6
65.000007E-6	30.536029E-3	-29.775831E-6	30.868094E-3	-46.083911E-6	30.750209E-3	30.450017E-6	31.176377E-3	827.19227E-6
65.499997E-6	30.434396E-3	61.778461E-6	30.825783E-3	68.332934E-6	30.697972E-3	-62.635321E-6	31.864289E-3	561.24851E-6
66.000001E-6	30.485461E-3	26.707223E-6	30.739278E-3	40.704730E-6	30.675063E-3	-66.354514E-6	33.043150E-3	1.4449717E-3
66.500004E-6	30.565690E-3	-48.480742E-6	30.822674E-3	-47.767426E-6	30.712770E-3	10.024793E-6	33.843651E-3	924.16821E-6
67.000008E-6	30.626250E-3	-65.194152E-6	30.742310E-3	-62.861960E-6	30.685807E-3	69.201858E-6	32.073095E-3	178.89777E-6
67.499997E-6	30.674135E-3	14.580718E-6	30.632172E-3	34.933280E-6	30.639650E-3	5.3616091E-6	31.093266E-3	713.59141E-6
68.000001E-6	30.734599E-3	68.999841E-6	30.591939E-3	70.306975E-6	30.634752E-3	-70.111571E-6	31.093273E-3	834.60816E-6
68.500005E-6	30.780358E-3	24.632611E-6	30.567007E-3	-12.850273E-6	30.597348E-3	-47.451485E-6	31.047754E-3	-62.578714E-6
69.000009E-6	30.808052E-3	-87.621942E-6	30.601097E-3	-71.078808E-6	30.612860E-3	25.123538E-6	32.577284E-3	-50.747789E-6
69.499998E-6	30.797994E-3	-27.312206E-6	30.669944E-3	-16.249531E-6	30.575952E-3	71.754686E-6	31.002063E-3	37.775557E-6
70.000002E-6	30.809099E-3	53.376592E-6	30.748812E-3	65.172710E-6	30.545594E-3	-5.9116996E-6	31.696022E-3	1.0536410E-3
70.500006E-6	30.840749E-3	66.657791E-6	30.816615E-3	6.7540636E-6	30.566063E-3	-57.025198E-6	31.848934E-3	818.42259E-6
70.999995E-6	30.805837E-3	-24.983008E-6	30.866276E-3	-62.318497E-6	30.590957E-3	-52.887648E-6	32.929167E-3	1.4078857E-3
71.499999E-6	30.835234E-3	-74.253876E-6	30.958690E-3	-71.654991E-6	30.582039E-3	58.400019E-6	31.075321E-3	-34.957520E-6
72.000003E-6	30.831104E-3	10.603263E-6	31.006295E-3	21.439775E-6	30.568197E-3	48.168440E-6	31.045962E-3	559.85682E-6
72.500006E-6	30.893352E-3	94.387891E-6	30.988602E-3	64.286585E-6	30.572789E-3	-29.877066E-6	31.060187E-3	832.51327E-6
72.999996E-6	30.938119E-3	20.290723E-6	31.028153E-3	-27.199567E-6	30.492865E-3	-68.903042E-6	31.074254E-3	4.4116882E-6
73.499999E-6	30.995373E-3	-68.018431E-6	30.995931E-3	-78.573888E-6	30.466361E-3	-14.659755E-6	31.804971E-3	-44.419630E-6
74.000003E-6	31.082870E-3	-44.981491E-6	30.996634E-3	-10.092444E-6	30.389681E-3	68.673471E-6	31.994995E-3	-19.758098E-6
74.500007E-6	31.131957E-3	53.407628E-6	31.054271E-3	74.844465E-6	30.430645E-3	25.140289E-6	31.806760E-3	99.533725E-6
74.999996E-6	31.265616E-3	56.907877E-6	31.046169E-3	44.881210E-6	30.366890E-3	-69.950009E-6	31.050511E-3	73.327981E-6
75.500000E-6	31.336259E-3	-49.142789E-6	31.177701E-3	-54.661108E-6	30.286884E-3	-70.845119E-6	31.916566E-3	817.55425E-6
76.000004E-6	31.332057E-3	-81.317128E-6	31.227382E-3	-48.080332E-6	30.216096E-3	44.861677E-6	36.744989E-3	2.9542136E-3
76.500008E-6	31.303339E-3	6.1020960E-6	31.347100E-3	56.648641E-6	30.193986E-3	75.809541E-6	37.528060E-3	2.5357830E-3
76.999997E-6	31.188706E-3	68.338581E-6	31.452820E-3	48.275022E-6	30.196160E-3	-17.969312E-6	38.526248E-3	2.6873830E-3
77.500001E-6	31.129288E-3	7.7826799E-6	31.535871E-3	-25.225856E-6	30.222913E-3	-68.299683E-6	37.948985E-3	3.0581406E-3
78.000005E-6	31.027762E-3	-72.194081E-6	31.524178E-3	-85.009211E-6	30.263893E-3	-8.7757853E-6	37.209593E-3	3.2376542E-3
78.500008E-6	30.993871E-3	-56.297955E-6	31.442497E-3	1.4652539E-6	30.379599E-3	55.512541E-6	37.305962E-3	2.8358640E-3
78.999998E-6	30.998655E-3	54.578348E-6	31.403437E-3	65.445471E-6	30.476915E-3	14.150673E-6	37.300229E-3	2.4903638E-3
79.500001E-6	30.997129E-3	47.357669E-6	31.271912E-3	21.532554E-6	30.554717E-3	-75.401113E-6	38.240187E-3	2.4816382E-3
80.000005E-6	30.998070E-3	-35.883040E-6	31.254426E-3	-81.775514E-6	30.622533E-3	-47.264581E-6	38.690358E-3	2.6740639E-3
80.500009E-6	30.919990E-3	-90.116555E-6	31.184023E-3	-32.400807E-6	30.674279E-3	45.913799E-6	37.082698E-3	3.1940443E-3
80.999998E-6	30.939858E-3	14.631940E-6	31.217238E-3	61.129613E-6	30.653983E-3	73.385418E-6	35.593301E-3	2.9638885E-3
81.500002E-6	30.911129E-3	70.647853E-6	31.191979E-3	40.124531E-6	30.656835E-3	-3.1671566E-6	36.881771E-3	2.5215319E-3
82.000006E-6	30.915761E-3	13.428422E-6	31.164283E-3	-43.433905E-6	30.660283E-3	-92.780319E-6	38.286798E-3	2.7150239E-3
82.499995E-6	30.896168E-3	-80.470614E-6	31.156316E-3	-68.386173E-6	30.672718E-3	-12.520129E-6	36.579452E-3	3.2078824E-3
82.999999E-6	30.886417E-3	-49.127997E-6	31.157918E-3	6.6436637E-6	30.700698E-3	87.182030E-6	37.362725E-3	3.1311419E-3
83.500003E-6	30.868741E-3	59.741818E-6	31.159626E-3	63.096035E-6	30.720951E-3	35.667956E-6	35.970911E-3	2.8778804E-3
84.000007E-6	30.810092E-3	63.661260E-6	31.133728E-3	8.8716924E-6	30.700501E-3	-42.984087E-6	36.772769E-3	2.5139055E-3
84.499996E-6	30.733710E-3	-24.984900E-6	31.087309E-3	-77.416771E-6	30.702563E-3	-59.024867E-6	37.898950E-3	2.3950315E-3
85.000000E-6	30.653778E-3	-87.466200E-6	31.013127E-3	-51.693227E-6	30.761715E-3	23.126340E-6	37.750684E-3	3.1052281E-3
85.500003E-6	30.592898E-3	-36.842241E-6	30.908767E-3	66.267312E-6	30.846963E-3	67.516718E-6	37.386030E-3	3.2656770E-3
86.000007E-6	30.498410E-3	73.931078E-6	30.811246E-3	48.265447E-6	30.905504E-3	-6.5068471E-6	36.781926E-3	2.7523004E-3
86.499997E-6	30.438319E-3	37.230118E-6	30.742547E-3	-29.301458E-6	30.976320E-3	-81.909238E-6	36.845118E-3	2.6946925E-3
87.000000E-6	30.379338E-3	-87.913708E-6	30.691965E-3	-63.652311E-6	31.029398E-3	-19.581174E-6	37.238188E-3	2.8989324E-3
87.500004E-6	30.466238E-3	-76.216580E-6	30.748723E-3	28.767874E-6	31.043779E-3	65.502929E-6	35.537913E-3	3.3548546E-3
88.000008E-6	30.477788E-3	22.399399E-6	30.780507E-3	73.674397E-6	30.970033E-3	52.310192E-6	34.819562E-3	3.2688060E-3
88.499997E-6	30.562563E-3	64.768137E-6	30.907581E-3	-12.387251E-6	30.935654E-3	-50.147606E-6	35.964027E-3	2.5747919E-3
89.000001E-6	30.593006E-3	1.5441043E-6	30.957662E-3	-75.684875E-6	30.867986E-3	-60.828326E-6	37.317883E-3	2.5499009E-3
89.500005E-6	30.647200E-3	-64.451393E-6	30.988730E-3	-11.866240E-6	30.811977E-3	2.5636291E-6	37.988469E-3	2.8823323E-3
90.000009E-6	30.728193E-3	-36.936439E-6	30.980170E-3	78.267673E-6	30.666398E-3	69.030284E-6	36.496412E-3	3.2545114E-3
90.499998E-6	30.769015E-3	55.073218E-6	30.968368E-3	45.445446E-6	30.585004E-3	-2.1652816E-6	36.226965E-3	3.0612079E-3
91.000002E-6	30.772192E-3	45.459499E-6	30.968308E-3	-68.031601E-6	30.613106E-3	-76.811411E-6	35.811532E-3	2.8092442E-3
91.500006E-6	30.758852E-3	-38.908187E-6	30.962160E-3	-54.201642E-6	30.616429E-3	-41.957141E-6	37.382424E-3	2.8932071E-3
92.000009E-6	30.774305E-3	-84.049520E-6	31.004893E-3	65.187181E-6	30.596174E-3	53.995329E-6	36.192134E-3	3.0854435E-3
92.499999E-6	30.839745E-3	15.012356E-6	30.993838E-3	67.291548E-6	30.551458E-3	63.427906E-6	36.868621E-3	3.2584514E-3
93.000002E-6	30.779667E-3	71.551440E-6	31.051613E-3	-45.058307E-6	30.555949E-3	-59.132548E-6	35.560209E-3	3.1764659E-3
93.500006E-6	30.796550E-3	15.116915E-6	31.093473E-3	-94.974675E-6	30.584319E-3	-67.990972E-6	36.748402E-3	2.4660963E-3
93.999995E-6	30.795172E-3	-74.135387E-6	31.247307E-3	-10.350298E-6	30.579183E-3	12.021293E-6	37.634529E-3	2.7926005E-3
94.499999E-6	30.822134E-3	-49.366434E-6	31.330250E-3	67.064742E-6	30.549049E-3	64.777683E-6	37.373587E-3	3.0811632E-3
95.000003E-6	30.816853E-3	54.354710E-6	31.420734E-3	21.919293E-6	32.949649E-3	3.1082754E-3	39.991245E-3	900.50348E-6
95.500007E-6	30.721037E-3	56.856865E-6	31.427894E-3	-61.051163E-6	34.223951E-3	2.4851814E-3	40.286414E-3	930.28712E-6
95.999996E-6	30.786183E-3	-47.922142E-6	31.484675E-3	-55.947490E-6	35.094302E-3	2.2515026E-3	40.361479E-3	1.0847321E-3
96.500000E-6	30.880006E-3	-87.606430E-6	31.384241E-3	875.63472E-6	33.855841E-3	1.8377689E-3	40.142205E-3	1.2098965E-3
97.000004E-6	31.064801E-3	-13.687601E-6	31.464174E-3	691.07133E-6	33.286128E-3	2.7442507E-3	40.030193E-3	1.0667999E-3
97.500008E-6	31.152392E-3	65.072541E-6	31.170517E-3	-47.934573E-6	33.441402E-3	2.8113707E-3	40.153373E-3	925.29698E-6
97.999997E-6	31.230535E-3	8.1338603E-6	31.081585E-3	-82.908038E-6	34.454532E-3	2.2883257E-3	40.282689E-3	1.0221144E-3
98.500001E-6	31.297240E-3	-57.971563E-6	31.092180E-3	18.274877E-6	33.093624E-3	1.5921539E-3	40.354975E-3	1.0741795E-3
99.000004E-6	31.305492E-3	-45.015855E-6	31.083487E-3	69.936992E-6	33.047047E-3	2.2399423E-3	40.182624E-3	1.1736451E-3
99.500008E-6	31.292491E-3	55.769182E-6	31.099301E-3	1.9425249E-6	32.616030E-3	3.0717859E-3	40.064849E-3	1.0575921E-3
99.999997E-6	31.218732E-3	78.709119E-6	31.048428E-3	-87.065819E-6	33.919279E-3	2.5333138E-3	40.235933E-3	891.51406E-6
100.50000E-6	31.092783E-3	-31.314619E-6	31.049326E-3	-17.926310E-6	35.027761E-3	2.1152711E-3	40.577959E-3	1.0274805E-3
101.00001E-6	30.984163E-3	-77.173652E-6	31.007418E-3	51.819468E-6	34.875266E-3	2.1655243E-3	40.607918E-3	1.1847297E-3
101.50001E-6	30.952848E-3	-14.211982E-6	30.981539E-3	31.544067E-6	32.911800E-3	2.6298093E-3	40.470932E-3	1.0301259E-3
102.00000E-6	30.917259E-3	73.318188E-6	30.906552E-3	-43.314922E-6	33.546880E-3	2.8975331E-3	40.235262E-3	993.33178E-6
102.50000E-6	30.929511E-3	28.007602E-6	30.806160E-3	-52.910858E-6	34.731928E-3	2.9382971E-3	40.363595E-3	881.77546E-6
103.00001E-6	30.928075E-3	-59.313857E-6	30.664641E-3	22.361846E-6	35.172366E-3	2.1629152E-3	40.225822E-3	960.55097E-6
103.50000E-6	30.942362E-3	-53.149586E-6	30.589592E-3	862.26047E-6	35.363458E-3	2.4636583E-3	40.213536E-3	1.2363560E-3
104.00000E-6	30.820377E-3	37.447298E-6	31.422801E-3	15.160254E-6	33.344269E-3	2.8629610E-3	40.187452E-3	1.0990500E-3
104.50000E-6	30.808093E-3	57.091540E-6	31.401761E-3	69.916699E-6	34.628432E-3	3.1372597E-3	40.160466E-3	982.63123E-6
105.00001E-6	30.853132E-3	-27.648362E-6	30.650189E-3	-33.900968E-6	35.530943E-3	2.1332400E-3	40.436316E-3	932.94441E-6
105.50000E-6	30.800406E-3	-53.679145E-6	30.750059E-3	65.934444E-6	35.503767E-3	2.3825043E-3	40.470246E-3	1.0096470E-3
106.00000E-6	30.706622E-3	-1.8468462E-6	30.787421E-3	31.736970E-6	35.694126E-3	2.7055999E-3	40.376112E-3	1.1836884E-3
106.50000E-6	30.706309E-3	53.794862E-6	30.875407E-3	-59.513699E-6	33.591047E-3	2.9280295E-3	40.457297E-3	1.0264529E-3
107.00001E-6	30.620350E-3	34.613349E-6	30.925922E-3	-28.133332E-6	34.261718E-3	1.4927570E-3	40.248681E-3	914.82420E-6
107.50000E-6	30.588398E-3	-57.465862E-6	30.936718E-3	48.119004E-6	35.810590E-3	2.2939742E-3	40.482737E-3	939.94796E-6
108.00000E-6	30.584773E-3	-61.254585E-6	30.939808E-3	77.769611E-6	36.229033E-3	2.5808227E-3	40.303044E-3	1.1272784E-3
108.50000E-6	30.492967E-3	37.355672E-6	30.991441E-3	-6.9628304E-6	33.764374E-3	2.9864775E-3	40.152971E-3	1.2570401E-3
109.00001E-6	30.461086E-3	47.515303E-6	30.969508E-3	-95.569521E-6	34.911282E-3	1.8208909E-3	40.131886E-3	1.1115622E-3
109.50000E-6	30.447470E-3	-9.7647981E-6	30.941332E-3	-7.7783398E-6	36.432665E-3	2.1317201E-3	40.393166E-3	865.60205E-6
110.00000E-6	30.453997E-3	-70.245049E-6	30.985866E-3	46.609981E-6	35.894055E-3	2.4842934E-3	40.572148E-3	1.0135064E-3
110.50000E-6	30.582665E-3	-28.369508E-6	30.986551E-3	38.676451E-6	34.335855E-3	2.6868167E-3	40.541038E-3	1.2408732E-3
111.00001E-6	30.610643E-3	75.898715E-6	30.975150E-3	-42.647232E-6	33.585802E-3	2.9320465E-3	40.401842E-3	1.2156507E-3
111.50000E-6	30.668713E-3	33.312368E-6	31.009203E-3	-61.797648E-6	34.453422E-3	1.4997813E-3	40.320423E-3	1.0147926E-3
112.00000E-6	30.707469E-3	-58.038771E-6	31.110097E-3	-1.3636252E-6	35.697721E-3	2.3293039E-3	40.520877E-3	928.81848E-6
112.50001E-6	30.768337E-3	-69.232949E-6	31.077959E-3	85.039654E-6	34.516830E-3	2.2029472E-3	40.761046E-3	1.0810309E-3
113.00001E-6	30.776760E-3	10.474819E-6	31.159606E-3	-4.9738369E-6	34.695841E-3	2.9646214E-3	40.688265E-3	1.2705176E-3
113.50000E-6	30.804461E-3	59.318387E-6	31.247193E-3	-104.85295E-6	35.253376E-3	2.8097595E-3	40.616244E-3	1.1148638E-3
114.00000E-6	35.301030E-3	2.3528489E-3	38.030822E-3	3.1783441E-3	39.819129E-3	1.5949077E-3	41.008253E-3	855.34714E-6
114.50001E-6	35.476092E-3	2.8743257E-3	39.241649E-3	2.4570648E-3	39.650615E-3	1.5947827E-3	40.987868E-3	769.72845E-6
115.00000E-6	36.577109E-3	3.2371357E-3	38.569793E-3	2.0621764E-3	39.403308E-3	1.3366319E-3	40.986445E-3	825.10541E-6
115.50000E-6	35.826724E-3	3.0707549E-3	37.501313E-3	2.5574744E-3	39.758295E-3	1.3013330E-3	40.924169E-3	896.23022E-6
116.00000E-6	36.224358E-3	2.4277521E-3	38.079139E-3	2.7027347E-3	39.722167E-3	1.4637925E-3	41.071881E-3	919.43721E-6
116.50001E-6	36.179800E-3	2.9469745E-3	38.095370E-3	3.1417031E-3	39.625745E-3	1.6677812E-3	40.996742E-3	832.86886E-6
117.00000E-6	35.270944E-3	3.1205167E-3	39.031051E-3	2.3125035E-3	39.252792E-3	1.6228165E-3	40.935270E-3	774.82889E-6
117.50000E-6	35.384949E-3	3.3413228E-3	38.393080E-3	2.1332765E-3	38.993724E-3	1.2380682E-3	40.929221E-3	843.33523E-6
118.00000E-6	35.995793E-3	3.0818356E-3	36.618926E-3	2.6448439E-3	39.694682E-3	1.5602682E-3	40.817387E-3	896.31288E-6
118.50001E-6	37.440997E-3	2.7947070E-3	37.935168E-3	3.0589511E-3	39.730836E-3	1.5998062E-3	40.799778E-3	892.94853E-6
119.00000E-6	36.278997E-3	3.0204412E-3	39.082911E-3	2.3316438E-3	39.899446E-3	1.3730980E-3	40.809963E-3	810.31845E-6
119.50000E-6	35.679374E-3	3.2138412E-3	38.638614E-3	2.1890078E-3	39.528009E-3	1.2166257E-3	40.783014E-3	798.05992E-6
120.00000E-6	37.486073E-3	3.1917256E-3	37.772078E-3	2.2592684E-3	39.842755E-3	1.2460279E-3	40.836297E-3	848.14237E-6
120.50001E-6	36.878046E-3	2.9087570E-3	37.488420E-3	2.7953966E-3	39.709326E-3	1.4727156E-3	40.781856E-3	899.36523E-6
121.00000E-6	36.992025E-3	2.8043119E-3	38.613010E-3	2.4446640E-3	39.555319E-3	1.6097833E-3	40.790200E-3	862.79633E-6
121.50000E-6	35.628848E-3	3.0266666E-3	38.374137E-3	2.7514133E-3	39.701387E-3	1.3248255E-3	40.756542E-3	795.44162E-6
122.00000E-6	35.668641E-3	3.2085255E-3	38.524881E-3	2.0439171E-3	39.856888E-3	1.2121996E-3	40.744174E-3	791.65661E-6
122.50000E-6	36.345221E-3	3.1270834E-3	38.087703E-3	2.3856615E-3	40.158276E-3	1.4205141E-3	40.682338E-3	882.65701E-6
123.00001E-6	37.637852E-3	2.9113528E-3	38.009454E-3	2.4414195E-3	39.915577E-3	1.7143156E-3	40.688142E-3	909.29877E-6
123.50001E-6	36.360130E-3	2.8009843E-3	39.088946E-3	2.3374886E-3	39.821867E-3	1.4887509E-3	40.676426E-3	821.66400E-6
124.00001E-6	35.031285E-3	3.1541078E-3	38.736261E-3	2.1210751E-3	39.598379E-3	1.2470521E-3	40.673919E-3	791.65719E-6
124.49999E-6	35.875194E-3	3.3067316E-3	38.466528E-3	1.9142161E-3	39.456386E-3	1.6543684E-3	40.639378E-3	837.31476E-6
124.99999E-6	37.371360E-3	3.0430551E-3	37.957359E-3	2.5747025E-3	39.679017E-3	1.8667971E-3	40.613968E-3	892.88049E-6
125.50000E-6	36.743332E-3	2.7460223E-3	38.587734E-3	2.3051596E-3	40.115546E-3	1.6524767E-3	40.593434E-3	890.32005E-6
126.00000E-6	35.446946E-3	2.8923640E-3	38.436830E-3	2.6967260E-3	39.995041E-3	1.3074826E-3	40.601976E-3	819.56375E-6
126.50000E-6	35.589121E-3	3.3850158E-3	38.289450E-3	1.7602127E-3	40.211551E-3	1.6501889E-3	40.588934E-3	787.48568E-6
127.00001E-6	35.933759E-3	2.9677614E-3	38.230676E-3	2.2082694E-3	40.084306E-3	1.5170823E-3	40.532630E-3	844.14257E-6
127.50001E-6	36.849823E-3	2.8512836E-3	38.020514E-3	2.7259758E-3	40.136065E-3	1.6963980E-3	40.467221E-3	917.61537E-6
128.00001E-6	36.261234E-3	2.9511903E-3	38.782015E-3	2.1310565E-3	39.254993E-3	1.4296472E-3	40.431600E-3	877.95086E-6
128.49999E-6	36.094982E-3	3.0750479E-3	38.748942E-3	2.0635026E-3	39.423876E-3	1.6629575E-3	40.370580E-3	806.17011E-6
128.99999E-6	35.347924E-3	3.2831356E-3	37.568118E-3	1.9759119E-3	39.773569E-3	1.3402004E-3	40.366415E-3	784.34375E-6
129.50000E-6	35.867654E-3	2.9355532E-3	37.759990E-3	2.4484575E-3	40.114161E-3	1.5367748E-3	40.358331E-3	880.99728E-6
130.00000E-6	35.751835E-3	2.4580059E-3	38.322657E-3	2.2459324E-3	40.080748E-3	1.4698860E-3	40.347878E-3	916.67584E-6
130.50000E-6	35.502519E-3	2.8251223E-3	39.081298E-3	2.1445577E-3	39.623629E-3	1.3073770E-3	40.351808E-3	868.86290E-6
131.00001E-6	35.462696E-3	3.1835344E-3	38.201753E-3	2.0642218E-3	38.863305E-3	2.2915327E-3	40.428672E-3	801.00296E-6
131.50001E-6	38.489960E-3	2.6576563E-3	37.250195E-3	2.7234589E-3	39.503403E-3	1.9209158E-3	40.436748E-3	806.37645E-6
132.00002E-6	37.386768E-3	2.9585978E-3	36.597334E-3	2.5809940E-3	40.079277E-3	1.5493057E-3	40.481549E-3	872.80455E-6
132.49999E-6	36.283210E-3	2.8395602E-3	36.882509E-3	3.3051230E-3	39.660070E-3	1.4586325E-3	40.446971E-3	919.82435E-6
132.99999E-6	39.797928E-3	892.84871E-6	39.996568E-3	1.1048492E-3	40.643573E-3	833.97870E-6	40.587377E-3	830.74695E-6
133.50000E-6	39.762516E-3	937.03077E-6	40.087320E-3	1.2459448E-3	40.630728E-3	780.77399E-6	40.565494E-3	751.86323E-6
134.00000E-6	39.825756E-3	1.0424565E-3	40.189758E-3	969.58125E-6	40.512603E-3	851.85311E-6	40.568687E-3	767.84968E-6
134.50001E-6	40.069968E-3	990.02698E-6	40.125184E-3	934.11078E-6	40.373549E-3	965.63186E-6	40.587742E-3	886.21490E-6
135.00001E-6	40.158622E-3	981.07080E-6	40.005933E-3	970.70512E-6	40.163111E-3	911.31334E-6	40.637441E-3	902.05454E-6
135.50001E-6	39.928917E-3	876.97996E-6	40.093265E-3	1.2122187E-3	40.027294E-3	831.52129E-6	40.735599E-3	799.83234E-6
135.99999E-6	40.102258E-3	1.0017651E-3	40.409300E-3	1.0032598E-3	40.101156E-3	802.64814E-6	40.807392E-3	750.77405E-6
136.49999E-6	40.125679E-3	1.1157463E-3	40.505569E-3	849.98889E-6	40.217768E-3	909.78324E-6	40.807460E-3	789.78017E-6
137.00000E-6	40.249530E-3	1.0360860E-3	40.516306E-3	883.64229E-6	40.307701E-3	931.10109E-6	40.783379E-3	882.31050E-6
137.50000E-6	40.216357E-3	873.53552E-6	40.597342E-3	1.0101325E-3	40.505163E-3	841.83470E-6	40.812057E-3	871.71776E-6
138.00000E-6	40.081732E-3	891.55510E-6	40.676359E-3	1.0538605E-3	40.566497E-3	784.37664E-6	40.787265E-3	795.08848E-6
138.50001E-6	40.087868E-3	1.0808125E-3	40.821746E-3	921.75102E-6	40.591519E-3	873.95019E-6	40.808707E-3	762.20703E-6
139.00001E-6	40.270939E-3	1.0739083E-3	40.677108E-3	902.98749E-6	40.618874E-3	954.73585E-6	40.811416E-3	785.00505E-6
139.50001E-6	40.299140E-3	936.81691E-6	40.587291E-3	936.43443E-6	40.609874E-3	882.08873E-6	40.861592E-3	883.36068E-6
139.99999E-6	40.283244E-3	861.50737E-6	40.406223E-3	1.0629599E-3	40.564444E-3	789.23377E-6	40.877391E-3	882.97320E-6
140.49999E-6	40.270310E-3	962.07607E-6	40.317047E-3	1.0610110E-3	40.592883E-3	845.73863E-6	40.920477E-3	797.52645E-6
141.00000E-6	40.377185E-3	1.0488818E-3	40.426139E-3	825.34959E-6	40.529668E-3	935.26422E-6	40.943295E-3	744.24176E-6
141.50000E-6	40.554445E-3	958.58477E-6	40.243499E-3	901.41757E-6	40.609200E-3	913.15131E-6	40.943444E-3	828.48361E-6
142.00000E-6	40.585324E-3	973.67127E-6	40.267337E-3	1.0482812E-3	40.732563E-3	814.32017E-6	40.966082E-3	894.46094E-6
142.50001E-6	40.552240E-3	884.60761E-6	40.431160E-3	1.0725571E-3	40.857311E-3	820.53756E-6	40.936172E-3	869.46657E-6
143.00001E-6	40.627286E-3	1.0172692E-3	40.511724E-3	912.65858E-6	40.984742E-3	897.16306E-6	40.966433E-3	768.33798E-6
143.50002E-6	40.807892E-3	1.0225867E-3	40.295597E-3	852.92279E-6	40.941846E-3	933.30292E-6	40.893801E-3	762.14125E-6
143.99999E-6	40.846467E-3	933.17538E-6	40.291026E-3	1.0018498E-3	40.830888E-3	832.09353E-6	40.923767E-3	829.06091E-6
144.49999E-6	40.751006E-3	836.86848E-6	40.322933E-3	1.0808388E-3	40.631294E-3	793.71460E-6	40.937699E-3	884.73200E-6
145.00000E-6	40.714383E-3	933.27306E-6	40.433023E-3	948.41328E-6	40.529016E-3	875.14031E-6	40.975314E-3	870.91653E-6
145.50000E-6	40.538773E-3	1.0284559E-3	40.305670E-3	816.35593E-6	40.463600E-3	927.57295E-6	40.970374E-3	785.73602E-6
146.00001E-6	40.650658E-3	967.62652E-6	40.170845E-3	901.07397E-6	40.489327E-3	884.64981E-6	40.981703E-3	774.91341E-6
146.49998E-6	40.560838E-3	876.52903E-6	40.125839E-3	1.0472706E-3	40.486805E-3	776.46761E-6	41.024707E-3	818.20448E-6
146.99998E-6	40.397484E-3	876.55039E-6	40.169079E-3	1.0004365E-3	40.479697E-3	818.86828E-6	40.979203E-3	906.76692E-6
147.49999E-6	40.346827E-3	1.0370195E-3	40.085193E-3	899.65318E-6	40.494051E-3	964.45822E-6	40.922467E-3	834.31869E-6
147.99999E-6	40.336635E-3	1.0455481E-3	40.032085E-3	838.19014E-6	40.481672E-3	888.41963E-6	40.858682E-3	763.85151E-6
148.50000E-6	40.428329E-3	1.0140943E-3	39.784547E-3	977.12688E-6	40.380429E-3	831.23392E-6	40.875789E-3	757.57422E-6
149.00000E-6	40.225860E-3	844.14106E-6	39.873336E-3	1.0435036E-3	40.243216E-3	838.29492E-6	40.896460E-3	838.79218E-6
149.50000E-6	40.126536E-3	964.00134E-6	39.852884E-3	1.0995669E-3	40.154655E-3	917.65565E-6	40.878072E-3	891.74072E-6
150.00001E-6	40.161081E-3	1.1095611E-3	40.016312E-3	851.75864E-6	40.068600E-3	907.43444E-6	40.886179E-3	835.88989E-6
150.49998E-6	40.406223E-3	1.0020669E-3	39.875142E-3	916.48201E-6	40.145509E-3	826.51176E-6	40.911403E-3	740.56705E-6
150.99999E-6	40.296353E-3	1.0598856E-3	39.887402E-3	1.0261384E-3	40.288068E-3	800.67164E-6	40.943388E-3	765.29663E-6
151.49999E-6	40.029880E-3	872.56078E-6	40.151268E-3	1.0223493E-3	40.418494E-3	910.22468E-6	40.985007E-3	878.59447E-6
151.99999E-6	40.462438E-3	883.86651E-6	40.440608E-3	799.41784E-6	40.623739E-3	888.46410E-6	40.957093E-3	897.53821E-6
152.50000E-6	40.350493E-3	885.16349E-6	40.468786E-3	768.45259E-6	40.707067E-3	804.35071E-6	40.912461E-3	829.60539E-6
153.00000E-6	40.201392E-3	804.06683E-6	40.438991E-3	866.16498E-6	40.726177E-3	751.01852E-6	40.942673E-3	752.01312E-6
153.50000E-6	40.107336E-3	776.81366E-6	40.474448E-3	919.92342E-6	40.706564E-3	832.97532E-6	40.921789E-3	781.76317E-6
154.00001E-6	40.034972E-3	847.47199E-6	40.482417E-3	845.24998E-6	40.706635E-3	893.97252E-6	40.935487E-3	883.14811E-6
154.49998E-6	40.033158E-3	911.09017E-6	40.483553E-3	770.70377E-6	40.702373E-3	847.90873E-6	40.969823E-3	892.79126E-6
154.99999E-6	40.050250E-3	856.55524E-6	40.442038E-3	797.55398E-6	40.750299E-3	765.44948E-6	41.044064E-3	791.75073E-6
155.49999E-6	40.125653E-3	774.85229E-6	40.430252E-3	893.81821E-6	40.819217E-3	812.81125E-6	41.103560E-3	749.54185E-6
155.99999E-6	40.224228E-3	804.60456E-6	40.491838E-3	895.67626E-6	40.943578E-3	892.52851E-6	41.137394E-3	800.83008E-6
156.50000E-6	40.285267E-3	912.56539E-6	40.641852E-3	815.17664E-6	40.975470E-3	856.33225E-6	41.378446E-3	870.37828E-6
157.00000E-6	40.345922E-3	879.34174E-6	40.720083E-3	778.55663E-6	40.937021E-3	744.27854E-6	41.407291E-3	865.06933E-6
157.50001E-6	40.323142E-3	807.02710E-6	40.742856E-3	851.70130E-6	40.807199E-3	798.07144E-6	41.431148E-3	792.85115E-6
157.99998E-6	40.359139E-3	768.55556E-6	40.851798E-3	914.71482E-6	40.666200E-3	878.64976E-6	41.390017E-3	763.48457E-6
158.49998E-6	40.430639E-3	827.54239E-6	40.944848E-3	857.94571E-6	40.607966E-3	883.60358E-6	41.394923E-3	813.49787E-6
158.99999E-6	40.480085E-3	895.33115E-6	41.136272E-3	795.04622E-6	40.543735E-3	810.82474E-6	41.364692E-3	890.98304E-6
159.49999E-6	40.479898E-3	856.45000E-6	41.232519E-3	794.32956E-6	40.531185E-3	776.11313E-6	41.385181E-3	846.72152E-6
160.00000E-6	40.542737E-3	783.97716E-6	41.249480E-3	884.11063E-6	40.488057E-3	850.81166E-6	41.345719E-3	750.90321E-6
160.50000E-6	40.508553E-3	787.89663E-6	41.258309E-3	911.25438E-6	40.475305E-3	903.63628E-6	41.287377E-3	773.06334E-6
161.00000E-6	40.500961E-3	892.79935E-6	41.223120E-3	812.72260E-6	40.479686E-3	836.20567E-6	41.259140E-3	864.18260E-6
161.50001E-6	40.464994E-3	891.05678E-6	41.167401E-3	772.71269E-6	40.454268E-3	756.22514E-6	41.254915E-3	895.21863E-6
161.99998E-6	40.514108E-3	816.87293E-6	41.090593E-3	826.65344E-6	40.351544E-3	826.53039E-6	41.157980E-3	831.66210E-6
162.49999E-6	40.532753E-3	763.04626E-6	41.007806E-3	891.38915E-6	40.289711E-3	898.90201E-6	41.094735E-3	757.25652E-6
162.99999E-6	40.569585E-3	841.35227E-6	41.008145E-3	856.76624E-6	40.182918E-3	867.06982E-6	41.031811E-3	793.52723E-6
163.49999E-6	40.677994E-3	902.12858E-6	40.980484E-3	764.57282E-6	40.169723E-3	779.43929E-6	40.982898E-3	915.52356E-6
164.00000E-6	40.816110E-3	850.65764E-6	40.915173E-3	783.38495E-6	40.246163E-3	805.43384E-6	40.959392E-3	879.28661E-6
164.50000E-6	40.891580E-3	779.49191E-6	40.811788E-3	874.84816E-6	40.351722E-3	864.05408E-6	40.954713E-3	775.58344E-6
165.00000E-6	40.903069E-3	793.23910E-6	40.821504E-3	897.50893E-6	40.475637E-3	892.56745E-6	40.934339E-3	735.18750E-6
165.50001E-6	40.929522E-3	884.59376E-6	40.758599E-3	812.17347E-6	40.363893E-3	791.76511E-6	40.931206E-3	855.14650E-6
165.99998E-6	40.909212E-3	896.51381E-6	40.809643E-3	779.07933E-6	40.363237E-3	752.37884E-6	40.970296E-3	876.25015E-6
166.49999E-6	40.837027E-3	820.88320E-6	40.785465E-3	847.39679E-6	40.405121E-3	871.81729E-6	40.807936E-3	839.22170E-6
166.99999E-6	40.737033E-3	760.98501E-6	40.833022E-3	900.59493E-6	40.410399E-3	897.59252E-6	40.784284E-3	740.29283E-6
167.49999E-6	40.645424E-3	839.55372E-6	40.781036E-3	870.42520E-6	40.396847E-3	791.98682E-6	40.717356E-3	774.74100E-6
168.00000E-6	40.581167E-3	892.85953E-6	40.752381E-3	783.03943E-6	40.464554E-3	754.46832E-6	40.707983E-3	872.45915E-6
168.50000E-6	40.529467E-3	874.10898E-6	40.682551E-3	780.05937E-6	40.462371E-3	831.92246E-6	40.699445E-3	884.18717E-6
169.00001E-6	40.553156E-3	785.05359E-6	40.606484E-3	872.59314E-6	40.555283E-3	884.66238E-6	40.679913E-3	790.67773E-6
169.49998E-6	40.578704E-3	781.23447E-6	40.474527E-3	914.26418E-6	40.677685E-3	848.13783E-6	40.560797E-3	746.75382E-6
169.99998E-6	40.509865E-3	872.28586E-6	40.376440E-3	820.61114E-6	40.768120E-3	763.59097E-6	40.508334E-3	812.89944E-6
170.49999E-6	40.538799E-3	914.33292E-6	40.325403E-3	790.04321E-6	40.772144E-3	807.53764E-6	40.481783E-3	896.45834E-6
170.99999E-6	40.586356E-3	838.74480E-6	40.352494E-3	839.48788E-6	40.637266E-3	883.00963E-6	40.441297E-3	874.41277E-6
171.50000E-6	40.656090E-3	738.06767E-6	40.466264E-3	894.83761E-6	40.554609E-3	842.98599E-6	40.370833E-3	773.93133E-6
172.00000E-6	40.590078E-3	811.28790E-6	40.547874E-3	853.91843E-6	40.446300E-3	763.93387E-6	40.414207E-3	811.81992E-6
172.50000E-6	40.598795E-3	879.68644E-6	40.633578E-3	769.81063E-6	40.393654E-3	753.23181E-6	40.576763E-3	886.56676E-6
173.00001E-6	40.519077E-3	854.32571E-6	40.671643E-3	768.83234E-6	40.399268E-3	871.43306E-6	40.643167E-3	903.98174E-6
173.49998E-6	40.474106E-3	778.68014E-6	40.760916E-3	864.40146E-6	40.288739E-3	894.59657E-6	40.718302E-3	826.66433E-6
173.99999E-6	40.419146E-3	763.18946E-6	40.786784E-3	906.54800E-6	40.288869E-3	782.18593E-6	40.741686E-3	775.85084E-6
174.49999E-6	40.350039E-3	840.03381E-6	40.785268E-3	831.91163E-6	40.485475E-3	742.96037E-6	40.818166E-3	824.95715E-6
174.99999E-6	40.259033E-3	885.18509E-6	40.759243E-3	753.42739E-6	40.455785E-3	842.63779E-6	40.843341E-3	925.79809E-6
175.50000E-6	40.206242E-3	817.32869E-6	40.775653E-3	793.72810E-6	40.455546E-3	875.34188E-6	40.853217E-3	870.33719E-6
176.00000E-6	40.125903E-3	752.28798E-6	40.770449E-3	859.36405E-6	40.354364E-3	829.02005E-6	40.911585E-3	771.20785E-6
176.50001E-6	40.100727E-3	794.14411E-6	40.782347E-3	875.35253E-6	40.266749E-3	726.64535E-6	40.935803E-3	785.69923E-6
177.00001E-6	40.187579E-3	884.88037E-6	40.814307E-3	781.68546E-6	40.179964E-3	800.33141E-6	40.898461E-3	868.20696E-6
177.49998E-6	40.231090E-3	872.17119E-6	40.790893E-3	760.46819E-6	40.155414E-3	900.50272E-6	40.936399E-3	907.85243E-6
177.99999E-6	40.301055E-3	764.02706E-6	40.862821E-3	824.15278E-6	40.183615E-3	860.19875E-6	40.962804E-3	824.85762E-6
178.49999E-6	40.361345E-3	754.65691E-6	40.849347E-3	885.12892E-6	40.270481E-3	775.06423E-6	40.931761E-3	757.55693E-6
179.00000E-6	40.433291E-3	865.09826E-6	40.810954E-3	855.67130E-6	40.406831E-3	782.65613E-6	40.905688E-3	839.04655E-6
179.50000E-6	40.469814E-3	896.04285E-6	40.857162E-3	764.61019E-6	40.468704E-3	873.29722E-6	40.986620E-3	899.40609E-6
180.00000E-6	40.494282E-3	812.28995E-6	40.825222E-3	758.37632E-6	40.550135E-3	884.45417E-6	41.008048E-3	872.52934E-6
180.50001E-6	40.527578E-3	755.68631E-6	40.865783E-3	857.85333E-6	40.613767E-3	788.20990E-6	41.099243E-3	775.49164E-6
180.99998E-6	40.540174E-3	834.54204E-6	40.893856E-3	901.59266E-6	40.586587E-3	750.90199E-6	41.185945E-3	755.99639E-6
181.49999E-6	40.510900E-3	902.53388E-6	40.949155E-3	821.31790E-6	40.593524E-3	835.13348E-6	41.130997E-3	853.07466E-6
181.99999E-6	40.526118E-3	848.22893E-6	41.021671E-3	748.26920E-6	40.601373E-3	891.39288E-6	41.280143E-3	902.50786E-6
182.49999E-6	40.567819E-3	763.45494E-6	41.086469E-3	786.85983E-6	40.649503E-3	810.45594E-6	41.445408E-3	832.81688E-6
183.00000E-6	40.645059E-3	781.07172E-6	41.124903E-3	880.43557E-6	40.679049E-3	764.69668E-6	41.207027E-3	772.84273E-6
183.50000E-6	40.764511E-3	868.33758E-6	41.229632E-3	892.49347E-6	40.718764E-3	792.47804E-6	41.133668E-3	792.13054E-6
184.00000E-6	40.890235E-3	891.40126E-6	41.250043E-3	771.02554E-6	40.776554E-3	897.97005E-6	41.072391E-3	880.12771E-6
184.50001E-6	40.982213E-3	781.40752E-6	41.299984E-3	741.06269E-6	40.908057E-3	858.49053E-6	40.997043E-3	914.61150E-6
184.99998E-6	40.967874E-3	743.34722E-6	41.319229E-3	820.38483E-6	40.968504E-3	775.97523E-6	40.883377E-3	815.87955E-6
185.49999E-6	40.959083E-3	831.75674E-6	41.325863E-3	881.91696E-6	40.988430E-3	761.81255E-6	40.889166E-3	767.01725E-6
185.99999E-6	40.893421E-3	902.59878E-6	41.261882E-3	855.22735E-6	40.908374E-3	866.24542E-6	40.813562E-3	841.00687E-6
186.49999E-6	40.640555E-3	840.35390E-6	41.240647E-3	778.22694E-6	40.828306E-3	892.82310E-6	40.846378E-3	929.31330E-6
187.00000E-6	40.495690E-3	743.36689E-6	41.176371E-3	776.64806E-6	40.709015E-3	795.94471E-6	40.793370E-3	873.34233E-6
187.50000E-6	40.600725E-3	782.56801E-6	41.141205E-3	854.46041E-6	40.622480E-3	742.31188E-6	40.798429E-3	788.30699E-6
188.00001E-6	40.648945E-3	897.44496E-6	41.088518E-3	892.72059E-6	40.571529E-3	806.38879E-6	40.744435E-3	781.72435E-6
188.49998E-6	40.631894E-3	860.31028E-6	41.081667E-3	811.46695E-6	40.514693E-3	884.79905E-6	40.742923E-3	894.88103E-6
188.99998E-6	40.634483E-3	764.81508E-6	40.995784E-3	763.01326E-6	40.537387E-3	839.85389E-6	40.725309E-3	909.88190E-6
189.49999E-6	40.612865E-3	760.82186E-6	41.002724E-3	785.66192E-6	40.525466E-3	740.83137E-6	40.668774E-3	831.38369E-6
189.99999E-6	40.616669E-3	862.65162E-6	40.967815E-3	851.33332E-6	40.539343E-3	775.10002E-6	40.719055E-3	756.17799E-6
190.50000E-6	40.588304E-3	904.78722E-6	40.948212E-3	880.64477E-6	40.461957E-3	889.23768E-6	40.279634E-3	937.20289E-6
191.00000E-6	40.551029E-3	801.69237E-6	40.920831E-3	798.34770E-6	40.423293E-3	875.00789E-6	40.352117E-3	967.26260E-6
191.50000E-6	40.457435E-3	773.79216E-6	40.892530E-3	753.72716E-6	40.401351E-3	749.35245E-6	40.451247E-3	1.2319097E-3
192.00001E-6	40.287185E-3	824.83649E-6	40.893111E-3	811.05728E-6	40.278576E-3	748.88510E-6	40.283523E-3	1.2174713E-3
192.49998E-6	40.165849E-3	904.20921E-6	40.923953E-3	893.41227E-6	40.203627E-3	858.04053E-6	40.044922E-3	1.0844885E-3
192.99999E-6	40.130951E-3	865.52009E-6	40.974293E-3	861.51710E-6	40.080689E-3	895.36008E-6	40.462077E-3	936.12121E-6
193.49999E-6	40.186729E-3	748.78254E-6	40.959291E-3	775.80317E-6	40.122539E-3	800.58072E-6	40.313326E-3	1.1382676E-3
193.99999E-6	40.231209E-3	779.95769E-6	40.923961E-3	743.37301E-6	40.223151E-3	764.76805E-6	40.235147E-3	1.2288648E-3
194.50000E-6	40.333454E-3	892.03840E-6	40.896267E-3	845.00090E-6	40.384542E-3	821.84415E-6	40.049199E-3	1.1519046E-3
195.00000E-6	40.372729E-3	882.96732E-6	40.882118E-3	911.27952E-6	40.449828E-3	900.00202E-6	40.076349E-3	944.50510E-6
195.50000E-6	40.459603E-3	787.98924E-6	40.862568E-3	843.74083E-6	40.500574E-3	843.27580E-6	40.171128E-3	876.60074E-6
196.00001E-6	40.490180E-3	770.39719E-6	41.046944E-3	776.88420E-6	40.517751E-3	748.07811E-6	40.188789E-3	1.0068277E-3
196.49998E-6	40.515989E-3	858.45497E-6	40.823184E-3	778.84051E-6	40.541295E-3	776.06522E-6	40.385764E-3	874.60241E-6
196.99999E-6	40.534325E-3	899.24427E-6	40.842421E-3	860.32442E-6	40.564261E-3	873.74367E-6	40.496681E-3	754.75435E-6
197.49999E-6	40.514763E-3	814.21324E-6	40.803879E-3	900.02094E-6	40.583462E-3	873.40054E-6	40.492155E-3	770.28794E-6
197.99999E-6	40.459774E-3	746.05603E-6	40.849380E-3	822.38711E-6	40.603835E-3	780.95018E-6	40.436652E-3	871.97515E-6
198.50000E-6	40.458657E-3	795.99040E-6	40.787302E-3	742.28819E-6	40.667612E-3	773.27166E-6	40.417902E-3	896.92802E-6
199.00000E-6	40.485818E-3	871.42427E-6	40.755466E-3	796.74035E-6	40.759660E-3	854.74073E-6	40.467482E-3	832.01821E-6
199.50001E-6	40.564064E-3	841.12567E-6	40.703669E-3	899.37419E-6	40.863503E-3	902.77829E-6	40.452480E-3	733.37625E-6
199.99998E-6	40.687576E-3	788.73208E-6	40.606916E-3	895.08214E-6	40.969349E-3	808.16547E-6	40.491913E-3	804.32609E-6
