Experiment	Sweeper	
Saved Date	03.07.2023 00:43:55	
User		
Date		
Start time	03.07.2023 00:35:49	
Sweep channel: Name	Output 2 (V)	
Sweep channel: Start (V)	-200E-6	
Sweep channel: Stop (V)	1E-3	
Sweep channel: Points	601	
Sweep channel: Max slew rate (V/s)	Inf	
Sweep channel: Initial settling time (s)	20E+3	
Sweep channel: End settling time (s)	2E+0	
Sweep channel: Backward sweep	TRUE	
Sweep channel: Number of sweeps	10	
Sweep channel: Reset	FALSE	
Step channel 1: Name	Output 3 (V)	
Step channel 1: Start (V)	50E-3	
Step channel 1: Stop (V)	50E-3	
Step channel 1: Points	10	
Step channel 1: Max slew rate (V/s)	10E+0	
Step channel 1:  Initial settling time (s)	2E+0	
Step channel 1: End settling time (s)	2E+0	
Step channel 1: Backward sweep	FALSE	
Step channel 1: Reset	FALSE	
Sweep Type	2D-Both RT	
Acquire channels	Input 1 (V);LI Demod 3 X (V)	
Filter type	None	
Order		
Cutoff frq		

[DATA]
Output 2 Setp. (V)	Input 1 [00001] (V)	LI Demod 3 X [00001] (V)	Input 1 [00002] (V)	LI Demod 3 X [00002] (V)	Input 1 [00001] [bwd] (V)	LI Demod 3 X [00001] [bwd] (V)	Input 1 [00002] [bwd] (V)	LI Demod 3 X [00002] [bwd] (V)
-199.99999E-6	40.797547E-3	831.07693E-6	40.124916E-3	1.3186310E-3	39.577004E-3	1.1142535E-3	0.0000000E+0	NaN
-197.99999E-6	41.049220E-3	768.52791E-6	37.927058E-3	2.2079039E-3	37.612598E-3	3.0667568E-3	0.0000000E+0	NaN
-195.99999E-6	40.996909E-3	769.92804E-6	36.751289E-3	2.2980135E-3	36.619127E-3	2.9741842E-3	0.0000000E+0	NaN
-193.99999E-6	40.964246E-3	845.29526E-6	34.613341E-3	3.1394253E-3	39.243504E-3	1.7737166E-3	0.0000000E+0	NaN
-191.99999E-6	40.917423E-3	900.21756E-6	39.872520E-3	1.7934020E-3	38.220968E-3	1.4477582E-3	0.0000000E+0	NaN
-189.99999E-6	40.857997E-3	843.41760E-6	31.620204E-3	395.15024E-6	35.975609E-3	2.9409935E-3	0.0000000E+0	NaN
-187.99999E-6	40.895086E-3	767.09723E-6	35.105951E-3	2.2444068E-3	36.280051E-3	2.5427002E-3	0.0000000E+0	NaN
-185.99999E-6	40.884450E-3	798.77232E-6	35.455685E-3	2.5463225E-3	34.485284E-3	2.5570567E-3	0.0000000E+0	NaN
-183.99999E-6	40.862132E-3	833.95984E-6	34.146175E-3	1.6975681E-3	31.455677E-3	498.87830E-6	0.0000000E+0	NaN
-181.99999E-6	40.851094E-3	883.66430E-6	33.830557E-3	1.5105604E-3	34.191240E-3	1.3343135E-3	0.0000000E+0	NaN
-180.00000E-6	40.830456E-3	822.87833E-6	36.238804E-3	2.2981472E-3	37.550267E-3	2.7880997E-3	0.0000000E+0	NaN
-177.99999E-6	40.847741E-3	771.20191E-6	36.776893E-3	2.3792842E-3	33.416960E-3	1.9682839E-3	0.0000000E+0	NaN
-176.00000E-6	40.831719E-3	776.41272E-6	32.477271E-3	1.1349866E-3	31.972218E-3	1.5586878E-3	0.0000000E+0	NaN
-174.00000E-6	40.840339E-3	877.54120E-6	36.688879E-3	3.1835234E-3	33.724446E-3	826.34424E-6	0.0000000E+0	NaN
-172.00000E-6	40.798694E-3	919.01986E-6	31.174768E-3	1.3108787E-3	31.450845E-3	-39.123355E-6	0.0000000E+0	NaN
-170.00000E-6	40.836383E-3	820.22621E-6	31.359468E-3	1.4388353E-3	31.453356E-3	677.79754E-6	0.0000000E+0	NaN
-168.00000E-6	40.809248E-3	750.03551E-6	31.011332E-3	1.0390854E-3	32.535210E-3	874.20305E-6	0.0000000E+0	NaN
-166.00000E-6	40.841956E-3	770.84289E-6	32.275885E-3	231.51020E-6	32.334089E-3	751.49594E-6	0.0000000E+0	NaN
-164.00000E-6	40.819488E-3	864.24430E-6	32.538049E-3	1.3740535E-3	31.466182E-3	120.26979E-6	0.0000000E+0	NaN
-162.00000E-6	40.828772E-3	885.32030E-6	30.990187E-3	-14.260101E-6	31.469394E-3	-43.120806E-6	0.0000000E+0	NaN
-160.00000E-6	40.864129E-3	796.58587E-6	30.969117E-3	644.94892E-6	31.473782E-3	607.48734E-6	0.0000000E+0	NaN
-158.00000E-6	40.890571E-3	750.39791E-6	34.260936E-3	996.51027E-6	31.505384E-3	-20.330548E-6	0.0000000E+0	NaN
-155.99999E-6	40.885888E-3	772.59931E-6	30.956088E-3	207.70419E-6	32.356333E-3	801.15080E-6	0.0000000E+0	NaN
-153.99999E-6	40.899023E-3	862.71192E-6	31.986468E-3	75.598531E-6	32.334488E-3	513.29139E-6	0.0000000E+0	NaN
-151.99999E-6	40.949527E-3	892.46401E-6	33.357482E-3	2.3903002E-3	31.486560E-3	-33.570428E-6	0.0000000E+0	NaN
-149.99999E-6	40.990066E-3	817.05471E-6	30.989243E-3	-60.758739E-6	31.471945E-3	-52.674957E-6	0.0000000E+0	NaN
-147.99999E-6	41.015286E-3	743.57691E-6	30.973455E-3	-30.650008E-6	31.504251E-3	-26.933503E-6	0.0000000E+0	NaN
-145.99999E-6	41.013852E-3	793.08607E-6	30.931573E-3	47.939448E-6	31.499449E-3	47.568574E-6	0.0000000E+0	NaN
-143.99999E-6	41.010518E-3	867.63024E-6	30.929394E-3	70.035101E-6	31.464569E-3	52.777130E-6	0.0000000E+0	NaN
-141.99999E-6	41.097406E-3	897.44356E-6	30.801885E-3	19.153927E-6	31.474125E-3	-21.985265E-6	0.0000000E+0	NaN
-139.99999E-6	41.144688E-3	809.93061E-6	30.832799E-3	-81.901060E-6	31.562828E-3	-92.745577E-6	0.0000000E+0	NaN
-138.00000E-6	41.186281E-3	750.32382E-6	30.847648E-3	-63.967542E-6	31.575516E-3	-47.597099E-6	0.0000000E+0	NaN
-135.99999E-6	41.152444E-3	811.51241E-6	30.801008E-3	-3.8993394E-6	31.568345E-3	47.376161E-6	0.0000000E+0	NaN
-134.00000E-6	41.162744E-3	898.76447E-6	30.792920E-3	85.839594E-6	31.550441E-3	71.207593E-6	0.0000000E+0	NaN
-131.99999E-6	41.200958E-3	875.98432E-6	30.797977E-3	1.9639308E-6	31.534299E-3	-28.142909E-6	0.0000000E+0	NaN
-130.00000E-6	41.162901E-3	782.70742E-6	30.840272E-3	-56.457753E-6	31.554643E-3	-61.885759E-6	0.0000000E+0	NaN
-127.99999E-6	41.174889E-3	741.78545E-6	30.818613E-3	-72.960152E-6	31.536527E-3	-54.786466E-6	0.0000000E+0	NaN
-126.00000E-6	41.149348E-3	817.95797E-6	30.840058E-3	9.9884164E-6	31.580817E-3	48.429803E-6	0.0000000E+0	NaN
-124.00000E-6	41.111946E-3	882.47092E-6	30.831898E-3	77.925120E-6	31.604763E-3	49.405280E-6	0.0000000E+0	NaN
-122.00000E-6	41.107241E-3	850.99542E-6	30.847637E-3	22.927459E-6	31.597037E-3	280.03959E-9	0.0000000E+0	NaN
-120.00000E-6	41.111063E-3	782.81271E-6	30.868022E-3	-31.313964E-6	31.581473E-3	-62.727915E-6	0.0000000E+0	NaN
-118.00000E-6	41.127123E-3	742.79273E-6	30.625336E-3	-75.691678E-6	31.601410E-3	-57.308611E-6	0.0000000E+0	NaN
-116.00000E-6	41.096926E-3	827.98785E-6	30.663418E-3	-11.319758E-6	31.606067E-3	27.802602E-6	0.0000000E+0	NaN
-113.99999E-6	41.102160E-3	881.11992E-6	30.653426E-3	68.413305E-6	31.557638E-3	68.396082E-6	0.0000000E+0	NaN
-111.99999E-6	41.184012E-3	846.02652E-6	30.703159E-3	51.182225E-6	31.552099E-3	11.600017E-6	0.0000000E+0	NaN
-109.99999E-6	41.120496E-3	781.30019E-6	30.698992E-3	-18.818895E-6	31.546060E-3	-72.906623E-6	0.0000000E+0	NaN
-107.99999E-6	41.065529E-3	782.07994E-6	30.678840E-3	-76.660879E-6	31.554535E-3	-45.883473E-6	0.0000000E+0	NaN
-105.99999E-6	40.947653E-3	869.80977E-6	30.657332E-3	-9.8731871E-6	31.533513E-3	44.651191E-6	0.0000000E+0	NaN
-103.99999E-6	40.708289E-3	924.17962E-6	30.757383E-3	56.316025E-6	31.547051E-3	67.594890E-6	0.0000000E+0	NaN
-102.00000E-6	40.790904E-3	853.88770E-6	30.792745E-3	73.495910E-6	31.466193E-3	29.968436E-6	0.0000000E+0	NaN
-99.999997E-6	40.666621E-3	814.83024E-6	30.796431E-3	-40.116582E-6	31.446487E-3	-57.901714E-6	0.0000000E+0	NaN
-97.999997E-6	40.841360E-3	799.19730E-6	30.806480E-3	-84.630039E-6	31.416170E-3	-62.388550E-6	0.0000000E+0	NaN
-95.999996E-6	40.608648E-3	942.89565E-6	30.814122E-3	-15.872847E-6	31.425148E-3	10.722662E-6	0.0000000E+0	NaN
-93.999995E-6	40.744998E-3	943.20369E-6	30.760236E-3	38.158028E-6	31.466994E-3	66.470668E-6	0.0000000E+0	NaN
-91.999995E-6	40.791012E-3	854.50709E-6	30.778581E-3	73.293646E-6	31.454381E-3	41.304778E-6	0.0000000E+0	NaN
-89.999994E-6	40.814206E-3	767.52517E-6	30.694149E-3	-39.445764E-6	31.434823E-3	-68.622256E-6	0.0000000E+0	NaN
-87.999993E-6	40.759232E-3	830.93875E-6	30.660849E-3	-72.737297E-6	31.478293E-3	-68.473171E-6	0.0000000E+0	NaN
-85.999993E-6	40.866576E-3	903.45822E-6	30.731132E-3	-43.093922E-6	31.460304E-3	16.837603E-6	0.0000000E+0	NaN
-83.999992E-6	40.913142E-3	892.89784E-6	30.762222E-3	63.242347E-6	31.471632E-3	70.041002E-6	0.0000000E+0	NaN
-81.999999E-6	40.853377E-3	804.96853E-6	30.733025E-3	68.139372E-6	31.337112E-3	31.102874E-6	0.0000000E+0	NaN
-79.999998E-6	40.844686E-3	815.75988E-6	30.740008E-3	-21.154914E-6	31.231677E-3	-44.442735E-6	0.0000000E+0	NaN
-77.999997E-6	41.000590E-3	836.33291E-6	30.717747E-3	-72.168426E-6	31.310000E-3	-69.594345E-6	0.0000000E+0	NaN
-75.999997E-6	41.083615E-3	877.74056E-6	30.721141E-3	-57.604153E-6	31.288233E-3	-4.5724369E-6	0.0000000E+0	NaN
-73.999996E-6	41.062411E-3	885.96251E-6	30.720226E-3	30.013167E-6	31.315319E-3	75.477976E-6	0.0000000E+0	NaN
-71.999995E-6	41.081913E-3	809.85366E-6	30.753311E-3	64.709260E-6	31.314172E-3	45.223933E-6	0.0000000E+0	NaN
-69.999995E-6	41.068062E-3	764.66607E-6	30.771993E-3	2.3766504E-6	31.307720E-3	-58.791607E-6	0.0000000E+0	NaN
-67.999994E-6	41.168205E-3	815.77501E-6	30.801307E-3	-73.250892E-6	31.268492E-3	-82.921280E-6	0.0000000E+0	NaN
-65.999993E-6	41.110817E-3	888.49029E-6	30.796820E-3	-37.199090E-6	31.277303E-3	-13.663260E-6	0.0000000E+0	NaN
-63.999993E-6	41.127916E-3	903.55007E-6	30.816684E-3	30.785141E-6	31.288207E-3	63.771593E-6	0.0000000E+0	NaN
-61.999992E-6	41.189790E-3	814.44986E-6	30.782383E-3	84.753723E-6	31.259995E-3	23.096407E-6	0.0000000E+0	NaN
-59.999991E-6	41.162990E-3	776.80539E-6	30.815598E-3	6.3219104E-6	31.247457E-3	-38.868027E-6	0.0000000E+0	NaN
-57.999991E-6	41.210644E-3	849.44081E-6	30.748842E-3	-76.650496E-6	31.294342E-3	-63.698302E-6	0.0000000E+0	NaN
-55.999990E-6	41.357912E-3	863.03672E-6	30.739496E-3	-63.507287E-6	31.434190E-3	-21.864504E-6	0.0000000E+0	NaN
-53.999989E-6	41.299820E-3	850.76969E-6	30.765533E-3	19.897880E-6	31.424098E-3	64.037929E-6	0.0000000E+0	NaN
-51.999989E-6	41.305248E-3	767.26580E-6	30.701421E-3	70.019712E-6	31.432733E-3	63.169879E-6	0.0000000E+0	NaN
-50.000002E-6	41.184533E-3	763.26175E-6	30.711720E-3	13.410151E-6	31.397562E-3	-29.754057E-6	0.0000000E+0	NaN
-48.000002E-6	41.251548E-3	854.62828E-6	30.732334E-3	-75.636293E-6	31.423151E-3	-83.132531E-6	0.0000000E+0	NaN
-46.000001E-6	41.285001E-3	897.30776E-6	30.737756E-3	-53.826931E-6	31.422831E-3	-37.231082E-6	0.0000000E+0	NaN
-44.000000E-6	41.155200E-3	884.59300E-6	30.713852E-3	24.895840E-6	31.440999E-3	63.238462E-6	0.0000000E+0	NaN
-42.000000E-6	41.221485E-3	791.91389E-6	30.707849E-3	86.243592E-6	31.408310E-3	76.085315E-6	0.0000000E+0	NaN
-39.999999E-6	41.160982E-3	783.59141E-6	30.710684E-3	-1.2191724E-6	31.405952E-3	-26.795142E-6	0.0000000E+0	NaN
-37.999998E-6	41.312218E-3	825.14156E-6	30.725097E-3	-83.751453E-6	31.406809E-3	-75.477627E-6	0.0000000E+0	NaN
-35.999998E-6	41.127637E-3	932.09813E-6	30.794140E-3	-70.879141E-6	31.411290E-3	-23.886274E-6	0.0000000E+0	NaN
-33.999997E-6	41.124590E-3	870.71932E-6	30.767465E-3	50.487164E-6	31.418178E-3	40.810373E-6	0.0000000E+0	NaN
-31.999996E-6	41.031498E-3	775.38920E-6	30.818770E-3	61.646118E-6	31.418372E-3	60.890659E-6	0.0000000E+0	NaN
-29.999996E-6	40.797830E-3	837.58519E-6	30.759420E-3	6.3179259E-6	31.434432E-3	-1.9638842E-6	0.0000000E+0	NaN
-27.999995E-6	40.778562E-3	898.29887E-6	30.723400E-3	-77.156343E-6	31.430863E-3	274.23637E-6	0.0000000E+0	NaN
-25.999994E-6	40.815078E-3	989.10427E-6	30.746270E-3	-73.089970E-6	31.396382E-3	-52.095402E-6	0.0000000E+0	NaN
-23.999994E-6	40.331203E-3	1.0800390E-3	30.736612E-3	14.855010E-6	34.134816E-3	2.5734843E-3	0.0000000E+0	NaN
-21.999993E-6	40.820941E-3	948.89372E-6	30.733939E-3	76.426782E-6	31.425644E-3	788.16788E-6	0.0000000E+0	NaN
-19.999992E-6	40.705908E-3	886.00896E-6	30.755090E-3	20.488393E-6	31.445459E-3	523.55550E-6	0.0000000E+0	NaN
-17.999992E-6	40.819522E-3	884.04201E-6	31.873945E-3	540.99952E-6	31.403162E-3	-75.733849E-6	0.0000000E+0	NaN
-15.999991E-6	40.891621E-3	926.01293E-6	30.884279E-3	67.808767E-6	34.171771E-3	1.0647669E-3	0.0000000E+0	NaN
-13.999990E-6	40.970754E-3	859.13879E-6	30.872047E-3	14.939637E-6	34.681287E-3	1.5130499E-3	0.0000000E+0	NaN
-11.999990E-6	40.881678E-3	794.86362E-6	30.915046E-3	75.107208E-6	33.003747E-3	1.8238249E-3	0.0000000E+0	NaN
-9.9999888E-6	40.777318E-3	807.55021E-6	30.916682E-3	39.187642E-6	35.753708E-3	2.1977597E-3	0.0000000E+0	NaN
-7.9999882E-6	40.743593E-3	879.20256E-6	30.958224E-3	-59.916791E-6	34.964476E-3	2.4795406E-3	0.0000000E+0	NaN
-6.0000020E-6	40.843058E-3	895.61456E-6	30.923244E-3	-50.508541E-6	35.098184E-3	2.0625948E-3	0.0000000E+0	NaN
-4.0000014E-6	40.806152E-3	865.69518E-6	30.959053E-3	-1.4589173E-6	31.604558E-3	221.04978E-6	0.0000000E+0	NaN
-2.0000007E-6	40.788978E-3	772.08312E-6	30.946953E-3	83.672065E-6	31.370319E-3	838.77629E-6	0.0000000E+0	NaN
0.0000000E+0	40.841691E-3	786.67776E-6	31.979352E-3	53.335607E-6	34.060482E-3	2.6280072E-3	0.0000000E+0	NaN
2.0000007E-6	40.945783E-3	859.12633E-6	31.756211E-3	-44.779525E-6	35.903998E-3	2.9414825E-3	0.0000000E+0	NaN
4.0000014E-6	40.943749E-3	886.81321E-6	31.900492E-3	558.65088E-6	39.251462E-3	1.5314783E-3	0.0000000E+0	NaN
6.0000020E-6	40.842623E-3	811.53540E-6	31.614315E-3	91.605820E-6	36.722153E-3	2.9331527E-3	0.0000000E+0	NaN
8.0000027E-6	40.921479E-3	766.04093E-6	31.267338E-3	1.0097716E-3	37.634894E-3	2.4688668E-3	0.0000000E+0	NaN
10.000003E-6	40.784173E-3	802.11629E-6	31.966977E-3	89.092289E-6	35.627842E-3	2.9678983E-3	0.0000000E+0	NaN
12.000004E-6	40.852256E-3	878.43090E-6	30.890564E-3	-29.098668E-6	38.969379E-3	1.4362127E-3	0.0000000E+0	NaN
14.000005E-6	40.885039E-3	887.95758E-6	30.911520E-3	-7.2921830E-6	39.439414E-3	2.2053455E-3	0.0000000E+0	NaN
16.000005E-6	40.867664E-3	784.29515E-6	30.915638E-3	915.95802E-6	38.543064E-3	2.2928054E-3	0.0000000E+0	NaN
18.000006E-6	40.802617E-3	768.48030E-6	30.924112E-3	1.0715449E-3	38.078118E-3	1.5910320E-3	0.0000000E+0	NaN
20.000007E-6	40.897187E-3	812.31777E-6	31.109964E-3	241.74251E-6	40.609527E-3	977.36751E-6	0.0000000E+0	NaN
22.000007E-6	40.910173E-3	872.79640E-6	35.087451E-3	2.8337089E-3	40.560883E-3	895.44663E-6	0.0000000E+0	NaN
24.000008E-6	40.935419E-3	879.35699E-6	32.838698E-3	1.3701485E-3	40.424824E-3	804.32475E-6	0.0000000E+0	NaN
26.000009E-6	40.918831E-3	807.95260E-6	32.005742E-3	1.4372215E-3	40.106986E-3	1.2619520E-3	0.0000000E+0	NaN
28.000009E-6	40.922675E-3	740.86298E-6	30.883573E-3	596.28527E-6	39.502539E-3	1.3425897E-3	0.0000000E+0	NaN
30.000010E-6	40.906549E-3	811.46701E-6	33.469830E-3	1.6588873E-3	40.033489E-3	1.7929877E-3	0.0000000E+0	NaN
32.000011E-6	40.916495E-3	891.84073E-6	34.453504E-3	1.7240627E-3	40.814541E-3	818.89553E-6	0.0000000E+0	NaN
34.000012E-6	40.886227E-3	872.73121E-6	34.833409E-3	1.8554805E-3	40.644128E-3	800.94428E-6	0.0000000E+0	NaN
35.999998E-6	40.894520E-3	802.28940E-6	30.867653E-3	326.39355E-6	40.198158E-3	1.4408426E-3	0.0000000E+0	NaN
37.999998E-6	40.822081E-3	746.76482E-6	38.848665E-3	2.1845631E-3	40.861443E-3	937.25155E-6	0.0000000E+0	NaN
39.999999E-6	40.877577E-3	822.97693E-6	36.037143E-3	2.8182010E-3	41.012611E-3	906.90976E-6	0.0000000E+0	NaN
42.000000E-6	40.875338E-3	877.37438E-6	37.513070E-3	2.8430789E-3	40.990412E-3	784.67105E-6	0.0000000E+0	NaN
44.000000E-6	40.908750E-3	886.45105E-6	34.897257E-3	2.9303771E-3	40.827226E-3	821.66761E-6	0.0000000E+0	NaN
46.000016E-6	40.965661E-3	795.32486E-6	36.914408E-3	2.0294187E-3	40.829398E-3	857.31747E-6	0.0000000E+0	NaN
48.000002E-6	40.725995E-3	789.87953E-6	37.463591E-3	1.7766235E-3	41.085377E-3	892.56751E-6	0.0000000E+0	NaN
50.000017E-6	40.875711E-3	823.94108E-6	38.809478E-3	1.4379055E-3	41.083045E-3	875.36615E-6	0.0000000E+0	NaN
52.000003E-6	40.852260E-3	905.64962E-6	37.276331E-3	2.5551205E-3	40.940274E-3	811.91608E-6	0.0000000E+0	NaN
54.000018E-6	40.801551E-3	867.82221E-6	35.425615E-3	1.1966761E-3	40.974043E-3	825.73685E-6	0.0000000E+0	NaN
56.000004E-6	40.859453E-3	823.23392E-6	40.497780E-3	1.2212859E-3	40.876560E-3	859.24118E-6	0.0000000E+0	NaN
57.999991E-6	40.531170E-3	863.49907E-6	40.530812E-3	838.90097E-6	41.080669E-3	883.24602E-6	0.0000000E+0	NaN
60.000006E-6	40.722899E-3	890.85737E-6	40.747594E-3	881.39228E-6	41.089185E-3	894.53114E-6	0.0000000E+0	NaN
61.999992E-6	40.663995E-3	1.0206251E-3	40.009771E-3	999.12530E-6	41.015416E-3	852.07564E-6	0.0000000E+0	NaN
64.000007E-6	40.782601E-3	893.74336E-6	39.920479E-3	1.0028700E-3	40.998787E-3	785.98666E-6	0.0000000E+0	NaN
65.999993E-6	40.569518E-3	848.59371E-6	39.897673E-3	1.4327274E-3	41.064631E-3	785.61855E-6	0.0000000E+0	NaN
68.000008E-6	40.737044E-3	753.89579E-6	38.506418E-3	1.5688947E-3	41.050185E-3	864.93307E-6	0.0000000E+0	NaN
69.999995E-6	40.803913E-3	858.82744E-6	38.258161E-3	1.5403950E-3	41.125163E-3	897.04763E-6	0.0000000E+0	NaN
72.000010E-6	40.704224E-3	1.0230814E-3	37.892099E-3	2.2401018E-3	41.120708E-3	844.94817E-6	0.0000000E+0	NaN
73.999996E-6	40.707164E-3	924.38271E-6	38.077626E-3	1.7352917E-3	41.117121E-3	778.74638E-6	0.0000000E+0	NaN
76.000011E-6	39.536744E-3	1.4555695E-3	40.163476E-3	869.21029E-6	41.104283E-3	784.58514E-6	0.0000000E+0	NaN
77.999997E-6	39.066814E-3	1.8512581E-3	40.226635E-3	905.99514E-6	41.056383E-3	870.47025E-6	0.0000000E+0	NaN
80.000013E-6	39.864615E-3	1.2800124E-3	40.187638E-3	1.0453622E-3	41.088730E-3	885.05133E-6	0.0000000E+0	NaN
81.999999E-6	40.300906E-3	1.0887741E-3	40.162500E-3	981.78827E-6	41.083708E-3	852.78682E-6	0.0000000E+0	NaN
84.000014E-6	40.402051E-3	974.49817E-6	40.138546E-3	832.26402E-6	41.085351E-3	785.16011E-6	0.0000000E+0	NaN
86.000000E-6	40.140647E-3	1.1843870E-3	40.344853E-3	825.84092E-6	41.190267E-3	755.24929E-6	0.0000000E+0	NaN
88.000015E-6	40.733993E-3	913.42372E-6	40.448904E-3	929.99643E-6	41.152604E-3	819.54408E-6	0.0000000E+0	NaN
90.000001E-6	39.928291E-3	901.95535E-6	40.502526E-3	937.30591E-6	41.214962E-3	889.06614E-6	0.0000000E+0	NaN
92.000017E-6	40.484406E-3	939.64877E-6	40.400196E-3	965.56073E-6	41.171961E-3	864.12451E-6	0.0000000E+0	NaN
94.000003E-6	40.434875E-3	1.1920104E-3	40.667403E-3	781.33482E-6	41.218989E-3	778.95110E-6	0.0000000E+0	NaN
96.000018E-6	34.669217E-3	2.6822202E-3	40.666517E-3	794.53271E-6	41.043334E-3	778.86047E-6	0.0000000E+0	NaN
98.000004E-6	38.870718E-3	1.8986461E-3	40.719397E-3	829.97815E-6	41.133687E-3	846.07158E-6	0.0000000E+0	NaN
99.999990E-6	38.689326E-3	2.1459607E-3	40.693421E-3	907.68689E-6	40.626336E-3	922.59562E-6	0.0000000E+0	NaN
102.00001E-6	40.098947E-3	1.1494161E-3	40.603220E-3	867.24217E-6	40.912427E-3	928.17401E-6	0.0000000E+0	NaN
103.99999E-6	40.453292E-3	994.34692E-6	40.684644E-3	777.03933E-6	40.967681E-3	844.91697E-6	0.0000000E+0	NaN
106.00001E-6	38.461741E-3	1.2501071E-3	40.729053E-3	771.69714E-6	40.981978E-3	795.84360E-6	0.0000000E+0	NaN
107.99999E-6	39.008081E-3	1.5046106E-3	40.643539E-3	839.94307E-6	40.959883E-3	820.31579E-6	0.0000000E+0	NaN
110.00001E-6	38.787190E-3	1.9569318E-3	40.589631E-3	923.12804E-6	40.992264E-3	915.80482E-6	0.0000000E+0	NaN
111.99999E-6	37.974700E-3	2.4430184E-3	40.606406E-3	904.56015E-6	41.048758E-3	942.53931E-6	0.0000000E+0	NaN
114.00001E-6	35.119824E-3	3.0382767E-3	40.808309E-3	767.63361E-6	40.779073E-3	1.0155521E-3	0.0000000E+0	NaN
116.00000E-6	36.991093E-3	2.7364574E-3	40.785339E-3	738.40801E-6	40.438000E-3	796.28266E-6	0.0000000E+0	NaN
118.00001E-6	35.746235E-3	2.5737095E-3	40.745609E-3	822.10248E-6	40.768635E-3	853.26546E-6	0.0000000E+0	NaN
120.00000E-6	36.392562E-3	2.8680365E-3	40.723827E-3	887.19837E-6	40.603422E-3	1.0556944E-3	0.0000000E+0	NaN
122.00001E-6	35.194431E-3	2.4134694E-3	40.707998E-3	857.57696E-6	40.651403E-3	963.79500E-6	0.0000000E+0	NaN
124.00000E-6	36.093093E-3	2.7794989E-3	40.679920E-3	810.00070E-6	40.835161E-3	1.0618593E-3	0.0000000E+0	NaN
126.00001E-6	35.522282E-3	2.4569244E-3	40.685795E-3	743.10234E-6	39.053630E-3	1.4456344E-3	0.0000000E+0	NaN
128.00000E-6	37.137602E-3	2.2105759E-3	40.692814E-3	835.20066E-6	39.139833E-3	2.0564159E-3	0.0000000E+0	NaN
130.00001E-6	35.489906E-3	1.5668643E-3	40.686186E-3	895.76340E-6	40.980451E-3	916.52141E-6	0.0000000E+0	NaN
132.00000E-6	33.712268E-3	2.3106704E-3	40.729903E-3	850.18954E-6	40.263128E-3	1.6940332E-3	0.0000000E+0	NaN
134.00002E-6	32.587983E-3	1.9868778E-3	40.743601E-3	773.86445E-6	39.679650E-3	1.8557645E-3	0.0000000E+0	NaN
136.00000E-6	32.753076E-3	1.8345207E-3	40.573850E-3	773.69896E-6	38.074341E-3	2.4186205E-3	0.0000000E+0	NaN
138.00002E-6	30.927083E-3	204.52855E-6	40.709134E-3	836.85591E-6	40.455502E-3	1.3400274E-3	0.0000000E+0	NaN
140.00000E-6	31.530179E-3	42.419517E-6	40.707450E-3	874.95148E-6	38.430713E-3	1.7406151E-3	0.0000000E+0	NaN
141.99999E-6	33.955287E-3	1.6529417E-3	40.686172E-3	935.36952E-6	39.500531E-3	1.5589120E-3	0.0000000E+0	NaN
144.00001E-6	32.992542E-3	2.1096608E-3	40.625721E-3	794.40966E-6	40.886823E-3	1.0453259E-3	0.0000000E+0	NaN
145.99999E-6	33.482805E-3	2.1224008E-3	40.670749E-3	748.35983E-6	35.197824E-3	1.2226680E-3	0.0000000E+0	NaN
148.00001E-6	32.384764E-3	279.23009E-6	40.657543E-3	798.77797E-6	34.389134E-3	2.8623296E-3	0.0000000E+0	NaN
149.99999E-6	33.019885E-3	581.64116E-6	40.703282E-3	867.41487E-6	37.470628E-3	2.8428538E-3	0.0000000E+0	NaN
152.00001E-6	31.687330E-3	810.41415E-6	40.547021E-3	900.10499E-6	35.497159E-3	1.9329900E-3	0.0000000E+0	NaN
153.99999E-6	30.881917E-3	-14.256329E-6	40.649701E-3	814.77058E-6	33.440907E-3	371.63886E-6	0.0000000E+0	NaN
156.00001E-6	30.913889E-3	-74.577678E-6	40.638845E-3	774.67685E-6	33.232879E-3	235.78919E-6	0.0000000E+0	NaN
158.00000E-6	30.909659E-3	-48.839662E-6	40.680762E-3	824.96245E-6	33.835724E-3	1.6245984E-3	0.0000000E+0	NaN
160.00001E-6	30.904112E-3	39.905146E-6	40.515959E-3	895.10978E-6	32.747909E-3	1.9556673E-3	0.0000000E+0	NaN
162.00000E-6	30.853705E-3	58.793801E-6	40.520042E-3	908.92462E-6	32.742374E-3	220.17714E-6	0.0000000E+0	NaN
164.00001E-6	30.858111E-3	-26.573898E-6	40.505741E-3	833.45320E-6	33.544872E-3	678.58369E-6	0.0000000E+0	NaN
166.00000E-6	30.838789E-3	-77.200893E-6	40.389266E-3	906.62338E-6	31.657267E-3	1.0125960E-3	0.0000000E+0	NaN
168.00001E-6	30.852804E-3	-28.280365E-6	40.668789E-3	803.43412E-6	34.061331E-3	2.2484153E-3	0.0000000E+0	NaN
170.00000E-6	30.890465E-3	55.027129E-6	40.582441E-3	943.00439E-6	34.599774E-3	1.7042300E-3	0.0000000E+0	NaN
172.00001E-6	30.867927E-3	63.330932E-6	39.908111E-3	987.57911E-6	31.710327E-3	76.552773E-6	0.0000000E+0	NaN
174.00000E-6	30.930148E-3	-40.775401E-6	39.974291E-3	1.0512989E-3	31.635039E-3	132.19366E-6	0.0000000E+0	NaN
176.00002E-6	30.967517E-3	-77.745513E-6	40.685222E-3	773.54547E-6	31.653732E-3	-23.717812E-6	0.0000000E+0	NaN
178.00000E-6	30.947825E-3	-26.800670E-6	40.713772E-3	796.69157E-6	31.679887E-3	-86.272892E-6	0.0000000E+0	NaN
180.00002E-6	30.952143E-3	57.977340E-6	40.664155E-3	946.01914E-6	31.656094E-3	-29.068551E-6	0.0000000E+0	NaN
182.00000E-6	30.958349E-3	52.550629E-6	40.689483E-3	935.06341E-6	31.598084E-3	54.336946E-6	0.0000000E+0	NaN
184.00002E-6	30.983038E-3	-26.926546E-6	40.569134E-3	870.77322E-6	31.617731E-3	48.129899E-6	0.0000000E+0	NaN
186.00000E-6	30.950578E-3	-65.892862E-6	39.946366E-3	1.0321366E-3	31.611070E-3	600.40317E-6	0.0000000E+0	NaN
187.99999E-6	30.959714E-3	-2.8036054E-6	39.675511E-3	1.0298147E-3	31.608593E-3	-97.114425E-6	0.0000000E+0	NaN
190.00001E-6	30.976905E-3	62.501669E-6	40.612608E-3	1.2768195E-3	31.562731E-3	130.26599E-6	0.0000000E+0	NaN
191.99999E-6	30.975742E-3	57.538149E-6	37.558082E-3	2.8845072E-3	32.151513E-3	747.64271E-6	0.0000000E+0	NaN
194.00001E-6	31.011373E-3	-29.468943E-6	36.623660E-3	1.9210610E-3	31.529453E-3	56.384066E-6	0.0000000E+0	NaN
195.99999E-6	31.075004E-3	-77.333825E-6	38.769301E-3	1.3378075E-3	31.503096E-3	109.27951E-6	0.0000000E+0	NaN
198.00001E-6	31.088101E-3	-11.128018E-6	39.102275E-3	2.3519171E-3	32.845613E-3	463.03414E-6	0.0000000E+0	NaN
199.99999E-6	31.050544E-3	71.357652E-6	37.387889E-3	2.0012143E-3	32.229789E-3	1.3081733E-3	0.0000000E+0	NaN
202.00001E-6	31.076735E-3	48.463568E-6	38.835537E-3	1.3263390E-3	31.685598E-3	21.241245E-6	0.0000000E+0	0.0000000E+0
204.00000E-6	31.085430E-3	-38.043989E-6	38.888361E-3	2.3986609E-3	33.466518E-3	2.2925797E-3	0.0000000E+0	0.0000000E+0
206.00001E-6	30.989805E-3	-65.221437E-6	36.945738E-3	1.9606291E-3	34.394950E-3	558.12794E-6	0.0000000E+0	0.0000000E+0
208.00000E-6	30.946989E-3	26.351714E-6	36.948208E-3	1.7019339E-3	32.476868E-3	321.73551E-6	0.0000000E+0	0.0000000E+0
210.00001E-6	31.037036E-3	80.454927E-6	33.945534E-3	1.6763485E-3	31.520657E-3	-52.415347E-6	0.0000000E+0	0.0000000E+0
212.00000E-6	31.038828E-3	46.541329E-6	33.402424E-3	738.54660E-6	31.504303E-3	13.767457E-6	0.0000000E+0	0.0000000E+0
214.00001E-6	31.026794E-3	-51.199233E-6	35.185263E-3	1.6032226E-3	31.466905E-3	56.487286E-6	0.0000000E+0	0.0000000E+0
216.00000E-6	31.021884E-3	-77.561213E-6	31.311803E-3	82.483617E-6	31.478520E-3	34.860121E-6	0.0000000E+0	0.0000000E+0
218.00002E-6	31.034186E-3	21.633679E-6	31.988736E-3	1.7420274E-3	31.440184E-3	-29.902190E-6	0.0000000E+0	0.0000000E+0
220.00000E-6	31.070478E-3	67.372523E-6	34.711864E-3	1.6653140E-3	31.450901E-3	-52.693860E-6	0.0000000E+0	0.0000000E+0
222.00002E-6	31.094804E-3	22.025464E-6	32.121722E-3	57.517005E-6	31.426899E-3	-1.6214391E-6	0.0000000E+0	0.0000000E+0
224.00000E-6	31.050464E-3	-51.361469E-6	32.206107E-3	812.46893E-6	31.424377E-3	74.142750E-6	0.0000000E+0	0.0000000E+0
226.00002E-6	31.039702E-3	-52.221156E-6	33.844668E-3	3.1685405E-3	31.416506E-3	56.475546E-6	0.0000000E+0	0.0000000E+0
228.00000E-6	31.052042E-3	16.418508E-6	34.580614E-3	2.0521195E-3	31.401865E-3	-51.614530E-6	0.0000000E+0	0.0000000E+0
229.99999E-6	31.030431E-3	67.869652E-6	31.659655E-3	1.4748707E-3	31.388443E-3	-65.201180E-6	0.0000000E+0	0.0000000E+0
232.00001E-6	31.017628E-3	16.836686E-6	31.319652E-3	21.407996E-6	31.423777E-3	-25.933572E-6	0.0000000E+0	0.0000000E+0
233.99999E-6	31.066392E-3	-61.301012E-6	31.375550E-3	68.667832E-6	31.404115E-3	67.163259E-6	0.0000000E+0	0.0000000E+0
236.00001E-6	31.030970E-3	-61.632811E-6	31.377908E-3	30.010036E-6	31.439021E-3	55.368062E-6	0.0000000E+0	0.0000000E+0
237.99999E-6	31.051803E-3	15.589412E-6	31.320829E-3	-32.056621E-6	31.404439E-3	-30.974767E-6	0.0000000E+0	0.0000000E+0
240.00001E-6	31.059280E-3	64.731139E-6	31.647671E-3	377.21603E-6	31.381410E-3	-76.689132E-6	0.0000000E+0	0.0000000E+0
241.99999E-6	31.028209E-3	35.464916E-6	31.367529E-3	-12.777530E-6	31.367186E-3	-41.702053E-6	0.0000000E+0	0.0000000E+0
244.00001E-6	31.049185E-3	-53.572199E-6	31.978164E-3	74.332085E-6	31.381305E-3	50.264898E-6	0.0000000E+0	0.0000000E+0
246.00001E-6	31.022346E-3	-74.782714E-6	31.654458E-3	38.441874E-6	31.401228E-3	55.176821E-6	0.0000000E+0	0.0000000E+0
248.00003E-6	30.932290E-3	34.252040E-6	31.317186E-3	642.85978E-6	31.433474E-3	6.4727647E-6	0.0000000E+0	0.0000000E+0
249.99998E-6	30.911256E-3	52.378629E-6	31.339671E-3	-82.163613E-6	31.393304E-3	-75.250042E-6	0.0000000E+0	0.0000000E+0
252.00000E-6	30.917373E-3	19.211231E-6	31.334061E-3	-18.625800E-6	31.357814E-3	-42.869095E-6	0.0000000E+0	0.0000000E+0
254.00001E-6	30.896889E-3	-65.800690E-6	31.397905E-3	16.872609E-6	31.352695E-3	11.657278E-6	0.0000000E+0	-0.0000000E+0
256.00003E-6	30.935654E-3	-56.974681E-6	31.368461E-3	67.610708E-6	31.356256E-3	66.749162E-6	0.0000000E+0	-0.0000000E+0
257.99999E-6	30.990856E-3	20.109494E-6	31.380083E-3	-11.972993E-6	31.385791E-3	25.656349E-6	0.0000000E+0	0.0000000E+0
260.00000E-6	30.986734E-3	69.239650E-6	31.420238E-3	-81.041544E-6	31.378500E-3	-55.171382E-6	0.0000000E+0	0.0000000E+0
262.00002E-6	30.963419E-3	9.6557005E-6	31.440474E-3	-79.360449E-6	31.368569E-3	-51.894054E-6	0.0000000E+0	0.0000000E+0
264.00003E-6	31.011805E-3	-80.131533E-6	31.424884E-3	13.585221E-6	31.333108E-3	-4.2677616E-6	0.0000000E+0	-0.0000000E+0
265.99999E-6	31.046195E-3	-52.758442E-6	31.444225E-3	62.886269E-6	31.375397E-3	60.033122E-6	0.0000000E+0	-0.0000000E+0
268.00000E-6	31.054022E-3	64.765307E-6	31.444781E-3	34.001208E-6	31.345017E-3	37.137550E-6	0.0000000E+0	0.0000000E+0
270.00002E-6	31.068889E-3	61.971747E-6	31.509873E-3	-62.957144E-6	31.362820E-3	-53.573702E-6	0.0000000E+0	0.0000000E+0
271.99998E-6	31.127468E-3	-17.292021E-6	31.533118E-3	-96.386873E-6	31.367391E-3	-64.441985E-6	0.0000000E+0	-0.0000000E+0
273.99999E-6	31.163391E-3	-90.085719E-6	31.498529E-3	-8.4707744E-6	31.382538E-3	5.3736444E-6	0.0000000E+0	-0.0000000E+0
276.00001E-6	31.124920E-3	-29.804933E-6	31.540979E-3	60.434817E-6	31.316727E-3	53.309908E-6	0.0000000E+0	-0.0000000E+0
278.00002E-6	31.158477E-3	30.798081E-6	31.568490E-3	13.706552E-6	31.355724E-3	66.863475E-6	0.0000000E+0	0.0000000E+0
279.99998E-6	31.218830E-3	55.731940E-6	31.617854E-3	-27.380209E-6	31.348661E-3	-8.3491886E-6	0.0000000E+0	0.0000000E+0
281.99999E-6	31.378377E-3	-13.947853E-6	31.611767E-3	-73.596355E-6	31.343009E-3	-71.690585E-6	0.0000000E+0	0.0000000E+0
284.00001E-6	31.278353E-3	-58.593290E-6	31.617362E-3	-15.017798E-6	31.331722E-3	-41.106661E-6	0.0000000E+0	-0.0000000E+0
286.00002E-6	31.214302E-3	-43.517364E-6	31.634465E-3	45.879537E-6	31.370603E-3	46.643872E-6	0.0000000E+0	-0.0000000E+0
287.99998E-6	31.255700E-3	49.830272E-6	31.581383E-3	70.375507E-6	31.374507E-3	48.039630E-6	0.0000000E+0	0.0000000E+0
290.00000E-6	31.301796E-3	66.363245E-6	31.570181E-3	-5.1850539E-6	31.383712E-3	-21.112997E-6	0.0000000E+0	0.0000000E+0
292.00001E-6	31.280916E-3	-35.314886E-6	31.544767E-3	-72.884795E-6	31.374976E-3	-65.375927E-6	0.0000000E+0	0.0000000E+0
293.99997E-6	31.288043E-3	-84.720879E-6	31.489044E-3	-28.389155E-6	31.395260E-3	-52.154966E-6	0.0000000E+0	-0.0000000E+0
295.99998E-6	31.418409E-3	-26.189344E-6	31.470396E-3	55.371409E-6	31.389516E-3	32.751956E-6	0.0000000E+0	-0.0000000E+0
298.00000E-6	31.441886E-3	61.098195E-6	31.463422E-3	51.858173E-6	31.386849E-3	56.513349E-6	0.0000000E+0	0.0000000E+0
300.00001E-6	31.418163E-3	54.092794E-6	31.452309E-3	6.1087430E-6	31.399012E-3	2.6901589E-6	0.0000000E+0	0.0000000E+0
301.99997E-6	31.387761E-3	-34.496552E-6	31.415854E-3	-83.167099E-6	31.364765E-3	-53.023388E-6	0.0000000E+0	-0.0000000E+0
303.99999E-6	31.359486E-3	-90.689216E-6	31.398032E-3	-51.794508E-6	31.371281E-3	-56.004639E-6	0.0000000E+0	-0.0000000E+0
306.00000E-6	31.327110E-3	283.08094E-6	31.367220E-3	14.342273E-6	31.371247E-3	44.578206E-6	0.0000000E+0	-0.0000000E+0
308.00002E-6	31.355068E-3	69.833099E-6	31.324007E-3	68.677989E-6	31.339064E-3	85.893822E-6	0.0000000E+0	0.0000000E+0
309.99997E-6	31.351209E-3	116.21572E-6	31.285960E-3	9.6235244E-6	31.315137E-3	19.343286E-6	0.0000000E+0	0.0000000E+0
311.99999E-6	31.282544E-3	-36.353438E-6	31.294212E-3	-45.665900E-6	31.317331E-3	-71.180395E-6	0.0000000E+0	0.0000000E+0
314.00000E-6	31.243384E-3	-71.784591E-6	31.249784E-3	-77.534642E-6	31.367168E-3	-46.981913E-6	0.0000000E+0	-0.0000000E+0
315.99996E-6	31.243065E-3	791.34927E-6	31.248808E-3	-15.790578E-6	31.341434E-3	17.753748E-6	0.0000000E+0	-0.0000000E+0
317.99998E-6	31.248147E-3	62.831597E-6	31.251092E-3	74.333795E-6	31.329677E-3	55.681361E-6	0.0000000E+0	0.0000000E+0
319.99999E-6	31.184752E-3	38.816623E-6	31.196360E-3	44.990906E-6	31.313758E-3	19.199402E-6	0.0000000E+0	0.0000000E+0
322.00001E-6	31.142786E-3	-45.367320E-6	31.173810E-3	-41.524476E-6	31.313043E-3	-48.539005E-6	0.0000000E+0	0.0000000E+0
323.99996E-6	33.914462E-3	929.33909E-6	31.161360E-3	-71.609429E-6	31.349432E-3	-59.977720E-6	0.0000000E+0	-0.0000000E+0
325.99998E-6	32.912213E-3	1.4330540E-3	31.168073E-3	-20.553976E-6	31.330794E-3	165.05433E-9	0.0000000E+0	-0.0000000E+0
327.99999E-6	32.171179E-3	1.8549793E-3	31.136833E-3	33.529879E-6	31.727415E-3	1.0027200E-3	0.0000000E+0	0.0000000E+0
330.00001E-6	34.738723E-3	2.1565021E-3	31.138312E-3	44.478140E-6	31.975914E-3	665.08987E-6	0.0000000E+0	0.0000000E+0
331.99997E-6	33.554722E-3	510.10074E-6	31.128183E-3	19.157840E-6	31.256326E-3	-58.847847E-6	0.0000000E+0	0.0000000E+0
333.99998E-6	32.842722E-3	679.77008E-6	31.106273E-3	-79.372592E-6	33.687271E-3	1.6968042E-3	0.0000000E+0	-0.0000000E+0
336.00000E-6	31.436592E-3	1.2360172E-3	31.144347E-3	-42.893553E-6	33.808317E-3	525.93107E-6	0.0000000E+0	-0.0000000E+0
338.00001E-6	35.385050E-3	1.8024587E-3	31.147115E-3	39.481438E-6	31.262439E-3	1.4055379E-3	0.0000000E+0	0.0000000E+0
339.99997E-6	31.981893E-3	885.16524E-6	31.124156E-3	83.885658E-6	31.266149E-3	34.158435E-6	0.0000000E+0	0.0000000E+0
341.99998E-6	31.073989E-3	-48.800495E-6	31.101152E-3	6.9784614E-6	31.264003E-3	-60.566461E-6	0.0000000E+0	0.0000000E+0
344.00000E-6	38.878545E-3	2.1338484E-3	31.101849E-3	-87.476954E-6	35.442282E-3	2.1737840E-3	0.0000000E+0	-0.0000000E+0
346.00002E-6	34.124367E-3	2.3478926E-3	31.092800E-3	-58.045804E-6	38.495190E-3	1.8899057E-3	0.0000000E+0	-0.0000000E+0
347.99997E-6	36.158346E-3	3.0648732E-3	31.111568E-3	19.717005E-6	34.563575E-3	2.5315501E-3	0.0000000E+0	-0.0000000E+0
349.99999E-6	35.800584E-3	2.7065142E-3	31.140398E-3	66.351924E-6	32.542434E-3	266.85582E-6	0.0000000E+0	0.0000000E+0
352.00000E-6	38.312607E-3	2.4726316E-3	31.095307E-3	33.019660E-6	36.021188E-3	2.8960938E-3	0.0000000E+0	0.0000000E+0
354.00002E-6	38.772568E-3	2.0883784E-3	31.140693E-3	-51.578099E-6	35.082389E-3	2.7039323E-3	0.0000000E+0	-0.0000000E+0
355.99997E-6	35.896078E-3	3.1397673E-3	31.122398E-3	-65.994973E-6	33.553544E-3	835.06975E-6	0.0000000E+0	-0.0000000E+0
357.99999E-6	38.329136E-3	1.8233533E-3	31.095084E-3	7.7713376E-6	36.493152E-3	2.7486265E-3	0.0000000E+0	0.0000000E+0
360.00001E-6	36.052626E-3	2.8364731E-3	31.133240E-3	60.780854E-6	32.208908E-3	2.2083782E-3	0.0000000E+0	0.0000000E+0
361.99996E-6	39.790135E-3	922.29340E-6	31.140320E-3	53.943400E-6	38.186289E-3	1.8792180E-3	0.0000000E+0	0.0000000E+0
363.99998E-6	40.172428E-3	899.31948E-6	31.102290E-3	-31.651849E-6	38.101334E-3	1.9725817E-3	0.0000000E+0	-0.0000000E+0
365.99999E-6	39.549127E-3	1.0084258E-3	31.090565E-3	-96.324904E-6	40.732712E-3	965.90829E-6	0.0000000E+0	-0.0000000E+0
368.00001E-6	39.029278E-3	1.1687884E-3	31.169550E-3	-43.763681E-6	39.593678E-3	1.5588920E-3	0.0000000E+0	-0.0000000E+0
369.99997E-6	39.410453E-3	1.4379200E-3	31.223932E-3	55.686036E-6	36.579408E-3	3.1756442E-3	0.0000000E+0	0.0000000E+0
371.99998E-6	39.321207E-3	1.3194167E-3	31.318206E-3	197.68595E-6	40.150404E-3	908.42275E-6	0.0000000E+0	0.0000000E+0
374.00000E-6	39.873265E-3	916.17915E-6	31.144960E-3	7.5899388E-6	40.385697E-3	1.6426035E-3	0.0000000E+0	-0.0000000E+0
376.00001E-6	40.153183E-3	951.85224E-6	31.108053E-3	-98.999568E-6	40.766232E-3	1.0768132E-3	0.0000000E+0	-0.0000000E+0
377.99997E-6	39.802052E-3	1.2293417E-3	31.124314E-3	-54.583470E-6	38.531210E-3	1.6408457E-3	0.0000000E+0	-0.0000000E+0
379.99998E-6	39.820809E-3	1.0389113E-3	31.083463E-3	20.155418E-6	39.151005E-3	1.2751780E-3	0.0000000E+0	0.0000000E+0
382.00000E-6	40.217377E-3	850.77627E-6	31.464372E-3	405.41473E-6	40.709600E-3	877.27339E-6	0.0000000E+0	0.0000000E+0
384.00001E-6	40.208437E-3	891.74788E-6	32.254737E-3	28.727502E-6	40.552177E-3	1.2256845E-3	0.0000000E+0	-0.0000000E+0
385.99997E-6	40.384453E-3	931.41093E-6	33.715136E-3	1.5159618E-3	40.499892E-3	1.0380257E-3	0.0000000E+0	-0.0000000E+0
387.99999E-6	40.384002E-3	893.98184E-6	31.900179E-3	538.05520E-6	40.581301E-3	1.0888897E-3	0.0000000E+0	-0.0000000E+0
390.00000E-6	40.341746E-3	802.58347E-6	36.712922E-3	1.5423587E-3	40.833570E-3	930.71524E-6	0.0000000E+0	0.0000000E+0
392.00002E-6	40.363256E-3	759.54368E-6	30.919531E-3	1.4679994E-3	40.717635E-3	1.0568748E-3	0.0000000E+0	0.0000000E+0
393.99997E-6	40.187899E-3	846.94329E-6	33.640139E-3	1.6999786E-3	40.776264E-3	887.22748E-6	0.0000000E+0	-0.0000000E+0
395.99999E-6	40.220693E-3	952.38478E-6	30.864984E-3	-40.358285E-6	40.559888E-3	1.0831892E-3	0.0000000E+0	-0.0000000E+0
398.00000E-6	40.078714E-3	928.96551E-6	32.550879E-3	731.37321E-6	40.403403E-3	1.1271075E-3	0.0000000E+0	-0.0000000E+0
399.99996E-6	40.273145E-3	774.30991E-6	32.656919E-3	2.4561000E-3	40.877938E-3	865.16381E-6	0.0000000E+0	0.0000000E+0
401.99998E-6	40.249292E-3	768.56592E-6	35.390891E-3	1.5142562E-3	40.892117E-3	783.65981E-6	0.0000000E+0	0.0000000E+0
403.99999E-6	40.176533E-3	858.64478E-6	35.238210E-3	2.3276783E-3	40.925551E-3	775.68053E-6	0.0000000E+0	-0.0000000E+0
406.00001E-6	40.192142E-3	880.60036E-6	31.643134E-3	658.84873E-6	40.894911E-3	854.24446E-6	0.0000000E+0	-0.0000000E+0
407.99996E-6	40.187486E-3	844.21755E-6	33.267152E-3	809.50296E-6	40.864673E-3	892.01255E-6	0.0000000E+0	-0.0000000E+0
409.99998E-6	40.168606E-3	795.34296E-6	33.275042E-3	2.0795886E-3	40.891625E-3	851.27744E-6	0.0000000E+0	0.0000000E+0
411.99999E-6	40.186308E-3	771.70774E-6	32.533832E-3	2.0690828E-3	40.977467E-3	777.50033E-6	0.0000000E+0	0.0000000E+0
414.00001E-6	40.050812E-3	841.59430E-6	37.604187E-3	2.5879410E-3	40.935304E-3	789.04448E-6	0.0000000E+0	-0.0000000E+0
415.99997E-6	40.025726E-3	889.01242E-6	31.336468E-3	1.3600971E-3	40.775958E-3	869.72368E-6	0.0000000E+0	-0.0000000E+0
417.99998E-6	39.969902E-3	826.43854E-6	34.267657E-3	1.4785044E-3	40.851928E-3	888.55863E-6	0.0000000E+0	-0.0000000E+0
420.00000E-6	39.980672E-3	768.73641E-6	36.150359E-3	2.3497129E-3	40.815368E-3	850.44251E-6	0.0000000E+0	0.0000000E+0
422.00001E-6	40.026452E-3	794.01780E-6	37.929047E-3	1.4774415E-3	40.794507E-3	762.68398E-6	0.0000000E+0	0.0000000E+0
423.99997E-6	40.083408E-3	854.21622E-6	37.107445E-3	2.0402069E-3	40.811583E-3	796.59710E-6	0.0000000E+0	0.0000000E+0
425.99998E-6	40.089291E-3	891.42029E-6	38.669489E-3	2.6459771E-3	40.766869E-3	868.98392E-6	0.0000000E+0	0.0000000E+0
428.00000E-6	40.129632E-3	792.44038E-6	36.942519E-3	2.0421678E-3	40.819921E-3	897.54589E-6	0.0000000E+0	0.0000000E+0
430.00001E-6	40.198360E-3	731.78572E-6	39.443355E-3	1.9215904E-3	40.834066E-3	830.66639E-6	0.0000000E+0	0.0000000E+0
431.99997E-6	40.208880E-3	795.27026E-6	39.233625E-3	2.1747046E-3	40.842153E-3	766.43983E-6	0.0000000E+0	0.0000000E+0
433.99999E-6	40.239412E-3	875.95684E-6	35.201136E-3	3.3172264E-3	40.907245E-3	803.44576E-6	0.0000000E+0	0.0000000E+0
436.00000E-6	40.233981E-3	863.89505E-6	40.069956E-3	1.4328649E-3	40.902998E-3	875.65830E-6	0.0000000E+0	0.0000000E+0
438.00002E-6	40.270906E-3	804.69932E-6	37.570350E-3	1.7478387E-3	40.942300E-3	860.62774E-6	0.0000000E+0	0.0000000E+0
439.99997E-6	40.157024E-3	746.59818E-6	40.673856E-3	1.2647102E-3	40.953044E-3	805.88693E-6	0.0000000E+0	0.0000000E+0
441.99999E-6	40.199373E-3	860.71098E-6	40.807500E-3	870.68370E-6	40.824883E-3	766.65846E-6	0.0000000E+0	0.0000000E+0
444.00000E-6	40.320285E-3	897.45043E-6	40.642604E-3	895.19459E-6	40.893752E-3	794.04446E-6	0.0000000E+0	0.0000000E+0
445.99996E-6	40.347468E-3	872.54914E-6	40.950436E-3	932.80798E-6	40.853035E-3	901.92753E-6	0.0000000E+0	0.0000000E+0
447.99998E-6	40.373527E-3	792.26249E-6	40.859040E-3	874.95393E-6	40.867139E-3	901.83603E-6	0.0000000E+0	0.0000000E+0
449.99999E-6	40.319793E-3	763.83009E-6	40.897943E-3	803.33068E-6	40.896326E-3	817.72555E-6	0.0000000E+0	0.0000000E+0
452.00001E-6	40.329073E-3	846.07914E-6	40.841077E-3	761.42477E-6	40.889252E-3	729.53780E-6	0.0000000E+0	0.0000000E+0
453.99996E-6	40.387858E-3	891.88031E-6	40.427137E-3	900.94289E-6	40.909056E-3	802.38312E-6	0.0000000E+0	0.0000000E+0
455.99998E-6	40.336050E-3	881.94577E-6	40.707935E-3	923.71128E-6	40.924672E-3	915.94359E-6	0.0000000E+0	0.0000000E+0
457.99999E-6	40.175714E-3	786.24662E-6	40.886443E-3	880.34058E-6	40.828444E-3	951.39531E-6	0.0000000E+0	0.0000000E+0
460.00001E-6	39.482187E-3	1.0111749E-3	40.795837E-3	829.53239E-6	40.836822E-3	821.77564E-6	0.0000000E+0	0.0000000E+0
461.99997E-6	40.050168E-3	902.69290E-6	40.913977E-3	764.17223E-6	40.801369E-3	765.55932E-6	0.0000000E+0	0.0000000E+0
463.99998E-6	39.978266E-3	979.07195E-6	40.921923E-3	798.78041E-6	40.845186E-3	820.17790E-6	0.0000000E+0	0.0000000E+0
466.00000E-6	40.069457E-3	951.35096E-6	40.898778E-3	863.33184E-6	40.738482E-3	902.18766E-6	0.0000000E+0	0.0000000E+0
468.00001E-6	40.174328E-3	807.82757E-6	40.569574E-3	935.59281E-6	40.568281E-3	906.09596E-6	0.0000000E+0	0.0000000E+0
469.99997E-6	40.069710E-3	835.64833E-6	40.584493E-3	829.56679E-6	40.828347E-3	826.71345E-6	0.0000000E+0	0.0000000E+0
471.99999E-6	40.191561E-3	971.09383E-6	40.630884E-3	755.99982E-6	40.908884E-3	758.75584E-6	0.0000000E+0	0.0000000E+0
474.00000E-6	40.186867E-3	956.85833E-6	40.607218E-3	763.66129E-6	40.825497E-3	1.1090365E-3	0.0000000E+0	0.0000000E+0
476.00002E-6	40.131681E-3	872.01514E-6	40.578224E-3	878.09586E-6	40.919129E-3	1.2326380E-3	0.0000000E+0	0.0000000E+0
477.99997E-6	39.154030E-3	1.2297843E-3	40.912580E-3	882.35672E-6	40.278785E-3	1.3940494E-3	0.0000000E+0	0.0000000E+0
479.99999E-6	39.633662E-3	1.1738298E-3	41.017607E-3	851.27330E-6	39.050560E-3	1.0162768E-3	0.0000000E+0	0.0000000E+0
482.00000E-6	40.023457E-3	953.32740E-6	41.003197E-3	766.16724E-6	40.277686E-3	2.3623435E-3	0.0000000E+0	0.0000000E+0
483.99996E-6	39.478127E-3	1.7584187E-3	40.936053E-3	762.71110E-6	40.296279E-3	1.0066805E-3	0.0000000E+0	0.0000000E+0
485.99998E-6	39.633688E-3	1.5265746E-3	41.021146E-3	845.64288E-6	36.623374E-3	1.3583401E-3	0.0000000E+0	0.0000000E+0
487.99999E-6	39.859060E-3	1.7188387E-3	40.871631E-3	896.85444E-6	38.784258E-3	1.8286557E-3	0.0000000E+0	0.0000000E+0
490.00001E-6	39.940067E-3	929.12745E-6	40.960751E-3	845.54573E-6	38.608495E-3	1.3903502E-3	0.0000000E+0	0.0000000E+0
491.99996E-6	39.205354E-3	1.9383988E-3	41.008767E-3	781.49763E-6	40.568192E-3	1.3499876E-3	0.0000000E+0	0.0000000E+0
493.99998E-6	37.375193E-3	1.9429125E-3	40.955137E-3	780.66322E-6	40.381834E-3	933.08353E-6	0.0000000E+0	0.0000000E+0
495.99999E-6	36.090605E-3	3.1327987E-3	40.953793E-3	836.92098E-6	37.367690E-3	2.2116834E-3	0.0000000E+0	0.0000000E+0
498.00001E-6	37.531916E-3	2.5676969E-3	40.938370E-3	886.28422E-6	36.497045E-3	2.7220470E-3	0.0000000E+0	0.0000000E+0
499.99997E-6	37.388086E-3	2.1464285E-3	41.002728E-3	884.27437E-6	34.354851E-3	1.7022651E-3	0.0000000E+0	0.0000000E+0
501.99998E-6	35.624251E-3	2.3672108E-3	41.022010E-3	794.93027E-6	38.610287E-3	2.0297505E-3	0.0000000E+0	0.0000000E+0
504.00000E-6	33.327822E-3	2.3311558E-3	41.035682E-3	752.30183E-6	35.312470E-3	2.1854586E-3	0.0000000E+0	0.0000000E+0
506.00001E-6	37.581086E-3	2.5683243E-3	40.959045E-3	802.16886E-6	35.881363E-3	2.0340967E-3	0.0000000E+0	0.0000000E+0
507.99997E-6	36.837876E-3	2.9378405E-3	41.029550E-3	862.15895E-6	38.841803E-3	2.2850062E-3	0.0000000E+0	0.0000000E+0
509.99998E-6	37.570465E-3	2.3091836E-3	41.051105E-3	871.51991E-6	37.122972E-3	1.7066337E-3	0.0000000E+0	0.0000000E+0
512.00000E-6	34.015574E-3	2.5188325E-3	41.062757E-3	822.17017E-6	37.005045E-3	2.9416485E-3	0.0000000E+0	0.0000000E+0
514.00001E-6	34.925245E-3	3.0492062E-3	41.124426E-3	782.47831E-6	35.078645E-3	3.0358816E-3	0.0000000E+0	0.0000000E+0
515.99997E-6	32.344472E-3	961.08025E-6	41.070737E-3	778.34871E-6	33.082508E-3	627.39709E-6	0.0000000E+0	0.0000000E+0
517.99999E-6	31.387705E-3	1.2931844E-3	41.093405E-3	896.27423E-6	33.629280E-3	1.6176809E-3	0.0000000E+0	0.0000000E+0
520.00000E-6	32.748241E-3	806.00148E-6	41.212946E-3	902.41333E-6	35.742860E-3	1.7810328E-3	0.0000000E+0	0.0000000E+0
522.00002E-6	31.673197E-3	872.85385E-6	41.172408E-3	858.84187E-6	35.045743E-3	2.4596010E-3	0.0000000E+0	0.0000000E+0
523.99997E-6	33.042867E-3	1.5291764E-3	41.199181E-3	750.75933E-6	33.886325E-3	2.3486991E-3	0.0000000E+0	0.0000000E+0
525.99999E-6	32.416873E-3	1.2494143E-3	40.961582E-3	810.39744E-6	33.355091E-3	2.1564630E-3	0.0000000E+0	0.0000000E+0
528.00000E-6	31.332981E-3	1.4860681E-3	41.126713E-3	859.20835E-6	35.060417E-3	955.77235E-6	0.0000000E+0	0.0000000E+0
529.99996E-6	33.333033E-3	906.75149E-6	41.084263E-3	918.43685E-6	32.278191E-3	425.34369E-6	0.0000000E+0	0.0000000E+0
531.99998E-6	33.829518E-3	1.3336869E-3	41.120775E-3	887.31729E-6	33.131089E-3	2.0715091E-3	0.0000000E+0	0.0000000E+0
533.99999E-6	31.118205E-3	32.272477E-6	39.972354E-3	1.4949954E-3	30.981051E-3	51.353349E-6	0.0000000E+0	0.0000000E+0
536.00001E-6	31.172602E-3	-56.200111E-6	40.840931E-3	873.50619E-6	31.607926E-3	67.911416E-6	0.0000000E+0	0.0000000E+0
537.99996E-6	31.209985E-3	-83.247935E-6	39.996732E-3	866.76650E-6	34.985822E-3	1.0704810E-3	0.0000000E+0	0.0000000E+0
539.99998E-6	31.249505E-3	-12.869566E-6	41.034609E-3	951.35678E-6	30.988773E-3	-98.148710E-6	0.0000000E+0	0.0000000E+0
541.99999E-6	31.232901E-3	70.387192E-6	40.930077E-3	1.7886108E-3	30.991420E-3	-25.357325E-6	0.0000000E+0	0.0000000E+0
544.00001E-6	31.227835E-3	28.544786E-6	40.876672E-3	870.11221E-6	31.660348E-3	1.2069691E-3	0.0000000E+0	0.0000000E+0
545.99997E-6	31.254232E-3	-57.413068E-6	40.955570E-3	876.43042E-6	31.872250E-3	653.81121E-6	0.0000000E+0	0.0000000E+0
547.99998E-6	31.185757E-3	-57.813671E-6	40.865388E-3	831.68666E-6	31.013256E-3	-10.769279E-6	0.0000000E+0	0.0000000E+0
550.00000E-6	31.177992E-3	38.880575E-6	40.815897E-3	914.65452E-6	31.039257E-3	-91.883536E-6	0.0000000E+0	0.0000000E+0
552.00001E-6	31.123715E-3	68.485831E-6	40.429387E-3	940.50780E-6	31.056272E-3	-33.799857E-6	0.0000000E+0	0.0000000E+0
553.99997E-6	31.135092E-3	10.589388E-6	38.904540E-3	1.8275694E-3	31.059748E-3	34.105156E-6	0.0000000E+0	0.0000000E+0
555.99998E-6	31.055337E-3	-66.229397E-6	39.746080E-3	1.7321775E-3	31.022172E-3	51.482981E-6	0.0000000E+0	0.0000000E+0
558.00000E-6	31.051170E-3	-31.134325E-6	35.317928E-3	1.3729933E-3	31.045897E-3	-5.3056119E-6	0.0000000E+0	0.0000000E+0
560.00001E-6	30.998288E-3	45.118839E-6	34.166105E-3	1.4369965E-3	31.035794E-3	-72.616473E-6	0.0000000E+0	0.0000000E+0
561.99997E-6	30.941162E-3	73.010131E-6	37.236843E-3	3.0420062E-3	31.041877E-3	-37.511978E-6	0.0000000E+0	0.0000000E+0
563.99999E-6	30.942993E-3	-29.020995E-6	39.169960E-3	1.1816893E-3	31.050941E-3	31.540218E-6	0.0000000E+0	0.0000000E+0
566.00000E-6	30.933604E-3	-45.291450E-6	37.274711E-3	1.2744489E-3	30.940233E-3	50.035491E-6	0.0000000E+0	0.0000000E+0
568.00002E-6	30.942529E-3	-28.145783E-6	34.874376E-3	1.8744398E-3	30.921858E-3	-7.5922867E-6	0.0000000E+0	0.0000000E+0
569.99997E-6	30.887980E-3	43.714805E-6	38.550369E-3	2.0947861E-3	30.936789E-3	-103.68811E-6	0.0000000E+0	0.0000000E+0
571.99999E-6	30.908305E-3	32.062264E-6	35.543259E-3	1.7911426E-3	30.941768E-3	-56.392866E-6	0.0000000E+0	0.0000000E+0
574.00001E-6	30.922716E-3	-49.229995E-6	34.204986E-3	2.8833072E-3	30.935142E-3	17.439896E-6	0.0000000E+0	0.0000000E+0
575.99996E-6	30.929457E-3	-71.965471E-6	38.819633E-3	1.5721995E-3	30.911911E-3	59.464801E-6	0.0000000E+0	0.0000000E+0
577.99998E-6	30.898867E-3	-32.962165E-6	38.178466E-3	1.4710888E-3	31.066801E-3	-10.777542E-6	0.0000000E+0	0.0000000E+0
579.99999E-6	30.906074E-3	58.774956E-6	40.511567E-3	1.1518339E-3	31.054087E-3	-59.921007E-6	0.0000000E+0	0.0000000E+0
582.00001E-6	30.903647E-3	52.972198E-6	40.283553E-3	1.0465735E-3	31.014152E-3	-47.070189E-6	0.0000000E+0	0.0000000E+0
583.99996E-6	30.866945E-3	-37.022550E-6	37.375744E-3	3.1353303E-3	31.026648E-3	34.019507E-6	0.0000000E+0	0.0000000E+0
585.99998E-6	30.879153E-3	-75.339456E-6	38.889848E-3	1.9925192E-3	31.040110E-3	61.435203E-6	0.0000000E+0	0.0000000E+0
588.00000E-6	30.902347E-3	-6.6985849E-6	35.298310E-3	1.3095537E-3	31.041332E-3	-9.1496049E-6	0.0000000E+0	0.0000000E+0
590.00001E-6	30.894127E-3	69.107497E-6	39.301060E-3	1.2490397E-3	31.042594E-3	-75.361429E-6	0.0000000E+0	0.0000000E+0
591.99997E-6	30.870594E-3	41.689193E-6	35.100028E-3	840.55454E-6	31.070175E-3	-38.481234E-6	0.0000000E+0	-0.0000000E+0
593.99998E-6	30.865483E-3	-59.196514E-6	32.736655E-3	1.6147388E-3	31.041687E-3	45.300934E-6	0.0000000E+0	-0.0000000E+0
596.00000E-6	30.863350E-3	-76.648161E-6	32.916136E-3	-37.080594E-6	31.075830E-3	59.484315E-6	0.0000000E+0	0.0000000E+0
598.00001E-6	30.881714E-3	2.5790989E-6	33.334799E-3	1.9117998E-3	31.037727E-3	-13.973026E-6	0.0000000E+0	0.0000000E+0
599.99997E-6	30.783828E-3	81.129532E-6	0.0000000E+0	NaN	31.034490E-3	-55.453213E-6	0.0000000E+0	0.0000000E+0
601.99999E-6	30.903026E-3	8.4335934E-6	0.0000000E+0	NaN	31.011930E-3	-28.520635E-6	0.0000000E+0	-0.0000000E+0
604.00000E-6	30.948799E-3	-68.984125E-6	0.0000000E+0	NaN	31.017885E-3	42.861324E-6	0.0000000E+0	-0.0000000E+0
606.00002E-6	30.892653E-3	-67.475317E-6	0.0000000E+0	NaN	31.012489E-3	64.639367E-6	0.0000000E+0	0.0000000E+0
607.99997E-6	30.876888E-3	35.472014E-6	0.0000000E+0	NaN	31.034864E-3	-34.436001E-6	0.0000000E+0	0.0000000E+0
609.99999E-6	30.893618E-3	68.167370E-6	0.0000000E+0	NaN	30.996144E-3	-75.700300E-6	0.0000000E+0	0.0000000E+0
612.00000E-6	30.892139E-3	29.382622E-6	0.0000000E+0	NaN	31.011771E-3	-14.818506E-6	0.0000000E+0	-0.0000000E+0
613.99996E-6	30.841520E-3	-58.703943E-6	0.0000000E+0	NaN	31.017978E-3	65.958520E-6	0.0000000E+0	-0.0000000E+0
615.99998E-6	30.852953E-3	-61.963925E-6	0.0000000E+0	NaN	31.051928E-3	55.563054E-6	0.0000000E+0	-0.0000000E+0
617.99999E-6	30.796750E-3	43.371958E-6	0.0000000E+0	NaN	31.025704E-3	-35.833727E-6	0.0000000E+0	0.0000000E+0
620.00001E-6	30.764898E-3	61.023620E-6	0.0000000E+0	NaN	31.030983E-3	-83.401770E-6	0.0000000E+0	0.0000000E+0
621.99996E-6	30.773021E-3	-5.9190984E-6	0.0000000E+0	NaN	30.983005E-3	-20.340472E-6	0.0000000E+0	-0.0000000E+0
623.99998E-6	30.710481E-3	-75.047727E-6	0.0000000E+0	NaN	30.902088E-3	65.198779E-6	0.0000000E+0	-0.0000000E+0
625.99999E-6	30.669959E-3	-30.930973E-6	0.0000000E+0	NaN	30.865228E-3	42.765212E-6	0.0000000E+0	0.0000000E+0
628.00001E-6	30.639255E-3	38.884838E-6	0.0000000E+0	NaN	30.856824E-3	-44.118318E-6	0.0000000E+0	0.0000000E+0
629.99997E-6	30.735012E-3	47.330290E-6	0.0000000E+0	NaN	30.822843E-3	-71.698414E-6	0.0000000E+0	0.0000000E+0
631.99998E-6	30.690216E-3	-36.763093E-6	0.0000000E+0	NaN	30.792356E-3	1.2702166E-6	0.0000000E+0	-0.0000000E+0
634.00000E-6	30.619875E-3	-98.458004E-6	0.0000000E+0	NaN	30.747388E-3	49.302231E-6	0.0000000E+0	-0.0000000E+0
636.00001E-6	30.584645E-3	-33.602024E-6	0.0000000E+0	NaN	30.738369E-3	35.950452E-6	0.0000000E+0	0.0000000E+0
637.99997E-6	30.566091E-3	69.356487E-6	0.0000000E+0	NaN	30.712364E-3	-80.395606E-6	0.0000000E+0	0.0000000E+0
639.99998E-6	30.568982E-3	47.706977E-6	0.0000000E+0	NaN	30.709783E-3	-69.056507E-6	0.0000000E+0	0.0000000E+0
642.00000E-6	30.547794E-3	-52.707725E-6	0.0000000E+0	NaN	30.687185E-3	5.3500598E-6	0.0000000E+0	-0.0000000E+0
644.00001E-6	30.593516E-3	-69.915004E-6	0.0000000E+0	NaN	30.668402E-3	71.536022E-6	0.0000000E+0	-0.0000000E+0
645.99997E-6	30.546790E-3	-4.2579313E-6	0.0000000E+0	NaN	30.622432E-3	17.307490E-6	0.0000000E+0	0.0000000E+0
647.99999E-6	30.678507E-3	57.829740E-6	0.0000000E+0	NaN	30.644031E-3	-64.398017E-6	0.0000000E+0	0.0000000E+0
650.00000E-6	30.698001E-3	25.268428E-6	0.0000000E+0	NaN	30.586638E-3	-55.374232E-6	0.0000000E+0	-0.0000000E+0
652.00002E-6	30.711122E-3	-63.868909E-6	0.0000000E+0	NaN	30.591249E-3	21.259373E-6	0.0000000E+0	-0.0000000E+0
653.99997E-6	30.679677E-3	-60.103197E-6	0.0000000E+0	NaN	30.595927E-3	76.747659E-6	0.0000000E+0	-0.0000000E+0
655.99999E-6	30.727295E-3	32.795087E-6	0.0000000E+0	NaN	30.573638E-3	10.380424E-6	0.0000000E+0	0.0000000E+0
658.00000E-6	30.815884E-3	65.654349E-6	0.0000000E+0	NaN	30.558061E-3	-62.105384E-6	0.0000000E+0	0.0000000E+0
659.99996E-6	30.799935E-3	18.098879E-6	0.0000000E+0	NaN	30.600047E-3	-27.994383E-6	0.0000000E+0	-0.0000000E+0
661.99998E-6	30.844312E-3	-82.493847E-6	0.0000000E+0	NaN	30.588744E-3	25.446632E-6	0.0000000E+0	-0.0000000E+0
663.99999E-6	30.873016E-3	-43.926921E-6	0.0000000E+0	NaN	30.590607E-3	70.343194E-6	0.0000000E+0	-0.0000000E+0
666.00001E-6	30.852431E-3	40.878003E-6	0.0000000E+0	NaN	30.607229E-3	6.8351796E-6	0.0000000E+0	0.0000000E+0
667.99996E-6	30.862601E-3	65.426560E-6	0.0000000E+0	NaN	30.570682E-3	-54.970267E-6	0.0000000E+0	0.0000000E+0
669.99998E-6	30.882027E-3	-6.1444762E-6	0.0000000E+0	NaN	30.889122E-3	-68.055728E-6	0.0000000E+0	-0.0000000E+0
671.99999E-6	31.780623E-3	626.71967E-6	0.0000000E+0	NaN	30.909613E-3	692.16482E-6	0.0000000E+0	-0.0000000E+0
674.00001E-6	30.806705E-3	-29.626533E-6	0.0000000E+0	NaN	31.168807E-3	874.77069E-6	0.0000000E+0	0.0000000E+0
675.99997E-6	30.822705E-3	59.525781E-6	0.0000000E+0	NaN	30.982368E-3	20.300842E-6	0.0000000E+0	0.0000000E+0
677.99998E-6	30.832749E-3	73.008305E-6	0.0000000E+0	NaN	30.994380E-3	-68.157133E-6	0.0000000E+0	0.0000000E+0
680.00000E-6	30.784657E-3	-41.920142E-6	0.0000000E+0	NaN	31.016476E-3	-51.475585E-6	0.0000000E+0	-0.0000000E+0
682.00001E-6	30.668024E-3	-65.502354E-6	0.0000000E+0	NaN	31.844217E-3	41.978339E-6	0.0000000E+0	-0.0000000E+0
683.99997E-6	30.642213E-3	-20.941898E-6	0.0000000E+0	NaN	30.791812E-3	567.04012E-6	0.0000000E+0	0.0000000E+0
685.99998E-6	30.658633E-3	613.46614E-6	0.0000000E+0	NaN	31.725373E-3	799.83438E-6	0.0000000E+0	0.0000000E+0
688.00000E-6	30.681355E-3	763.49982E-6	0.0000000E+0	NaN	32.718968E-3	2.1707569E-3	0.0000000E+0	-0.0000000E+0
690.00002E-6	32.953359E-3	941.93773E-6	0.0000000E+0	NaN	33.394132E-3	912.17406E-6	0.0000000E+0	-0.0000000E+0
691.99997E-6	31.582199E-3	1.5043260E-3	0.0000000E+0	NaN	33.222560E-3	1.6831837E-3	0.0000000E+0	-0.0000000E+0
693.99999E-6	31.539317E-3	1.9061436E-3	0.0000000E+0	NaN	32.588281E-3	755.35901E-6	0.0000000E+0	0.0000000E+0
696.00000E-6	30.631796E-3	72.826719E-6	0.0000000E+0	NaN	36.309633E-3	2.7211322E-3	0.0000000E+0	0.0000000E+0
697.99996E-6	31.894475E-3	803.98977E-6	0.0000000E+0	NaN	32.327063E-3	1.9796789E-3	0.0000000E+0	-0.0000000E+0
699.99998E-6	31.114643E-3	192.00688E-6	0.0000000E+0	NaN	31.553861E-3	1.1869941E-3	0.0000000E+0	-0.0000000E+0
701.99999E-6	31.357851E-3	479.37100E-6	0.0000000E+0	NaN	35.775665E-3	1.9848093E-3	0.0000000E+0	-0.0000000E+0
704.00001E-6	31.228175E-3	1.8012682E-3	0.0000000E+0	NaN	34.213107E-3	2.8807451E-3	0.0000000E+0	0.0000000E+0
705.99996E-6	36.566231E-3	2.6851459E-3	0.0000000E+0	NaN	37.393529E-3	3.0555017E-3	0.0000000E+0	0.0000000E+0
707.99998E-6	36.472578E-3	2.0017202E-3	0.0000000E+0	NaN	34.826580E-3	2.5017769E-3	0.0000000E+0	-0.0000000E+0
709.99999E-6	37.587531E-3	2.3131315E-3	0.0000000E+0	NaN	38.929205E-3	2.4571852E-3	0.0000000E+0	-0.0000000E+0
712.00001E-6	36.702245E-3	2.6552384E-3	0.0000000E+0	NaN	37.090540E-3	1.9554091E-3	0.0000000E+0	0.0000000E+0
713.99997E-6	34.152545E-3	2.9645525E-3	0.0000000E+0	NaN	38.294010E-3	2.8812380E-3	0.0000000E+0	0.0000000E+0
715.99998E-6	38.150519E-3	1.5670356E-3	0.0000000E+0	NaN	35.429854E-3	2.9371930E-3	0.0000000E+0	0.0000000E+0
718.00000E-6	35.470098E-3	2.8199798E-3	0.0000000E+0	NaN	36.200460E-3	3.0576205E-3	0.0000000E+0	-0.0000000E+0
720.00001E-6	36.435764E-3	2.4674609E-3	0.0000000E+0	NaN	37.736546E-3	2.2080820E-3	0.0000000E+0	-0.0000000E+0
721.99997E-6	35.223972E-3	2.3508905E-3	0.0000000E+0	NaN	40.010087E-3	2.0010422E-3	0.0000000E+0	0.0000000E+0
723.99998E-6	38.117733E-3	2.6734220E-3	0.0000000E+0	NaN	37.612453E-3	2.9335038E-3	0.0000000E+0	0.0000000E+0
726.00000E-6	39.116342E-3	1.0671975E-3	0.0000000E+0	NaN	39.550316E-3	1.3296814E-3	0.0000000E+0	-0.0000000E+0
728.00001E-6	39.762370E-3	969.96652E-6	0.0000000E+0	NaN	39.685015E-3	2.0084984E-3	0.0000000E+0	-0.0000000E+0
729.99997E-6	39.494246E-3	1.1904424E-3	0.0000000E+0	NaN	38.252693E-3	1.6222375E-3	0.0000000E+0	-0.0000000E+0
731.99999E-6	39.622467E-3	1.2772518E-3	0.0000000E+0	NaN	39.515369E-3	1.1650337E-3	0.0000000E+0	0.0000000E+0
734.00000E-6	39.629679E-3	1.2582347E-3	0.0000000E+0	NaN	40.369477E-3	961.18002E-6	0.0000000E+0	0.0000000E+0
736.00002E-6	38.047962E-3	1.5208430E-3	0.0000000E+0	NaN	38.420558E-3	2.4446519E-3	0.0000000E+0	-0.0000000E+0
737.99997E-6	38.695633E-3	1.6821901E-3	0.0000000E+0	NaN	40.460829E-3	844.41510E-6	0.0000000E+0	-0.0000000E+0
739.99999E-6	38.891137E-3	1.7120215E-3	0.0000000E+0	NaN	39.126445E-3	1.7108395E-3	0.0000000E+0	-0.0000000E+0
742.00000E-6	38.306959E-3	1.7310425E-3	0.0000000E+0	NaN	39.918732E-3	1.1231430E-3	0.0000000E+0	0.0000000E+0
743.99996E-6	40.071722E-3	843.98210E-6	0.0000000E+0	NaN	40.590152E-3	899.07460E-6	0.0000000E+0	0.0000000E+0
745.99998E-6	39.493915E-3	1.0413293E-3	0.0000000E+0	NaN	40.453751E-3	843.43908E-6	0.0000000E+0	-0.0000000E+0
747.99999E-6	40.014964E-3	941.51340E-6	0.0000000E+0	NaN	40.559273E-3	841.09959E-6	0.0000000E+0	-0.0000000E+0
750.00001E-6	39.928727E-3	840.18375E-6	0.0000000E+0	NaN	40.666480E-3	862.90675E-6	0.0000000E+0	0.0000000E+0
751.99996E-6	40.191829E-3	801.46518E-6	0.0000000E+0	NaN	40.751874E-3	924.40791E-6	0.0000000E+0	0.0000000E+0
753.99998E-6	40.152725E-3	819.75909E-6	0.0000000E+0	NaN	40.443931E-3	940.03981E-6	0.0000000E+0	0.0000000E+0
755.99999E-6	40.016815E-3	926.64425E-6	0.0000000E+0	NaN	40.609851E-3	854.56739E-6	0.0000000E+0	-0.0000000E+0
758.00001E-6	40.233549E-3	921.65871E-6	0.0000000E+0	NaN	40.639210E-3	782.51894E-6	0.0000000E+0	-0.0000000E+0
759.99997E-6	39.918888E-3	907.66960E-6	0.0000000E+0	NaN	40.523477E-3	974.25410E-6	0.0000000E+0	0.0000000E+0
761.99998E-6	39.932344E-3	1.2669663E-3	0.0000000E+0	NaN	40.815480E-3	899.12710E-6	0.0000000E+0	0.0000000E+0
764.00000E-6	40.423684E-3	829.94381E-6	0.0000000E+0	NaN	40.823568E-3	867.20067E-6	0.0000000E+0	-0.0000000E+0
766.00001E-6	40.466536E-3	891.62850E-6	0.0000000E+0	NaN	40.766452E-3	777.90290E-6	0.0000000E+0	-0.0000000E+0
767.99997E-6	40.475823E-3	894.10797E-6	0.0000000E+0	NaN	40.745843E-3	804.09477E-6	0.0000000E+0	-0.0000000E+0
769.99998E-6	40.540300E-3	831.71937E-6	0.0000000E+0	NaN	40.702790E-3	866.72057E-6	0.0000000E+0	0.0000000E+0
772.00000E-6	40.487181E-3	786.53113E-6	0.0000000E+0	NaN	40.779758E-3	915.39236E-6	0.0000000E+0	0.0000000E+0
774.00001E-6	40.574715E-3	793.95989E-6	0.0000000E+0	NaN	40.807322E-3	860.58531E-6	0.0000000E+0	-0.0000000E+0
775.99997E-6	40.588327E-3	875.01446E-6	0.0000000E+0	NaN	40.840279E-3	782.65590E-6	0.0000000E+0	-0.0000000E+0
777.99999E-6	40.476665E-3	930.38171E-6	0.0000000E+0	NaN	40.683858E-3	791.41848E-6	0.0000000E+0	-0.0000000E+0
780.00000E-6	40.448297E-3	851.67034E-6	0.0000000E+0	NaN	40.736556E-3	870.21082E-6	0.0000000E+0	0.0000000E+0
782.00002E-6	40.567517E-3	751.60776E-6	0.0000000E+0	NaN	40.901616E-3	893.30354E-6	0.0000000E+0	0.0000000E+0
784.00003E-6	40.556293E-3	788.05862E-6	0.0000000E+0	NaN	40.893041E-3	993.25774E-6	0.0000000E+0	-0.0000000E+0
785.99993E-6	40.544365E-3	863.61152E-6	0.0000000E+0	NaN	40.872868E-3	788.19576E-6	0.0000000E+0	-0.0000000E+0
787.99995E-6	40.566389E-3	887.86159E-6	0.0000000E+0	NaN	40.859658E-3	766.73209E-6	0.0000000E+0	0.0000000E+0
789.99996E-6	40.542942E-3	823.74312E-6	0.0000000E+0	NaN	40.828776E-3	835.37126E-6	0.0000000E+0	0.0000000E+0
791.99998E-6	40.570818E-3	769.65825E-6	0.0000000E+0	NaN	40.816832E-3	889.28582E-6	0.0000000E+0	0.0000000E+0
793.99999E-6	40.533863E-3	801.11489E-6	0.0000000E+0	NaN	40.901333E-3	841.73947E-6	0.0000000E+0	-0.0000000E+0
796.00001E-6	40.591042E-3	875.55655E-6	0.0000000E+0	NaN	40.918406E-3	772.63376E-6	0.0000000E+0	-0.0000000E+0
798.00002E-6	40.575702E-3	894.47491E-6	0.0000000E+0	NaN	40.925369E-3	749.61036E-6	0.0000000E+0	0.0000000E+0
800.00004E-6	40.532492E-3	813.48710E-6	0.0000000E+0	NaN	40.894601E-3	826.15257E-6	0.0000000E+0	0.0000000E+0
801.99994E-6	40.503331E-3	754.46873E-6	0.0000000E+0	NaN	40.907241E-3	910.89046E-6	0.0000000E+0	0.0000000E+0
803.99995E-6	40.496580E-3	780.82003E-6	0.0000000E+0	NaN	40.884696E-3	862.29295E-6	0.0000000E+0	0.0000000E+0
805.99997E-6	40.511690E-3	856.04255E-6	0.0000000E+0	NaN	40.827669E-3	796.45333E-6	0.0000000E+0	0.0000000E+0
807.99998E-6	40.519167E-3	917.87247E-6	0.0000000E+0	NaN	40.816296E-3	782.12831E-6	0.0000000E+0	0.0000000E+0
810.00000E-6	40.557686E-3	835.51701E-6	0.0000000E+0	NaN	40.778343E-3	813.53949E-6	0.0000000E+0	0.0000000E+0
812.00001E-6	40.581200E-3	741.09301E-6	0.0000000E+0	NaN	40.787220E-3	908.68957E-6	0.0000000E+0	0.0000000E+0
814.00003E-6	40.604685E-3	766.39780E-6	0.0000000E+0	NaN	40.827218E-3	869.42053E-6	0.0000000E+0	0.0000000E+0
816.00004E-6	40.525984E-3	855.64179E-6	0.0000000E+0	NaN	40.818561E-3	785.67874E-6	0.0000000E+0	0.0000000E+0
817.99994E-6	40.559936E-3	884.02024E-6	0.0000000E+0	NaN	40.740989E-3	773.35245E-6	0.0000000E+0	0.0000000E+0
819.99996E-6	40.474579E-3	902.31188E-6	0.0000000E+0	NaN	40.421031E-3	840.17444E-6	0.0000000E+0	0.0000000E+0
821.99997E-6	40.468704E-3	791.05800E-6	0.0000000E+0	NaN	40.474057E-3	936.17965E-6	0.0000000E+0	0.0000000E+0
823.99999E-6	40.314216E-3	773.97033E-6	0.0000000E+0	NaN	40.522628E-3	932.98958E-6	0.0000000E+0	0.0000000E+0
826.00000E-6	40.272124E-3	895.99268E-6	0.0000000E+0	NaN	40.646736E-3	824.20133E-6	0.0000000E+0	0.0000000E+0
828.00002E-6	40.429622E-3	908.16536E-6	0.0000000E+0	NaN	40.588886E-3	1.1102858E-3	0.0000000E+0	0.0000000E+0
830.00003E-6	40.428285E-3	871.42090E-6	0.0000000E+0	NaN	40.608171E-3	1.4019680E-3	0.0000000E+0	0.0000000E+0
831.99993E-6	40.399980E-3	790.44426E-6	0.0000000E+0	NaN	40.609118E-3	1.2805532E-3	0.0000000E+0	0.0000000E+0
833.99995E-6	40.411733E-3	793.46250E-6	0.0000000E+0	NaN	40.545974E-3	954.87689E-6	0.0000000E+0	0.0000000E+0
835.99996E-6	40.440485E-3	899.67961E-6	0.0000000E+0	NaN	40.415701E-3	957.89519E-6	0.0000000E+0	0.0000000E+0
837.99998E-6	40.409435E-3	1.0797391E-3	0.0000000E+0	NaN	40.677529E-3	781.41433E-6	0.0000000E+0	0.0000000E+0
839.99999E-6	39.934114E-3	966.65457E-6	0.0000000E+0	NaN	40.188778E-3	1.2909257E-3	0.0000000E+0	0.0000000E+0
842.00001E-6	38.454846E-3	1.6176848E-3	0.0000000E+0	NaN	40.373940E-3	971.29936E-6	0.0000000E+0	0.0000000E+0
844.00002E-6	40.216122E-3	1.4869333E-3	0.0000000E+0	NaN	40.478855E-3	1.1824777E-3	0.0000000E+0	0.0000000E+0
846.00004E-6	39.882407E-3	1.4349581E-3	0.0000000E+0	NaN	40.346961E-3	974.94782E-6	0.0000000E+0	0.0000000E+0
847.99994E-6	40.236376E-3	1.1206917E-3	0.0000000E+0	NaN	37.190095E-3	2.1283403E-3	0.0000000E+0	0.0000000E+0
849.99995E-6	40.304951E-3	1.0981741E-3	0.0000000E+0	NaN	40.421125E-3	892.86541E-6	0.0000000E+0	0.0000000E+0
851.99997E-6	40.262789E-3	1.0714409E-3	0.0000000E+0	NaN	39.679099E-3	1.0103781E-3	0.0000000E+0	0.0000000E+0
853.99998E-6	39.950330E-3	1.1220216E-3	0.0000000E+0	NaN	39.776310E-3	1.5960356E-3	0.0000000E+0	0.0000000E+0
856.00000E-6	38.003415E-3	1.7027041E-3	0.0000000E+0	NaN	38.780183E-3	1.8697734E-3	0.0000000E+0	0.0000000E+0
858.00001E-6	37.005555E-3	2.5656996E-3	0.0000000E+0	NaN	38.045466E-3	2.8441404E-3	0.0000000E+0	0.0000000E+0
860.00003E-6	38.088452E-3	2.0357843E-3	0.0000000E+0	NaN	38.291957E-3	2.3547299E-3	0.0000000E+0	0.0000000E+0
862.00004E-6	38.743984E-3	2.1282285E-3	0.0000000E+0	NaN	38.935002E-3	1.7427542E-3	0.0000000E+0	0.0000000E+0
863.99994E-6	34.047090E-3	1.8045654E-3	0.0000000E+0	NaN	35.237245E-3	1.3313335E-3	0.0000000E+0	0.0000000E+0
865.99996E-6	35.380449E-3	946.44428E-6	0.0000000E+0	NaN	37.528470E-3	2.0961571E-3	0.0000000E+0	0.0000000E+0
867.99997E-6	38.739815E-3	2.3823695E-3	0.0000000E+0	NaN	37.399165E-3	2.8228352E-3	0.0000000E+0	0.0000000E+0
869.99999E-6	38.209286E-3	2.3740758E-3	0.0000000E+0	NaN	36.011964E-3	2.5130720E-3	0.0000000E+0	0.0000000E+0
872.00000E-6	37.647244E-3	1.9215747E-3	0.0000000E+0	NaN	33.553671E-3	2.8395441E-3	0.0000000E+0	0.0000000E+0
874.00002E-6	32.535028E-3	1.2010732E-3	0.0000000E+0	NaN	38.364895E-3	2.4487888E-3	0.0000000E+0	0.0000000E+0
876.00003E-6	37.650153E-3	1.8111648E-3	0.0000000E+0	NaN	37.718032E-3	1.6354040E-3	0.0000000E+0	0.0000000E+0
877.99993E-6	34.883335E-3	2.1865275E-3	0.0000000E+0	NaN	35.623498E-3	2.6949761E-3	0.0000000E+0	0.0000000E+0
879.99995E-6	33.706445E-3	3.1782230E-3	0.0000000E+0	NaN	33.498239E-3	1.3225247E-3	0.0000000E+0	0.0000000E+0
881.99996E-6	32.610830E-3	2.6292545E-3	0.0000000E+0	NaN	33.835776E-3	1.8500541E-3	0.0000000E+0	0.0000000E+0
883.99998E-6	37.307356E-3	2.5085208E-3	0.0000000E+0	NaN	32.884654E-3	730.66738E-6	0.0000000E+0	0.0000000E+0
885.99999E-6	34.698423E-3	2.3589444E-3	0.0000000E+0	NaN	33.077698E-3	358.73559E-6	0.0000000E+0	0.0000000E+0
888.00001E-6	35.020012E-3	1.4223848E-3	0.0000000E+0	NaN	31.440329E-3	841.21851E-6	0.0000000E+0	0.0000000E+0
890.00002E-6	33.818696E-3	2.1850355E-3	0.0000000E+0	NaN	33.308726E-3	2.0991368E-3	0.0000000E+0	0.0000000E+0
892.00004E-6	34.989975E-3	2.1443521E-3	0.0000000E+0	NaN	32.881256E-3	2.9031262E-3	0.0000000E+0	0.0000000E+0
893.99994E-6	33.491302E-3	2.1012418E-3	0.0000000E+0	NaN	31.120872E-3	60.370938E-6	0.0000000E+0	0.0000000E+0
895.99995E-6	31.027317E-3	424.34997E-6	0.0000000E+0	NaN	31.110924E-3	44.825523E-6	0.0000000E+0	0.0000000E+0
897.99997E-6	32.727271E-3	756.52212E-6	0.0000000E+0	NaN	31.794488E-3	236.58099E-6	0.0000000E+0	0.0000000E+0
899.99998E-6	31.708263E-3	404.08422E-6	0.0000000E+0	NaN	31.119462E-3	-82.613275E-6	0.0000000E+0	0.0000000E+0
902.00000E-6	31.085562E-3	-41.547839E-6	0.0000000E+0	NaN	31.096324E-3	12.497567E-6	0.0000000E+0	0.0000000E+0
904.00001E-6	31.108756E-3	-70.820824E-6	0.0000000E+0	NaN	31.099314E-3	68.630136E-6	0.0000000E+0	0.0000000E+0
906.00003E-6	31.084469E-3	-26.551243E-6	0.0000000E+0	NaN	32.850765E-3	388.33494E-6	0.0000000E+0	0.0000000E+0
908.00005E-6	32.008950E-3	648.71501E-6	0.0000000E+0	NaN	31.104028E-3	-40.689840E-6	0.0000000E+0	0.0000000E+0
909.99994E-6	31.079838E-3	45.359411E-6	0.0000000E+0	NaN	31.079130E-3	-77.209690E-6	0.0000000E+0	0.0000000E+0
911.99996E-6	31.095725E-3	713.65258E-6	0.0000000E+0	NaN	31.101739E-3	-15.416979E-6	0.0000000E+0	0.0000000E+0
913.99997E-6	32.195002E-3	-60.078153E-6	0.0000000E+0	NaN	31.095546E-3	71.302282E-6	0.0000000E+0	0.0000000E+0
915.99999E-6	31.085284E-3	-7.6953156E-6	0.0000000E+0	NaN	31.117352E-3	77.831792E-6	0.0000000E+0	0.0000000E+0
918.00001E-6	31.079348E-3	60.485942E-6	0.0000000E+0	NaN	31.143550E-3	-12.042046E-6	0.0000000E+0	0.0000000E+0
920.00002E-6	32.140840E-3	1.4152686E-3	0.0000000E+0	NaN	31.112552E-3	-88.083769E-6	0.0000000E+0	0.0000000E+0
922.00004E-6	31.121124E-3	-49.041199E-6	0.0000000E+0	NaN	31.143729E-3	-9.8874443E-6	0.0000000E+0	0.0000000E+0
923.99993E-6	31.127691E-3	-74.818709E-6	0.0000000E+0	NaN	31.119326E-3	60.277107E-6	0.0000000E+0	0.0000000E+0
925.99995E-6	31.179326E-3	-13.813064E-6	0.0000000E+0	NaN	31.132987E-3	53.492051E-6	0.0000000E+0	0.0000000E+0
927.99996E-6	31.176122E-3	53.948912E-6	0.0000000E+0	NaN	31.123089E-3	-22.608088E-6	0.0000000E+0	0.0000000E+0
929.99998E-6	31.184906E-3	39.092280E-6	0.0000000E+0	NaN	31.111216E-3	-73.058363E-6	0.0000000E+0	0.0000000E+0
932.00000E-6	31.191861E-3	-39.746454E-6	0.0000000E+0	NaN	31.096870E-3	-28.881290E-6	0.0000000E+0	0.0000000E+0
934.00001E-6	31.212462E-3	-75.301374E-6	0.0000000E+0	NaN	31.120999E-3	68.543508E-6	0.0000000E+0	0.0000000E+0
936.00003E-6	31.206844E-3	-11.052241E-6	0.0000000E+0	NaN	31.098597E-3	55.724373E-6	0.0000000E+0	0.0000000E+0
938.00004E-6	31.186940E-3	70.575596E-6	0.0000000E+0	NaN	31.099616E-3	-33.079410E-6	0.0000000E+0	0.0000000E+0
939.99994E-6	31.258829E-3	58.412745E-6	0.0000000E+0	NaN	31.124452E-3	-78.199831E-6	0.0000000E+0	0.0000000E+0
941.99996E-6	31.297375E-3	-44.212378E-6	0.0000000E+0	NaN	31.095985E-3	-55.837703E-6	0.0000000E+0	0.0000000E+0
943.99997E-6	31.292863E-3	-61.098486E-6	0.0000000E+0	NaN	31.113692E-3	57.280904E-6	0.0000000E+0	0.0000000E+0
945.99999E-6	31.180250E-3	-7.7771183E-6	0.0000000E+0	NaN	31.076927E-3	47.579735E-6	0.0000000E+0	0.0000000E+0
948.00000E-6	31.183761E-3	72.203315E-6	0.0000000E+0	NaN	31.083211E-3	-39.072078E-6	0.0000000E+0	0.0000000E+0
950.00002E-6	31.216100E-3	38.520389E-6	0.0000000E+0	NaN	31.076860E-3	-63.024898E-6	0.0000000E+0	0.0000000E+0
952.00003E-6	31.272545E-3	-41.054387E-6	0.0000000E+0	NaN	31.085409E-3	-5.6506283E-6	0.0000000E+0	0.0000000E+0
953.99993E-6	31.289693E-3	-69.246009E-6	0.0000000E+0	NaN	31.147311E-3	65.711225E-6	0.0000000E+0	0.0000000E+0
955.99995E-6	31.265121E-3	-8.5680804E-6	0.0000000E+0	NaN	31.177780E-3	57.239053E-6	0.0000000E+0	0.0000000E+0
957.99996E-6	31.308908E-3	87.754146E-6	0.0000000E+0	NaN	31.244939E-3	-46.811507E-6	0.0000000E+0	0.0000000E+0
959.99998E-6	31.333327E-3	40.012990E-6	0.0000000E+0	NaN	31.229332E-3	-80.589649E-6	0.0000000E+0	0.0000000E+0
961.99999E-6	31.337816E-3	-60.626178E-6	0.0000000E+0	NaN	31.234412E-3	-9.9565559E-6	0.0000000E+0	0.0000000E+0
964.00001E-6	31.338368E-3	-71.486233E-6	0.0000000E+0	NaN	31.243855E-3	66.803477E-6	0.0000000E+0	0.0000000E+0
966.00002E-6	31.355254E-3	-21.912881E-6	0.0000000E+0	NaN	31.269308E-3	39.203755E-6	0.0000000E+0	0.0000000E+0
968.00004E-6	31.486221E-3	73.614319E-6	0.0000000E+0	NaN	31.287007E-3	-34.861772E-6	0.0000000E+0	0.0000000E+0
969.99994E-6	31.532425E-3	41.267700E-6	0.0000000E+0	NaN	31.298265E-3	-62.087704E-6	0.0000000E+0	0.0000000E+0
971.99995E-6	31.530906E-3	-49.078044E-6	0.0000000E+0	NaN	31.306602E-3	8.2305296E-6	0.0000000E+0	0.0000000E+0
973.99997E-6	31.538747E-3	-70.090326E-6	0.0000000E+0	NaN	31.284891E-3	55.844510E-6	0.0000000E+0	0.0000000E+0
975.99998E-6	31.526748E-3	5.3933172E-6	0.0000000E+0	NaN	31.299908E-3	24.435427E-6	0.0000000E+0	0.0000000E+0
978.00000E-6	31.534348E-3	85.649692E-6	0.0000000E+0	NaN	31.228522E-3	-62.329345E-6	0.0000000E+0	0.0000000E+0
980.00001E-6	31.577069E-3	22.210075E-6	0.0000000E+0	NaN	31.105744E-3	-104.25816E-6	0.0000000E+0	0.0000000E+0
982.00003E-6	31.581901E-3	-54.072621E-6	0.0000000E+0	NaN	31.158283E-3	3.6694466E-6	0.0000000E+0	0.0000000E+0
984.00004E-6	31.583540E-3	-70.540729E-6	0.0000000E+0	NaN	31.156873E-3	58.608497E-6	0.0000000E+0	0.0000000E+0
985.99994E-6	31.579424E-3	4.9188102E-6	0.0000000E+0	NaN	31.174552E-3	6.7925680E-6	0.0000000E+0	-0.0000000E+0
987.99996E-6	31.614412E-3	58.058944E-6	0.0000000E+0	NaN	31.189585E-3	-66.070468E-6	0.0000000E+0	0.0000000E+0
989.99997E-6	31.636789E-3	41.120697E-6	0.0000000E+0	NaN	31.197786E-3	-71.491493E-6	0.0000000E+0	0.0000000E+0
991.99999E-6	31.593617E-3	-40.512819E-6	0.0000000E+0	NaN	31.307660E-3	13.876092E-6	0.0000000E+0	0.0000000E+0
994.00000E-6	31.609744E-3	-54.893102E-6	0.0000000E+0	NaN	31.398866E-3	74.710049E-6	0.0000000E+0	0.0000000E+0
996.00002E-6	31.552739E-3	24.325207E-6	0.0000000E+0	NaN	31.336013E-3	37.840651E-6	0.0000000E+0	-0.0000000E+0
998.00003E-6	31.561211E-3	77.155360E-6	0.0000000E+0	NaN	31.351004E-3	-75.750519E-6	0.0000000E+0	-0.0000000E+0
999.99993E-6	31.499311E-3	24.050658E-6	0.0000000E+0	NaN	31.404216E-3	-73.378294E-6	0.0000000E+0	0.0000000E+0
