Experiment	Sweeper	
Saved Date	30.06.2023 20:11:28	
User		
Date		
Start time	30.06.2023 19:59:23	
Sweep channel: Name	Output 2 (V)	
Sweep channel: Start (V)	-100E-6	
Sweep channel: Stop (V)	1E-3	
Sweep channel: Points	601	
Sweep channel: Max slew rate (V/s)	Inf	
Sweep channel: Initial settling time (s)	20E+3	
Sweep channel: End settling time (s)	2E+0	
Sweep channel: Backward sweep	TRUE	
Sweep channel: Number of sweeps	2	
Sweep channel: Reset	FALSE	
Step channel 1: Name	Output 3 (V)	
Step channel 1: Start (V)	50E-3	
Step channel 1: Stop (V)	50E-3	
Step channel 1: Points	2	
Step channel 1: Max slew rate (V/s)	10E+0	
Step channel 1:  Initial settling time (s)	2E+0	
Step channel 1: End settling time (s)	2E+0	
Step channel 1: Backward sweep	FALSE	
Step channel 1: Reset	FALSE	
Sweep Type	2D-Both RT	
Acquire channels	Input 1 (V);LI Demod 3 X (V)	
Filter type	None	
Order		
Cutoff frq		

[DATA]
Output 2 Setp. (V)	Input 1 [00001] (V)	LI Demod 3 X [00001] (V)	Input 1 [00002] (V)	LI Demod 3 X [00002] (V)	Input 1 [00001] [bwd] (V)	LI Demod 3 X [00001] [bwd] (V)	Input 1 [00002] [bwd] (V)	LI Demod 3 X [00002] [bwd] (V)
-99.999997E-6	30.915415E-3	-353.50521E-9	30.235106E-3	55.914501E-6	31.268712E-3	423.18148E-6	32.074440E-3	731.30982E-6
-98.166667E-6	30.929247E-3	-68.826121E-6	30.978667E-3	649.59400E-6	30.834330E-3	397.53455E-6	31.207848E-3	74.571923E-6
-96.333330E-6	31.858627E-3	-18.459006E-6	30.164480E-3	-72.639406E-6	30.246854E-3	-32.369349E-6	31.088922E-3	28.239483E-6
-94.499999E-6	30.999763E-3	77.797515E-6	30.145170E-3	-40.302017E-6	30.240055E-3	41.891326E-6	30.985432E-3	-77.687706E-6
-92.666662E-6	31.149667E-3	20.590825E-6	30.087434E-3	54.919659E-6	30.223865E-3	62.156301E-6	30.909913E-3	-55.253950E-6
-90.833331E-6	31.271700E-3	-67.801666E-6	29.966509E-3	57.631813E-6	30.233461E-3	-21.605045E-6	30.934472E-3	41.111092E-6
-88.999994E-6	31.377628E-3	-47.093374E-6	29.805383E-3	-11.698893E-6	30.232767E-3	-76.449491E-6	31.058945E-3	58.635480E-6
-87.166663E-6	31.398743E-3	37.829210E-6	29.742165E-3	-66.321147E-6	30.297613E-3	-4.9418431E-6	31.212974E-3	-74.226518E-6
-85.333333E-6	31.291477E-3	54.151507E-6	29.721724E-3	-21.192936E-6	30.099129E-3	55.731598E-6	31.236753E-3	-56.235429E-6
-83.499996E-6	31.169666E-3	-42.826930E-6	29.664099E-3	72.658375E-6	30.089241E-3	46.937974E-6	31.341124E-3	28.114278E-6
-81.666665E-6	31.111049E-3	-81.098020E-6	29.620208E-3	55.907611E-6	30.127455E-3	-49.096423E-6	31.374853E-3	74.348325E-6
-79.833335E-6	31.837132E-3	35.130677E-6	29.623244E-3	-46.288187E-6	30.138822E-3	-56.629029E-6	31.381153E-3	-14.290056E-6
-77.999997E-6	30.986482E-3	75.560536E-6	29.621573E-3	-63.860956E-6	30.106325E-3	9.2793653E-6	31.395197E-3	-93.465409E-6
-76.166667E-6	31.023523E-3	-9.0333788E-6	29.633116E-3	2.2060653E-6	30.174658E-3	50.833311E-6	31.407937E-3	7.3285878E-6
-74.333329E-6	30.988326E-3	-67.955298E-6	29.671282E-3	71.273149E-6	30.262353E-3	21.959093E-6	31.394832E-3	71.669150E-6
-72.499999E-6	31.001993E-3	8.5221309E-6	29.744336E-3	23.385017E-6	30.349284E-3	-63.488806E-6	31.458784E-3	29.384653E-6
-70.666661E-6	31.002797E-3	59.683120E-6	29.784817E-3	-78.599922E-6	30.397404E-3	-74.091266E-6	31.551134E-3	-60.040893E-6
-68.833331E-6	30.962802E-3	3.5205778E-6	29.856937E-3	-47.176887E-6	30.447068E-3	39.687249E-6	31.635277E-3	-50.137296E-6
-67.000001E-6	30.868823E-3	-84.643398E-6	29.902244E-3	61.956445E-6	30.548021E-3	59.155966E-6	31.697955E-3	55.326120E-6
-65.166663E-6	30.736445E-3	-41.805160E-6	29.961688E-3	53.938729E-6	30.580714E-3	-12.170737E-6	31.717546E-3	56.600831E-6
-63.333333E-6	30.638725E-3	64.928106E-6	29.967815E-3	-26.294847E-6	30.625330E-3	-68.074507E-6	31.615164E-3	-70.794507E-6
-61.500003E-6	30.517861E-3	62.307270E-6	29.954035E-3	-61.437451E-6	30.630693E-3	-31.463296E-6	31.492483E-3	-88.491928E-6
-59.666665E-6	30.541370E-3	-59.499707E-6	29.951617E-3	-36.746744E-6	30.604668E-3	39.980932E-6	31.347726E-3	16.923848E-6
-57.833331E-6	30.579224E-3	-86.071494E-6	30.028271E-3	61.267987E-6	30.626485E-3	52.495634E-6	31.283919E-3	61.564868E-6
-55.999997E-6	30.703580E-3	11.696687E-6	29.982904E-3	66.142100E-6	30.572265E-3	-50.112896E-6	31.246983E-3	-978.50818E-9
-54.166667E-6	30.762136E-3	73.203213E-6	29.995594E-3	-51.917134E-6	30.516591E-3	-93.794239E-6	31.224275E-3	-89.688896E-6
-52.333333E-6	30.835977E-3	-281.55972E-9	30.003689E-3	-65.366738E-6	30.416626E-3	-32.831507E-6	31.253368E-3	22.508682E-6
-50.499999E-6	30.749539E-3	-80.668156E-6	30.134071E-3	16.038872E-6	30.399123E-3	65.069682E-6	31.239301E-3	58.425179E-6
-48.666665E-6	30.783383E-3	-25.039735E-6	30.240599E-3	41.835268E-6	30.368399E-3	16.561980E-6	31.236626E-3	-7.6259480E-6
-46.833331E-6	30.805565E-3	59.938462E-6	30.198837E-3	15.356880E-6	30.262437E-3	-69.851172E-6	31.220157E-3	-92.171780E-6
-45.000001E-6	30.786347E-3	36.616311E-6	30.250961E-3	-80.778656E-6	30.259211E-3	-80.407641E-6	31.166365E-3	-42.460433E-6
-43.166667E-6	30.798923E-3	-58.209378E-6	30.268993E-3	-30.422347E-6	30.213745E-3	20.331578E-6	31.261593E-3	63.377607E-6
-41.333333E-6	30.828886E-3	-51.003626E-6	30.278495E-3	39.146707E-6	30.196091E-3	74.889358E-6	31.233212E-3	18.110090E-6
-39.499999E-6	30.827101E-3	42.648284E-6	30.329507E-3	78.904879E-6	30.189941E-3	1.8045733E-6	31.191766E-3	-43.285749E-6
-37.666665E-6	30.860834E-3	69.685913E-6	30.380512E-3	-9.7578213E-6	30.153496E-3	-96.212796E-6	31.261612E-3	-75.584627E-6
-35.833335E-6	30.937003E-3	-29.427320E-6	30.374926E-3	-99.532183E-6	30.205347E-3	-23.808019E-6	31.375200E-3	15.667310E-6
-33.999997E-6	31.080147E-3	-76.734614E-6	30.491820E-3	-5.2930022E-6	30.212600E-3	83.109335E-6	31.484414E-3	78.936326E-6
-32.166667E-6	31.167656E-3	-1.6913039E-6	30.565457E-3	61.608414E-6	30.200373E-3	60.889015E-6	31.575385E-3	-33.367462E-6
-30.333336E-6	31.278752E-3	62.125124E-6	30.621432E-3	19.877305E-6	30.178327E-3	-21.722768E-6	31.635612E-3	-84.252955E-6
-28.499999E-6	31.270057E-3	-2.0987054E-6	30.703386E-3	-63.464147E-6	30.159812E-3	-64.784428E-6	31.666808E-3	-7.1284467E-6
-26.666668E-6	31.156920E-3	-89.582281E-6	30.752338E-3	-82.236584E-6	30.126764E-3	26.950214E-6	31.669896E-3	88.531327E-6
-24.833331E-6	31.067804E-3	-53.394237E-6	30.713022E-3	521.14467E-9	30.115314E-3	78.493438E-6	31.668369E-3	-4.1213680E-6
-23.000001E-6	31.033274E-3	38.222875E-6	30.710539E-3	54.389326E-6	30.116582E-3	20.637093E-6	31.668060E-3	-68.043031E-6
-21.166670E-6	30.951319E-3	48.888240E-6	30.699048E-3	-2.7069609E-6	30.073548E-3	-61.726168E-6	31.492069E-3	-22.742270E-6
-19.333333E-6	30.910773E-3	-52.684652E-6	30.666646E-3	-50.257764E-6	30.010140E-3	-63.089115E-6	31.485580E-3	70.368558E-6
-17.500002E-6	30.929362E-3	-62.380648E-6	30.572588E-3	-51.241157E-6	29.907092E-3	54.004289E-6	31.624421E-3	29.426159E-6
-15.666665E-6	30.939326E-3	23.423749E-6	30.523395E-3	26.668591E-6	29.853383E-3	54.435281E-6	31.777032E-3	-81.044644E-6
-13.833334E-6	30.938558E-3	80.108948E-6	30.487826E-3	56.799112E-6	29.790709E-3	-2.5777636E-6	31.625491E-3	-50.715873E-6
-11.999997E-6	30.779062E-3	-26.369587E-6	30.445311E-3	-30.573687E-6	29.819258E-3	-69.452617E-6	31.581130E-3	46.009496E-6
-10.166666E-6	30.693023E-3	-79.664656E-6	30.381143E-3	-79.121543E-6	29.885093E-3	2.3250720E-6	31.459611E-3	50.441777E-6
-8.3333362E-6	30.615570E-3	7.2512203E-6	30.370353E-3	-50.477742E-6	29.875463E-3	68.463742E-6	31.297941E-3	-50.554569E-6
-6.4999986E-6	30.439580E-3	74.971649E-6	30.401807E-3	32.702173E-6	29.985284E-3	25.954765E-6	31.220302E-3	-79.576610E-6
-4.6666682E-6	30.326286E-3	-2.7044921E-6	30.385913E-3	48.653204E-6	30.072454E-3	-67.285051E-6	31.258650E-3	28.349345E-6
-2.8333307E-6	30.305669E-3	-93.410606E-6	30.392231E-3	-36.854712E-6	30.178657E-3	-81.427810E-6	31.217108E-3	73.265532E-6
-1.0000003E-6	30.356331E-3	-22.041704E-6	30.356504E-3	-78.389145E-6	30.234993E-3	22.846074E-6	31.231841E-3	-30.630898E-6
833.32998E-9	30.502396E-3	56.882811E-6	30.372186E-3	-14.651983E-6	30.301142E-3	69.063601E-6	31.181257E-3	-73.562696E-6
2.6666676E-6	30.625915E-3	37.348604E-6	30.345283E-3	83.853200E-6	30.265251E-3	-12.759330E-6	31.172127E-3	13.493512E-6
4.4999979E-6	30.645981E-3	-51.040923E-6	30.358158E-3	3.8981175E-6	30.278184E-3	-70.444861E-6	31.150101E-3	61.882100E-6
6.3333355E-6	30.826738E-3	-42.879627E-6	30.346893E-3	-57.284036E-6	30.251762E-3	-43.834236E-6	31.020112E-3	-19.037056E-6
8.1666658E-6	30.835308E-3	55.264416E-6	30.369861E-3	-53.561336E-6	30.190213E-3	53.554846E-6	30.968180E-3	-95.049232E-6
9.9999961E-6	30.841460E-3	61.670071E-6	30.209079E-3	34.412551E-6	30.194070E-3	51.941777E-6	30.948177E-3	-26.653066E-6
11.833334E-6	30.825149E-3	-57.427529E-6	30.178227E-3	52.575680E-6	30.208878E-3	-63.542160E-6	31.082209E-3	72.482340E-6
13.666664E-6	30.864248E-3	-65.953631E-6	30.105114E-3	-29.838926E-6	30.202197E-3	-82.189195E-6	31.130800E-3	18.171957E-6
15.500002E-6	30.946130E-3	12.175539E-6	30.196691E-3	-79.365156E-6	30.206442E-3	19.694531E-6	31.379621E-3	-73.172087E-6
17.333332E-6	31.111173E-3	65.397631E-6	30.134870E-3	-35.621011E-6	30.122358E-3	56.872013E-6	31.464145E-3	-46.841193E-6
19.166662E-6	31.186556E-3	-38.062833E-6	30.098399E-3	49.546521E-6	30.103821E-3	29.574163E-6	31.458002E-3	61.689541E-6
21.000000E-6	31.210240E-3	-43.945667E-6	30.039161E-3	57.631478E-6	30.064899E-3	-71.347960E-6	31.446021E-3	39.620969E-6
22.833330E-6	31.129710E-3	-9.6829408E-6	30.039703E-3	-33.630000E-6	30.138470E-3	-34.429919E-6	31.486999E-3	-56.347340E-6
24.666668E-6	31.034978E-3	66.296379E-6	29.936595E-3	-67.615991E-6	30.168761E-3	54.654836E-6	31.513374E-3	-42.406140E-6
26.500005E-6	30.863343E-3	3.6486372E-6	29.924052E-3	11.841394E-6	30.249750E-3	49.496884E-6	31.579647E-3	58.678444E-6
28.333328E-6	30.774163E-3	-83.737301E-6	29.932730E-3	67.167377E-6	30.289195E-3	364.56046E-9	31.706419E-3	56.942685E-6
30.166666E-6	30.834392E-3	-40.991854E-6	29.918276E-3	21.764286E-6	30.343972E-3	-74.159907E-6	31.824179E-3	-62.754669E-6
32.000004E-6	30.899918E-3	61.947037E-6	29.964913E-3	-55.123943E-6	30.389091E-3	905.17631E-9	31.772725E-3	-60.327115E-6
33.833327E-6	30.873919E-3	17.445447E-6	29.991126E-3	-57.678848E-6	30.421391E-3	50.625080E-6	31.706315E-3	37.562681E-6
35.666664E-6	30.831907E-3	-76.747434E-6	30.057535E-3	47.618516E-6	30.404637E-3	70.403992E-6	31.566780E-3	62.170730E-6
37.500002E-6	30.771034E-3	-50.778242E-6	30.042961E-3	47.971862E-6	30.443413E-3	-30.731295E-6	31.415842E-3	-40.899042E-6
39.333325E-6	30.618167E-3	38.282691E-6	30.076480E-3	-24.842537E-6	30.320100E-3	-77.354860E-6	31.367775E-3	-78.939142E-6
41.166662E-6	30.545630E-3	43.328051E-6	30.096136E-3	-70.911665E-6	30.316204E-3	6.4447290E-6	31.353708E-3	24.773493E-6
43.000000E-6	30.411011E-3	-65.906999E-6	30.112423E-3	-15.270078E-6	30.289458E-3	63.403953E-6	31.301986E-3	63.304251E-6
44.833338E-6	30.436395E-3	-60.453538E-6	30.095680E-3	58.162455E-6	30.227022E-3	10.151578E-6	31.325307E-3	-8.8893548E-6
46.666661E-6	30.463517E-3	20.785314E-6	30.241592E-3	30.893687E-6	30.193809E-3	-78.427816E-6	31.323418E-3	-72.402254E-6
48.499998E-6	30.557711E-3	64.555548E-6	30.251047E-3	-81.112325E-6	30.131122E-3	-45.341822E-6	31.266939E-3	-30.500787E-6
50.333336E-6	30.655731E-3	-33.930126E-6	30.279312E-3	-53.262524E-6	30.089695E-3	26.952048E-6	31.128764E-3	57.764792E-6
52.166659E-6	30.709703E-3	-51.823168E-6	30.139277E-3	3.5511121E-6	30.247256E-3	52.238902E-6	30.996790E-3	20.845353E-6
53.999996E-6	30.740801E-3	-8.2035813E-6	30.138891E-3	79.178681E-6	30.159298E-3	-43.781933E-6	30.949578E-3	-63.729596E-6
55.833334E-6	30.754922E-3	83.464802E-6	30.101962E-3	18.408960E-6	30.205214E-3	-89.518566E-6	31.039808E-3	-28.692222E-6
57.666657E-6	30.747514E-3	18.828880E-6	30.120617E-3	-81.968581E-6	30.207025E-3	-14.132548E-6	31.190081E-3	60.066333E-6
59.499995E-6	30.748954E-3	-70.459530E-6	30.152548E-3	-62.431449E-6	30.180478E-3	70.228569E-6	31.318247E-3	28.692411E-6
61.333332E-6	30.752921E-3	-55.661767E-6	30.125601E-3	46.812649E-6	30.174395E-3	34.419616E-6	31.358141E-3	-63.715524E-6
63.166670E-6	30.804668E-3	60.552269E-6	30.165326E-3	77.014171E-6	30.157806E-3	-51.068531E-6	31.404901E-3	-62.764215E-6
64.999993E-6	30.905219E-3	33.158525E-6	30.214269E-3	-11.622547E-6	30.157456E-3	-84.492465E-6	31.441823E-3	49.189104E-6
66.833330E-6	30.994602E-3	-82.236460E-6	30.210443E-3	-70.695605E-6	30.173475E-3	29.698400E-6	31.403467E-3	66.411812E-6
68.666668E-6	31.099740E-3	-64.439562E-6	30.218242E-3	-30.256693E-6	30.176520E-3	57.060079E-6	31.439919E-3	-51.732906E-6
70.499991E-6	31.199465E-3	47.678346E-6	30.258078E-3	59.693448E-6	30.161470E-3	-5.2487976E-6	31.422891E-3	-65.293912E-6
72.333329E-6	31.227270E-3	71.122704E-6	30.428903E-3	57.190409E-6	30.186992E-3	-73.130293E-6	31.558946E-3	24.773863E-6
74.166666E-6	31.301677E-3	-24.685654E-6	30.665204E-3	-46.723941E-6	30.168882E-3	-22.499536E-6	31.662546E-3	101.91365E-6
76.000004E-6	31.171791E-3	-76.388758E-6	30.725459E-3	-54.033935E-6	30.134337E-3	41.693515E-6	31.754278E-3	-3.1642064E-6
77.833327E-6	31.086517E-3	-42.443349E-6	30.822810E-3	6.4688661E-6	30.075364E-3	61.793697E-6	31.856250E-3	-92.372706E-6
79.666665E-6	31.021997E-3	60.798335E-6	30.854415E-3	66.298366E-6	30.047093E-3	-2.0439938E-6	31.704634E-3	-11.160939E-6
81.500002E-6	31.003987E-3	16.598367E-6	30.903812E-3	51.244780E-6	29.930981E-3	-79.246180E-6	31.596206E-3	62.323910E-6
83.333325E-6	30.985435E-3	-73.057221E-6	30.962816E-3	-67.670975E-6	29.885383E-3	-18.484221E-6	31.464111E-3	18.212921E-6
85.166663E-6	30.983629E-3	-21.664719E-6	30.874999E-3	-40.054350E-6	29.806297E-3	65.956301E-6	31.317025E-3	-77.663986E-6
87.000000E-6	30.998347E-3	59.047597E-6	30.561831E-3	47.548296E-6	29.784884E-3	32.467313E-6	31.311560E-3	-53.801374E-6
88.833323E-6	31.003624E-3	53.635482E-6	30.462876E-3	43.830700E-6	29.763846E-3	-40.932387E-6	31.292785E-3	69.694150E-6
90.666661E-6	30.911451E-3	-56.787700E-6	30.402450E-3	-34.445904E-6	29.823707E-3	-56.019486E-6	31.290777E-3	41.940428E-6
92.499999E-6	30.854438E-3	-64.030108E-6	30.385127E-3	-64.136279E-6	29.887915E-3	19.095905E-6	31.274624E-3	-46.816953E-6
94.333336E-6	30.747997E-3	40.872063E-6	30.319721E-3	-968.21373E-9	29.955581E-3	76.348850E-6	31.235255E-3	-33.921271E-6
96.166659E-6	30.647853E-3	70.480251E-6	30.302048E-3	67.796813E-6	31.182194E-3	2.2832148E-3	33.717401E-3	1.6443146E-3
97.999997E-6	30.530121E-3	-15.065280E-6	30.313544E-3	40.378254E-6	32.701686E-3	1.5757522E-3	32.473840E-3	2.4572269E-3
99.833334E-6	30.475382E-3	-69.301655E-6	30.265154E-3	-77.077879E-6	32.140799E-3	859.79135E-6	34.080502E-3	2.3014271E-3
101.66666E-6	30.547086E-3	-17.549408E-6	30.287199E-3	-61.710751E-6	31.326503E-3	1.2992419E-3	33.672642E-3	1.1498302E-3
103.50000E-6	30.647676E-3	77.160956E-6	30.267190E-3	23.709332E-6	30.303370E-3	904.50438E-6	34.536991E-3	1.5680252E-3
105.33333E-6	30.749524E-3	39.773415E-6	30.522212E-3	63.264597E-6	32.827538E-3	2.2893199E-3	33.290062E-3	2.3326941E-3
107.16666E-6	30.792354E-3	-87.727647E-6	30.469580E-3	4.2103484E-6	34.031410E-3	1.6633957E-3	33.945974E-3	2.8219246E-3
108.99999E-6	30.837938E-3	-20.153249E-6	30.483268E-3	-87.639339E-6	32.257192E-3	865.18459E-6	35.092372E-3	2.2697265E-3
110.83333E-6	30.877886E-3	46.867310E-6	30.623958E-3	-33.076001E-6	32.196607E-3	2.0593521E-3	33.945549E-3	1.3899741E-3
112.66667E-6	30.865442E-3	70.321934E-6	30.636474E-3	54.483851E-6	33.469055E-3	2.9858805E-3	33.616755E-3	2.1049345E-3
114.49999E-6	30.819079E-3	-64.509077E-6	30.545561E-3	49.025279E-6	38.848542E-3	1.7334427E-3	39.746691E-3	1.2822723E-3
116.33333E-6	31.581745E-3	209.26584E-6	30.573417E-3	-24.892042E-6	38.653519E-3	1.9509593E-3	39.759498E-3	1.7843710E-3
118.16667E-6	30.876866E-3	32.499825E-6	30.550169E-3	-68.814537E-6	39.190531E-3	1.6308193E-3	40.314294E-3	1.3848502E-3
119.99999E-6	30.953813E-3	70.182658E-6	30.502278E-3	-13.049075E-9	38.440175E-3	1.4928769E-3	40.085979E-3	1.5647917E-3
121.83333E-6	31.122914E-3	-21.379341E-6	30.422878E-3	50.264105E-6	38.690202E-3	1.6950649E-3	39.989471E-3	1.2562488E-3
123.66666E-6	32.075889E-3	473.19601E-6	30.366229E-3	43.337925E-6	38.216531E-3	1.7367642E-3	40.516749E-3	1.0711027E-3
125.50000E-6	31.298030E-3	842.82283E-6	30.306889E-3	-84.392181E-6	38.610160E-3	1.8414961E-3	40.808063E-3	1.4911267E-3
127.33333E-6	31.195721E-3	77.229975E-6	30.244004E-3	-42.704502E-6	38.953945E-3	1.5988458E-3	40.579911E-3	1.6186520E-3
129.16667E-6	31.113815E-3	490.96422E-6	30.176576E-3	33.430417E-6	38.730849E-3	1.3690930E-3	39.784782E-3	1.3022493E-3
131.00001E-6	31.965617E-3	644.88995E-6	30.179948E-3	82.580453E-6	39.054897E-3	1.2042660E-3	40.117454E-3	1.1482174E-3
132.83332E-6	31.819832E-3	792.76302E-6	30.162957E-3	-6.0380726E-6	39.536733E-3	1.1904959E-3	40.349361E-3	1.1639425E-3
134.66665E-6	37.717368E-3	2.4821134E-3	34.708567E-3	3.1738991E-3	40.188633E-3	869.66099E-6	40.976066E-3	868.83875E-6
136.49999E-6	37.640672E-3	2.1398214E-3	35.285555E-3	3.3560866E-3	40.277790E-3	932.33428E-6	40.906608E-3	905.59071E-6
138.33333E-6	38.424738E-3	2.1263473E-3	35.929911E-3	3.2656055E-3	40.305514E-3	907.39533E-6	40.888619E-3	848.30011E-6
140.16667E-6	39.380513E-3	2.0041298E-3	36.409713E-3	2.8757914E-3	40.269930E-3	790.00852E-6	40.864553E-3	801.03282E-6
142.00000E-6	39.097350E-3	1.4458882E-3	35.943739E-3	2.8066211E-3	40.260095E-3	817.43725E-6	40.887892E-3	852.00695E-6
143.83334E-6	38.715683E-3	1.9677086E-3	35.067096E-3	3.1126803E-3	40.141057E-3	902.21007E-6	40.919226E-3	915.02763E-6
145.66665E-6	37.708100E-3	1.7886767E-3	36.392473E-3	3.4178598E-3	40.053248E-3	904.22423E-6	40.853810E-3	870.06012E-6
147.49999E-6	38.351975E-3	1.9705126E-3	36.715623E-3	2.5410908E-3	40.268291E-3	853.50621E-6	40.767070E-3	810.37439E-6
149.33333E-6	38.725019E-3	2.3407636E-3	37.396785E-3	2.5671732E-3	40.275607E-3	800.90336E-6	40.659901E-3	824.85576E-6
151.16666E-6	37.957221E-3	1.9199618E-3	35.394520E-3	2.8666838E-3	40.228296E-3	848.80553E-6	40.627483E-3	904.22621E-6
153.00000E-6	40.498856E-3	872.06706E-6	39.707448E-3	1.0115381E-3	40.321197E-3	886.44470E-6	40.680092E-3	864.89716E-6
154.83331E-6	40.411852E-3	838.03706E-6	39.781727E-3	967.67052E-6	40.325422E-3	849.71340E-6	40.700354E-3	783.67349E-6
156.66665E-6	40.307891E-3	935.82901E-6	39.713707E-3	1.1657689E-3	40.265594E-3	795.56473E-6	40.823646E-3	767.25183E-6
158.49998E-6	40.331516E-3	946.75226E-6	39.948285E-3	981.77523E-6	40.254980E-3	757.95542E-6	40.951185E-3	854.11948E-6
160.33332E-6	40.413436E-3	833.30343E-6	39.890897E-3	933.84460E-6	40.212203E-3	844.77023E-6	40.967714E-3	892.64865E-6
162.16666E-6	40.535662E-3	824.19929E-6	39.883297E-3	903.04442E-6	40.172208E-3	898.95772E-6	41.028835E-3	832.55628E-6
164.00000E-6	40.639568E-3	907.96594E-6	39.757594E-3	1.0221514E-3	40.190790E-3	826.64686E-6	41.054241E-3	776.07145E-6
165.83331E-6	40.786851E-3	938.59894E-6	39.733220E-3	1.1677919E-3	40.202402E-3	744.08908E-6	41.076239E-3	809.12211E-6
167.66664E-6	40.720180E-3	850.05700E-6	40.019896E-3	947.77468E-6	40.204078E-3	795.50990E-6	41.094974E-3	902.30227E-6
169.49998E-6	40.538825E-3	814.27320E-6	39.952189E-3	874.97197E-6	40.230438E-3	865.81788E-6	41.088447E-3	867.39316E-6
171.33332E-6	40.699460E-3	851.58297E-6	40.257450E-3	824.40674E-6	40.020809E-3	878.10698E-6	41.126925E-3	742.95857E-6
173.16666E-6	40.713489E-3	900.34486E-6	40.314004E-3	916.91373E-6	39.956272E-3	789.88081E-6	41.186545E-3	790.23786E-6
174.99999E-6	40.651191E-3	813.89566E-6	40.394850E-3	863.46711E-6	39.898202E-3	752.01696E-6	41.277152E-3	888.95863E-6
176.83333E-6	40.656995E-3	739.19381E-6	40.485825E-3	803.11875E-6	39.797354E-3	824.96699E-6	41.428793E-3	852.44043E-6
178.66664E-6	40.635768E-3	852.75515E-6	40.532809E-3	799.39357E-6	39.747342E-3	896.44419E-6	41.410904E-3	756.62357E-6
180.49998E-6	40.493391E-3	907.76919E-6	40.652961E-3	889.59292E-6	39.652921E-3	848.69750E-6	41.272122E-3	760.95934E-6
182.33332E-6	40.323026E-3	820.20246E-6	40.686138E-3	904.61510E-6	39.606065E-3	756.57543E-6	41.135002E-3	858.57091E-6
184.16665E-6	40.202554E-3	767.53035E-6	40.677663E-3	829.02331E-6	39.604537E-3	784.57850E-6	41.058209E-3	890.73920E-6
185.99999E-6	40.162072E-3	843.57557E-6	40.686890E-3	783.86156E-6	39.702732E-3	872.54425E-6	40.963233E-3	816.63398E-6
187.83333E-6	40.309291E-3	885.65238E-6	40.669248E-3	809.70227E-6	39.791141E-3	884.38368E-6	40.900651E-3	762.29888E-6
189.66667E-6	40.464569E-3	805.96906E-6	40.583134E-3	894.16007E-6	39.818376E-3	800.23322E-6	40.911976E-3	844.08995E-6
191.49997E-6	40.612657E-3	738.28327E-6	40.600799E-3	870.89918E-6	39.857090E-3	790.01090E-6	40.790293E-3	928.04828E-6
193.33331E-6	40.622424E-3	825.18108E-6	40.561192E-3	791.25655E-6	39.912280E-3	825.97177E-6	40.813945E-3	865.52900E-6
195.16665E-6	40.630605E-3	878.67322E-6	40.524334E-3	748.99738E-6	39.961662E-3	904.18814E-6	40.802341E-3	768.33612E-6
196.99999E-6	40.632788E-3	834.11142E-6	40.509168E-3	823.91617E-6	39.990816E-3	874.79386E-6	40.733218E-3	845.19305E-6
198.83332E-6	40.637989E-3	748.50454E-6	40.464267E-3	886.04342E-6	39.877430E-3	777.27385E-6	40.651016E-3	922.38968E-6
200.66666E-6	40.691398E-3	814.33635E-6	40.431641E-3	857.61870E-6	39.925836E-3	775.97506E-6	40.559582E-3	897.78518E-6
202.50000E-6	40.901646E-3	896.05054E-6	40.442504E-3	773.86427E-6	39.903726E-3	850.77999E-6	40.514555E-3	798.54968E-6
204.33331E-6	41.051630E-3	840.68312E-6	40.444918E-3	745.88857E-6	39.901394E-3	905.28955E-6	40.527627E-3	788.75420E-6
206.16665E-6	40.970057E-3	763.78713E-6	40.415369E-3	841.49319E-6	39.922986E-3	837.49380E-6	40.694177E-3	897.93815E-6
207.99998E-6	40.853258E-3	810.51118E-6	40.374264E-3	878.74662E-6	39.919902E-3	780.35344E-6	40.800571E-3	891.45533E-6
209.83332E-6	40.738292E-3	894.12945E-6	40.324666E-3	814.93269E-6	38.734466E-3	1.1183737E-3	40.099740E-3	1.6532911E-3
211.66666E-6	40.686253E-3	845.77099E-6	40.331349E-3	755.72723E-6	39.384600E-3	1.0204347E-3	39.950836E-3	1.1861059E-3
213.50000E-6	40.641677E-3	766.59874E-6	40.436558E-3	798.23175E-6	39.520796E-3	1.3616284E-3	40.173724E-3	1.0679215E-3
215.33330E-6	40.619541E-3	812.05054E-6	40.435743E-3	853.07984E-6	39.542705E-3	1.3603470E-3	40.454037E-3	1.4854816E-3
217.16664E-6	40.592346E-3	892.18491E-6	40.432442E-3	889.94793E-6	39.152212E-3	1.2158569E-3	40.292773E-3	1.6421848E-3
218.99998E-6	40.509816E-3	859.26254E-6	40.392324E-3	794.21059E-6	39.358929E-3	990.31359E-6	40.036656E-3	1.2538120E-3
220.83332E-6	40.345151E-3	772.05594E-6	40.422399E-3	736.54944E-6	39.565571E-3	1.3151501E-3	39.965287E-3	1.3294994E-3
222.66665E-6	40.170364E-3	798.76865E-6	40.327027E-3	848.91653E-6	39.674729E-3	1.3256923E-3	40.476907E-3	1.6314436E-3
224.49999E-6	40.155813E-3	897.80992E-6	40.225644E-3	892.27746E-6	39.385736E-3	1.4369873E-3	39.915696E-3	2.0639033E-3
226.33333E-6	40.240172E-3	867.05998E-6	40.176671E-3	851.39577E-6	39.268982E-3	1.0808557E-3	40.243063E-3	1.4129290E-3
228.16664E-6	40.412694E-3	764.74168E-6	40.096458E-3	761.85470E-6	39.295271E-3	1.1339186E-3	39.770234E-3	1.1619285E-3
229.99998E-6	40.342122E-3	810.25803E-6	39.913565E-3	774.55200E-6	35.274442E-3	3.0617288E-3	34.915965E-3	3.1850371E-3
231.83331E-6	40.406577E-3	1.0561665E-3	39.827771E-3	894.32014E-6	35.148680E-3	2.2303641E-3	36.321111E-3	2.2383791E-3
233.66665E-6	40.273737E-3	943.09007E-6	39.778251E-3	921.73490E-6	36.683019E-3	2.6222593E-3	34.142062E-3	2.0306294E-3
235.49999E-6	39.771568E-3	899.05300E-6	39.781380E-3	841.22672E-6	34.419950E-3	2.9737540E-3	32.909978E-3	2.8926881E-3
237.33333E-6	40.011026E-3	964.64891E-6	39.776336E-3	756.89808E-6	34.017712E-3	2.6543876E-3	34.156751E-3	2.9746131E-3
239.16666E-6	40.239558E-3	1.1479235E-3	39.749987E-3	852.64421E-6	35.459638E-3	2.8287203E-3	35.342924E-3	2.7462142E-3
240.99997E-6	40.427282E-3	915.95651E-6	39.793603E-3	913.37046E-6	36.648501E-3	2.5347627E-3	33.449054E-3	1.8008539E-3
242.83331E-6	40.311724E-3	852.25340E-6	39.913841E-3	911.38663E-6	34.588039E-3	2.6092036E-3	34.227960E-3	2.6598896E-3
244.66665E-6	40.637836E-3	817.83620E-6	39.877947E-3	794.55698E-6	34.346335E-3	2.8710717E-3	34.017649E-3	2.6114332E-3
246.49999E-6	40.409334E-3	968.83695E-6	39.938990E-3	793.19807E-6	34.441587E-3	2.9556633E-3	35.034392E-3	2.2299620E-3
248.33332E-6	38.311098E-3	2.6960995E-3	39.006293E-3	1.5936295E-3	30.231066E-3	39.808838E-6	30.602382E-3	-6.4324254E-6
250.16666E-6	37.583753E-3	3.0886289E-3	39.837305E-3	1.4192746E-3	30.212348E-3	-62.607040E-6	30.513544E-3	-73.012590E-6
252.00000E-6	37.579633E-3	2.4348509E-3	39.200969E-3	1.2321067E-3	30.182909E-3	-45.091867E-6	30.606542E-3	8.5009997E-6
253.83331E-6	35.963375E-3	2.6634706E-3	38.888931E-3	1.2879733E-3	30.230476E-3	37.153310E-6	30.728254E-3	82.144354E-6
255.66664E-6	37.370048E-3	3.0677458E-3	38.560320E-3	1.8280352E-3	30.218827E-3	71.402377E-6	30.863777E-3	11.150063E-6
257.49998E-6	38.611993E-3	2.2698464E-3	38.902357E-3	2.1093006E-3	30.249614E-3	-29.165414E-6	30.964369E-3	-90.880356E-6
259.33332E-6	37.955943E-3	2.0757746E-3	38.973849E-3	1.3335571E-3	30.253472E-3	-93.675153E-6	31.019481E-3	-22.573215E-6
261.16666E-6	36.232173E-3	2.6077393E-3	38.672436E-3	1.2197540E-3	30.146865E-3	-31.849271E-6	31.003281E-3	71.652736E-6
262.99999E-6	35.064466E-3	3.1413790E-3	38.988110E-3	1.5704642E-3	30.173019E-3	49.802147E-6	31.131264E-3	29.496874E-6
264.83330E-6	36.498610E-3	2.8935715E-3	38.939763E-3	1.7879329E-3	30.170869E-3	31.265372E-6	31.171974E-3	-82.601386E-6
266.66664E-6	31.997453E-3	1.2498741E-3	34.706261E-3	1.9532521E-3	30.087927E-3	-48.206151E-6	31.203678E-3	-41.816551E-6
268.49998E-6	31.411819E-3	447.65216E-6	33.423591E-3	2.4382882E-3	30.040018E-3	-53.566546E-6	31.228108E-3	56.419496E-6
270.33332E-6	32.245032E-3	615.55859E-6	33.882238E-3	2.5410280E-3	29.978933E-3	46.099372E-6	31.350601E-3	52.311836E-6
272.16665E-6	31.329591E-3	1.5254456E-3	33.757538E-3	1.5886241E-3	29.920809E-3	58.321577E-6	31.450965E-3	-31.561227E-6
273.99999E-6	31.483945E-3	-68.458889E-6	34.233887E-3	1.9563725E-3	29.876530E-3	-21.255884E-6	31.536415E-3	-91.758258E-6
275.83333E-6	30.497713E-3	-19.794941E-6	34.446672E-3	2.1892218E-3	29.859178E-3	-72.073191E-6	31.550232E-3	15.716647E-6
277.66664E-6	32.365516E-3	899.09020E-6	32.828126E-3	2.9201556E-3	29.888825E-3	-11.722172E-6	31.402227E-3	69.716742E-6
279.49997E-6	30.669892E-3	8.1148146E-6	33.264775E-3	2.1732263E-3	29.978318E-3	69.484420E-6	31.274382E-3	-25.937632E-6
281.33331E-6	30.799255E-3	-75.511009E-6	34.551010E-3	1.5181296E-3	30.013436E-3	34.848086E-6	31.145450E-3	-57.561687E-6
283.16665E-6	30.940380E-3	406.06840E-6	35.164163E-3	2.0746931E-3	30.101864E-3	-60.282575E-6	31.080350E-3	-16.303386E-6
284.99999E-6	30.907469E-3	44.208857E-6	33.506420E-3	2.9315818E-3	30.139610E-3	-64.387197E-6	31.039402E-3	85.360596E-6
286.83332E-6	30.788468E-3	19.595351E-6	30.865198E-3	-65.412176E-6	30.224260E-3	18.691209E-6	31.020202E-3	-126.31082E-9
288.66666E-6	30.678090E-3	-85.623564E-6	30.810744E-3	-37.341142E-6	30.248590E-3	77.155724E-6	31.017344E-3	-73.715841E-6
290.49997E-6	30.627597E-3	-35.966681E-6	30.760860E-3	42.373453E-6	30.304525E-3	-17.827904E-6	31.012256E-3	-50.243609E-6
292.33331E-6	30.580051E-3	69.039292E-6	30.725839E-3	71.462033E-6	30.274270E-3	-71.503018E-6	31.001940E-3	65.806198E-6
294.16665E-6	30.587491E-3	42.015916E-6	30.685648E-3	-31.030540E-6	30.283781E-3	-7.4108852E-6	31.019663E-3	27.915783E-6
295.99998E-6	30.580020E-3	-62.512532E-6	30.571098E-3	-82.880935E-6	30.256644E-3	77.798351E-6	30.890519E-3	-65.743188E-6
297.83332E-6	30.552138E-3	-52.789012E-6	30.608879E-3	-41.917639E-6	30.295145E-3	44.729975E-6	30.769803E-3	-79.378930E-6
299.66666E-6	30.447608E-3	43.880198E-6	30.686671E-3	70.185779E-6	30.298850E-3	-64.987209E-6	30.730456E-3	26.007836E-6
301.49997E-6	30.269520E-3	62.764353E-6	30.655982E-3	43.919932E-6	30.295730E-3	-68.879926E-6	30.692922E-3	56.443514E-6
303.33331E-6	30.153161E-3	-59.076436E-6	30.609032E-3	-66.705754E-6	30.398995E-3	21.925804E-6	30.812442E-3	-45.734112E-6
305.16664E-6	30.102355E-3	-58.207112E-6	30.709948E-3	-74.665411E-6	30.423084E-3	49.814764E-6	30.884357E-3	-66.556087E-6
306.99998E-6	30.176092E-3	48.519505E-6	30.653598E-3	-410.86727E-9	30.483011E-3	-12.690180E-6	31.021800E-3	11.871577E-6
308.83332E-6	30.340433E-3	59.607162E-6	30.665899E-3	68.672867E-6	30.538790E-3	-61.690982E-6	31.112842E-3	76.809920E-6
310.66666E-6	30.437620E-3	-34.316967E-6	30.652652E-3	8.3379955E-6	30.639162E-3	-27.296432E-6	31.123454E-3	-6.6971520E-6
312.49999E-6	30.450286E-3	-80.681690E-6	30.601013E-3	-64.288710E-6	30.732073E-3	51.988325E-6	31.090222E-3	-74.618125E-6
314.33330E-6	30.441795E-3	31.122629E-6	30.568540E-3	-51.119128E-6	30.752793E-3	45.791105E-6	31.152984E-3	-5.6265626E-6
316.16664E-6	30.448126E-3	69.231908E-6	30.474255E-3	33.192933E-6	30.801225E-3	-38.277518E-6	31.148285E-3	62.411040E-6
317.99998E-6	30.477099E-3	-15.536598E-6	30.480061E-3	72.179617E-6	30.731170E-3	-82.814811E-6	31.196365E-3	17.149438E-6
319.83331E-6	30.558052E-3	-70.865957E-6	30.393766E-3	-3.3422555E-6	30.669069E-3	29.177345E-6	31.378947E-3	-73.439507E-6
321.66665E-6	30.734560E-3	-1.7812453E-6	30.338738E-3	-80.269907E-6	30.557819E-3	69.298381E-6	31.485867E-3	-10.754209E-6
323.49999E-6	30.924194E-3	79.707148E-6	30.292433E-3	-27.444381E-6	30.467587E-3	9.5095020E-6	31.497270E-3	61.787992E-6
325.33333E-6	30.947711E-3	-16.304211E-6	30.267755E-3	51.424828E-6	30.448884E-3	-93.033836E-6	31.432822E-3	9.3587187E-6
327.16664E-6	30.893030E-3	-74.690899E-6	30.187914E-3	46.833098E-6	30.402597E-3	-20.934502E-6	31.284228E-3	-63.135973E-6
328.99997E-6	30.730804E-3	-8.5911570E-6	30.193808E-3	-52.177318E-6	30.360013E-3	50.472609E-6	31.126045E-3	-31.951287E-6
330.83331E-6	30.628163E-3	75.575634E-6	30.212367E-3	-78.965808E-6	30.340703E-3	49.982686E-6	31.047421E-3	52.097374E-6
332.66665E-6	30.615490E-3	8.1586668E-6	30.282108E-3	23.928536E-6	30.327536E-3	-13.338818E-6	30.971996E-3	34.958539E-6
334.49999E-6	30.583918E-3	-84.742984E-6	30.298179E-3	75.383199E-6	30.332591E-3	-106.05076E-6	31.038443E-3	-54.380296E-6
336.33332E-6	30.563252E-3	-6.9737430E-6	30.363830E-3	17.030306E-6	30.340584E-3	6.4111778E-6	30.980719E-3	-48.178383E-6
338.16666E-6	30.558914E-3	57.976529E-6	30.423814E-3	-90.527879E-6	30.334814E-3	77.054843E-6	30.977327E-3	37.851401E-6
339.99997E-6	30.543737E-3	26.850905E-6	30.452242E-3	-54.677308E-6	30.335782E-3	35.104393E-6	30.913634E-3	51.178489E-6
341.83331E-6	30.404633E-3	-89.392044E-6	30.519856E-3	52.264753E-6	30.316554E-3	-50.425664E-6	30.763051E-3	-58.374353E-6
343.66664E-6	30.300593E-3	-42.041811E-6	30.515183E-3	55.339697E-6	30.339306E-3	-57.710949E-6	30.656150E-3	-63.420353E-6
345.49998E-6	30.150875E-3	59.977756E-6	30.542905E-3	-37.608414E-6	30.276073E-3	32.754262E-6	30.663362E-3	19.225425E-6
347.33332E-6	30.118968E-3	43.064836E-6	30.555774E-3	-70.502785E-6	30.280376E-3	53.688607E-6	30.737948E-3	78.680685E-6
349.16666E-6	30.225376E-3	-51.806710E-6	30.550672E-3	5.1179281E-6	30.217482E-3	-11.244116E-6	30.939322E-3	-6.6852704E-6
350.99997E-6	30.366285E-3	-54.410000E-6	30.563479E-3	69.920803E-6	30.198131E-3	-88.010238E-6	31.078130E-3	-74.971991E-6
352.83330E-6	30.441878E-3	41.615494E-6	30.567713E-3	29.104920E-6	30.096229E-3	-19.397143E-6	31.169357E-3	-22.167465E-6
354.66664E-6	30.445412E-3	53.467054E-6	30.561514E-3	-58.045673E-6	30.017478E-3	58.879166E-6	31.202385E-3	47.198624E-6
356.49998E-6	30.504461E-3	-44.457218E-6	30.589100E-3	-51.437477E-6	30.025899E-3	27.526712E-6	31.208778E-3	3.4682528E-6
358.33332E-6	30.497765E-3	-61.348233E-6	30.596513E-3	32.675638E-6	30.039700E-3	-71.528128E-6	31.246737E-3	-102.29785E-6
360.16665E-6	30.486291E-3	32.626744E-6	30.655762E-3	66.012799E-6	30.076383E-3	-81.710554E-6	31.236142E-3	-25.083100E-6
361.99999E-6	30.541463E-3	51.995401E-6	30.736072E-3	-16.833579E-6	30.165663E-3	21.110551E-6	31.247187E-3	68.300484E-6
363.83330E-6	30.639809E-3	-17.765266E-6	30.836178E-3	-84.247324E-6	30.246763E-3	70.201124E-6	31.322297E-3	24.627425E-6
365.66664E-6	30.764053E-3	-78.918740E-6	30.925816E-3	-13.021160E-6	30.300356E-3	-30.372528E-6	31.434800E-3	-67.558809E-6
367.49998E-6	30.899348E-3	9.0779913E-6	31.017827E-3	85.249689E-6	30.378576E-3	-85.076106E-6	31.568348E-3	-56.381585E-6
369.33331E-6	30.921655E-3	75.967051E-6	31.067792E-3	27.151640E-6	30.424194E-3	-17.092514E-6	31.637371E-3	56.505727E-6
371.16665E-6	30.919062E-3	2.5167340E-6	31.016568E-3	-48.997084E-6	30.475011E-3	80.650265E-6	31.593271E-3	78.253237E-6
372.99999E-6	30.803688E-3	-72.129282E-6	30.997556E-3	-56.962275E-6	30.468166E-3	30.155024E-6	31.523559E-3	-46.015302E-6
374.83333E-6	30.696161E-3	-33.580029E-6	30.958815E-3	40.940104E-6	30.471124E-3	-64.947206E-6	31.365413E-3	-76.589909E-6
376.66663E-6	30.604476E-3	54.946217E-6	30.889001E-3	74.410411E-6	30.436883E-3	-58.430054E-6	31.229543E-3	28.524521E-6
378.49997E-6	30.586950E-3	24.476667E-6	30.835047E-3	-11.735343E-6	30.456491E-3	17.201692E-6	31.146448E-3	66.188135E-6
380.33331E-6	30.566247E-3	-60.076214E-6	30.743800E-3	-96.030431E-6	30.485263E-3	48.623104E-6	31.105593E-3	-13.902822E-6
382.16665E-6	30.605296E-3	-50.316354E-6	30.747671E-3	-9.3275648E-6	30.503802E-3	-5.9657577E-6	31.077761E-3	-95.184158E-6
383.99998E-6	30.577283E-3	27.234324E-6	30.735167E-3	65.714936E-6	30.530721E-3	-56.725661E-6	31.083431E-3	-39.341994E-6
385.83332E-6	30.539894E-3	45.530240E-6	30.727621E-3	35.992223E-6	30.548137E-3	-16.507634E-6	31.076858E-3	62.571504E-6
387.66666E-6	30.454678E-3	-53.480930E-6	30.719984E-3	-54.047079E-6	30.650284E-3	60.471582E-6	31.067651E-3	16.985257E-6
389.50000E-6	30.340564E-3	-61.767954E-6	30.688694E-3	-66.535205E-6	30.728642E-3	43.180109E-6	31.041797E-3	-58.559810E-6
391.33331E-6	30.170046E-3	52.439889E-6	30.705638E-3	27.513444E-6	30.826695E-3	-51.048537E-6	30.998828E-3	-51.595711E-6
393.16667E-6	30.098485E-3	44.143122E-6	30.662118E-3	58.329977E-6	30.829428E-3	-82.177881E-6	30.906722E-3	49.070833E-6
394.99998E-6	30.133463E-3	-38.381251E-6	30.705208E-3	22.297152E-6	30.852767E-3	16.854721E-6	30.826433E-3	45.567736E-6
396.83329E-6	30.326758E-3	-75.434313E-6	30.668342E-3	-92.737762E-6	30.862231E-3	84.285923E-6	30.740514E-3	-52.703959E-6
398.66666E-6	30.539492E-3	1.2854441E-6	30.648446E-3	-57.027788E-6	30.740650E-3	2.4321571E-6	30.793723E-3	-77.232020E-6
400.49996E-6	30.571643E-3	70.648544E-6	30.648382E-3	34.225752E-6	30.710928E-3	-71.526039E-6	30.833533E-3	16.218182E-6
402.33333E-6	30.584401E-3	-4.0484802E-6	30.661900E-3	56.288438E-6	30.617537E-3	-38.368547E-6	30.976107E-3	72.589341E-6
404.16664E-6	30.578379E-3	-79.861165E-6	30.636789E-3	-21.360695E-6	30.526539E-3	46.922778E-6	31.125994E-3	5.5565752E-6
406.00001E-6	30.587696E-3	-7.8279545E-6	30.568395E-3	-84.608138E-6	30.453233E-3	44.940756E-6	31.202435E-3	-71.241033E-6
407.83331E-6	30.598840E-3	93.064009E-6	30.514931E-3	10.737187E-6	30.420823E-3	-61.028200E-6	31.241152E-3	-12.908238E-6
409.66662E-6	30.719249E-3	-5.6748413E-6	30.477419E-3	69.336762E-6	30.361658E-3	-55.561006E-6	31.242240E-3	55.258239E-6
411.49999E-6	30.874066E-3	-69.613634E-6	30.432636E-3	34.388628E-6	30.339302E-3	27.981232E-6	31.274341E-3	10.708297E-6
413.33330E-6	31.008312E-3	-17.841588E-6	30.400019E-3	-38.719772E-6	30.375544E-3	62.771229E-6	31.261113E-3	-44.579665E-6
415.16667E-6	31.078173E-3	59.200254E-6	30.352106E-3	-78.696736E-6	30.349642E-3	8.1731378E-6	31.266350E-3	-54.910364E-6
416.99997E-6	30.998858E-3	24.845867E-6	30.373793E-3	20.389751E-6	30.407323E-3	-75.600437E-6	31.264812E-3	59.431259E-6
418.83328E-6	30.855671E-3	-66.606750E-6	30.315287E-3	61.718049E-6	30.394301E-3	-34.538523E-6	31.290885E-3	42.882653E-6
420.66665E-6	30.768925E-3	-46.660934E-6	30.353237E-3	21.200334E-6	30.358959E-3	56.339552E-6	31.458046E-3	-40.196737E-6
422.49996E-6	30.736689E-3	75.487806E-6	30.384790E-3	-50.461036E-6	30.314706E-3	48.269427E-6	31.558849E-3	-93.086957E-6
424.33332E-6	30.692561E-3	48.542752E-6	30.450016E-3	-45.152534E-6	30.298447E-3	-41.022518E-6	31.660028E-3	16.071950E-6
426.16663E-6	30.753674E-3	-67.070236E-6	30.518087E-3	62.830906E-6	30.225130E-3	-99.222962E-6	31.593177E-3	78.128098E-6
428.00000E-6	30.654732E-3	-44.406144E-6	30.534131E-3	72.203824E-6	30.151857E-3	8.2732713E-6	31.514592E-3	11.406801E-6
429.83331E-6	30.553531E-3	30.812786E-6	30.635316E-3	-36.176909E-6	30.086696E-3	75.201249E-6	31.397317E-3	-72.558512E-6
431.66662E-6	30.488454E-3	44.177668E-6	30.666830E-3	-68.611618E-6	30.014634E-3	-6.4234550E-6	31.299997E-3	-35.578701E-6
433.49998E-6	30.348545E-3	-67.732675E-6	30.691974E-3	-15.635353E-6	29.971723E-3	-84.520500E-6	31.149045E-3	70.351765E-6
435.33329E-6	30.230641E-3	-43.091844E-6	30.667840E-3	69.621186E-6	29.954549E-3	-37.678950E-6	31.090118E-3	41.733238E-6
437.16666E-6	30.292101E-3	46.479585E-6	30.680446E-3	27.496244E-6	30.056059E-3	51.906118E-6	31.057948E-3	-55.505876E-6
438.99997E-6	30.418560E-3	49.142913E-6	30.711124E-3	-68.414207E-6	30.101800E-3	71.291790E-6	31.690206E-3	-59.004418E-6
440.83333E-6	30.508783E-3	-52.116076E-6	30.732226E-3	-45.649456E-6	30.180490E-3	-28.107746E-6	31.805329E-3	16.061696E-6
442.66664E-6	30.584423E-3	-93.304945E-6	30.707367E-3	27.445027E-6	30.282386E-3	-60.720402E-6	30.971633E-3	889.59560E-6
444.49995E-6	30.591885E-3	20.772513E-6	30.714473E-3	96.365882E-6	30.392969E-3	24.463590E-6	31.777747E-3	809.26408E-6
446.33332E-6	30.579319E-3	65.120228E-6	30.710984E-3	-15.937623E-6	30.363461E-3	65.365537E-6	32.843996E-3	1.0343074E-3
448.16663E-6	30.603524E-3	-12.214449E-6	30.723466E-3	-108.45908E-6	30.411780E-3	-16.396345E-6	30.912118E-3	-17.104816E-6
449.99999E-6	30.615570E-3	-57.542675E-6	30.730233E-3	-17.135013E-6	30.456774E-3	-94.580813E-6	30.846858E-3	650.39995E-6
451.83330E-6	30.723786E-3	-609.53960E-9	30.755591E-3	62.311345E-6	30.438170E-3	-42.094209E-6	31.613708E-3	1.6221286E-3
453.66667E-6	30.899970E-3	81.310354E-6	30.790515E-3	61.751998E-6	30.444363E-3	42.692398E-6	31.593822E-3	545.08797E-6
455.49998E-6	30.976439E-3	5.9736581E-6	30.841548E-3	-37.107962E-6	30.416738E-3	1.3558406E-3	32.422058E-3	323.44411E-6
457.33328E-6	31.063387E-3	-80.648060E-6	30.920910E-3	-72.103416E-6	37.108622E-3	3.1341314E-3	37.821114E-3	1.9626904E-3
459.16665E-6	30.968888E-3	-13.631203E-6	30.927962E-3	7.1957807E-6	35.489038E-3	2.9257550E-3	38.889002E-3	2.6021586E-3
460.99996E-6	30.824138E-3	81.693150E-6	30.966979E-3	83.628831E-6	36.874846E-3	2.6356054E-3	37.443019E-3	3.2860234E-3
462.83333E-6	30.744048E-3	40.722884E-6	31.116538E-3	-12.860582E-6	37.020922E-3	3.0225769E-3	37.514079E-3	2.8562141E-3
464.66663E-6	30.732181E-3	-45.578254E-6	31.147063E-3	-81.756254E-6	37.657760E-3	2.9677174E-3	37.631344E-3	2.4176931E-3
466.50000E-6	30.674858E-3	-41.310963E-6	31.083521E-3	-27.146540E-6	36.433242E-3	3.2191896E-3	38.796615E-3	1.9144224E-3
468.33331E-6	30.685339E-3	52.417392E-6	31.051205E-3	30.072148E-6	37.034575E-3	2.3874058E-3	39.207835E-3	2.1156205E-3
470.16662E-6	30.661089E-3	27.640153E-6	31.054411E-3	47.597419E-6	38.149796E-3	2.1557107E-3	37.028421E-3	2.8368006E-3
471.99999E-6	30.603224E-3	-60.750408E-6	30.974494E-3	-35.430585E-6	38.711596E-3	2.6960636E-3	37.613310E-3	2.3412071E-3
473.83329E-6	30.553367E-3	-66.582958E-6	30.913111E-3	-89.989087E-6	38.180292E-3	2.8620313E-3	37.967764E-3	2.4580562E-3
475.66666E-6	30.429648E-3	38.001610E-6	30.892354E-3	-1.8626762E-6	38.875654E-3	2.3405927E-3	39.099690E-3	1.9898696E-3
477.49997E-6	30.239617E-3	59.042417E-6	30.919300E-3	63.303152E-6	40.309649E-3	994.78674E-6	40.567309E-3	852.11336E-6
479.33334E-6	30.956259E-3	-49.681243E-6	30.890061E-3	47.633937E-6	40.114630E-3	1.0336704E-3	40.656999E-3	857.65013E-6
481.16664E-6	30.168347E-3	-79.613907E-6	30.872958E-3	-69.281421E-6	39.916199E-3	914.15102E-6	40.667672E-3	998.35603E-6
482.99995E-6	30.323572E-3	869.47181E-6	30.852115E-3	-68.412839E-6	40.105186E-3	830.74527E-6	40.685929E-3	991.26878E-6
484.83332E-6	30.420914E-3	736.92499E-6	30.868376E-3	28.905617E-6	40.082160E-3	920.78111E-6	40.751595E-3	913.54799E-6
486.66663E-6	30.511208E-3	6.4576552E-6	30.841544E-3	66.074725E-6	39.974704E-3	1.0132736E-3	40.903982E-3	822.27174E-6
488.49999E-6	31.348251E-3	278.99121E-6	30.830616E-3	-11.694087E-6	40.047310E-3	937.43706E-6	40.901732E-3	883.26068E-6
490.33330E-6	32.155987E-3	1.4368739E-3	30.832911E-3	-57.774872E-6	40.103775E-3	860.90516E-6	40.766779E-3	1.0083232E-3
492.16667E-6	30.552117E-3	854.28474E-6	30.881347E-3	-43.987737E-6	40.097781E-3	834.67842E-6	40.652759E-3	921.23001E-6
493.99998E-6	31.155091E-3	332.64500E-6	30.853042E-3	52.249681E-6	40.096179E-3	898.32750E-6	40.621202E-3	825.23789E-6
495.83329E-6	37.643801E-3	2.8204925E-3	34.553524E-3	2.3567309E-3	40.227413E-3	908.72368E-6	40.703908E-3	784.64352E-6
497.66665E-6	38.143683E-3	2.6540547E-3	34.449447E-3	1.9766816E-3	40.202938E-3	846.68765E-6	40.701009E-3	873.92016E-6
499.49996E-6	38.450696E-3	1.9765196E-3	34.441870E-3	3.1394153E-3	40.207565E-3	762.81111E-6	40.679801E-3	903.56258E-6
501.33333E-6	38.116153E-3	2.0935691E-3	34.866761E-3	3.2005296E-3	40.135458E-3	800.00423E-6	40.674154E-3	813.50422E-6
503.16664E-6	39.267797E-3	1.7444126E-3	35.309248E-3	2.6259096E-3	40.093351E-3	884.83066E-6	40.644459E-3	765.35431E-6
505.00000E-6	38.210329E-3	2.8448580E-3	36.871564E-3	2.6336780E-3	40.065512E-3	886.63434E-6	40.647186E-3	835.67324E-6
506.83331E-6	38.615394E-3	2.2199990E-3	35.575435E-3	2.9258004E-3	40.021304E-3	810.32794E-6	40.598322E-3	898.96686E-6
508.66662E-6	37.967630E-3	2.0945698E-3	34.236442E-3	3.1588285E-3	39.993018E-3	784.99207E-6	40.569149E-3	848.32014E-6
510.49999E-6	37.513927E-3	2.5194851E-3	34.870166E-3	3.2089753E-3	39.967973E-3	821.95672E-6	40.551074E-3	777.31418E-6
512.33330E-6	37.652504E-3	2.9108154E-3	35.082672E-3	2.6118269E-3	39.940260E-3	880.05187E-6	40.519070E-3	803.92556E-6
514.16666E-6	38.743239E-3	1.9786635E-3	35.857167E-3	2.6901755E-3	39.920315E-3	868.20882E-6	40.466014E-3	882.45014E-6
515.99997E-6	40.111981E-3	956.36625E-6	39.612651E-3	1.2350506E-3	40.021673E-3	757.26816E-6	40.417269E-3	868.70923E-6
517.83328E-6	40.093932E-3	892.28345E-6	39.205037E-3	1.1149944E-3	40.077675E-3	742.07684E-6	40.375490E-3	792.35312E-6
519.66665E-6	39.863333E-3	851.52552E-6	39.302699E-3	1.1134890E-3	40.169176E-3	844.64223E-6	40.343996E-3	762.03159E-6
521.49995E-6	39.890606E-3	895.00420E-6	39.495055E-3	1.2718393E-3	40.233027E-3	889.71650E-6	40.397741E-3	822.13280E-6
523.33332E-6	39.773125E-3	1.0442670E-3	39.624400E-3	1.2076899E-3	40.343601E-3	823.53485E-6	40.477172E-3	892.31558E-6
525.16663E-6	39.885972E-3	892.95965E-6	39.598100E-3	936.24217E-6	40.397394E-3	746.73624E-6	40.573239E-3	831.14416E-6
527.00000E-6	39.759409E-3	860.89858E-6	39.454933E-3	1.0978106E-3	40.469881E-3	798.15078E-6	40.648594E-3	750.79390E-6
528.83330E-6	39.606057E-3	887.46985E-6	39.622478E-3	1.1874104E-3	40.455576E-3	850.85846E-6	40.712435E-3	783.68484E-6
530.66661E-6	39.673910E-3	968.08770E-6	39.756265E-3	1.2955337E-3	40.440839E-3	860.62867E-6	40.774025E-3	894.65029E-6
532.49998E-6	39.803285E-3	1.0503145E-3	39.871179E-3	1.1534437E-3	40.554211E-3	795.18085E-6	40.821671E-3	870.21792E-6
534.33329E-6	40.150192E-3	765.70327E-6	40.387135E-3	791.62809E-6	40.508091E-3	752.25771E-6	40.770583E-3	763.13206E-6
536.16666E-6	40.206585E-3	802.32165E-6	40.438969E-3	851.88617E-6	40.514439E-3	826.07497E-6	40.791340E-3	784.69189E-6
537.99996E-6	40.259726E-3	873.07364E-6	40.432699E-3	913.99311E-6	40.495008E-3	910.24832E-6	40.762957E-3	870.68678E-6
539.83333E-6	40.280938E-3	886.75576E-6	40.413938E-3	883.39153E-6	40.422555E-3	868.68799E-6	40.810764E-3	896.86230E-6
541.66664E-6	40.281340E-3	822.27273E-6	40.399238E-3	785.21256E-6	40.430035E-3	758.20973E-6	40.854022E-3	826.70263E-6
543.49995E-6	40.252447E-3	770.73742E-6	40.382273E-3	798.84077E-6	40.422585E-3	776.51255E-6	40.875401E-3	763.21047E-6
545.33331E-6	40.339809E-3	855.15820E-6	40.380448E-3	893.98969E-6	40.435456E-3	853.69201E-6	40.927716E-3	837.60283E-6
547.16662E-6	40.364474E-3	898.51697E-6	40.414907E-3	910.85868E-6	40.466931E-3	897.50870E-6	41.013323E-3	891.88863E-6
548.99999E-6	40.478356E-3	844.31231E-6	40.456813E-3	843.17959E-6	40.438987E-3	819.93727E-6	41.060328E-3	833.87538E-6
550.83330E-6	40.569697E-3	786.46984E-6	40.458184E-3	766.75584E-6	40.446788E-3	751.66102E-6	41.107483E-3	744.10351E-6
552.66666E-6	40.746443E-3	782.14525E-6	40.614817E-3	811.93249E-6	40.335182E-3	831.23939E-6	40.882390E-3	812.19093E-6
554.49997E-6	40.764395E-3	886.19319E-6	40.662933E-3	880.15676E-6	40.349741E-3	932.82905E-6	40.767275E-3	906.22250E-6
556.33328E-6	40.737174E-3	872.78528E-6	40.645644E-3	864.52061E-6	40.430691E-3	945.44020E-6	40.677395E-3	1.0709206E-3
558.16665E-6	40.612407E-3	785.03607E-6	40.606394E-3	768.45358E-6	40.475983E-3	824.39603E-6	40.622029E-3	794.00977E-6
559.99996E-6	40.538695E-3	762.82013E-6	40.555421E-3	738.52349E-6	40.540624E-3	775.43024E-6	40.607285E-3	800.35714E-6
561.83332E-6	40.518012E-3	860.22064E-6	40.574502E-3	825.12788E-6	40.578861E-3	843.42284E-6	40.523775E-3	899.13036E-6
563.66663E-6	40.462688E-3	901.72433E-6	40.613662E-3	892.49393E-6	40.625326E-3	958.38378E-6	40.563446E-3	916.14778E-6
565.50000E-6	40.492766E-3	782.20316E-6	40.645789E-3	850.48401E-6	40.609591E-3	890.94508E-6	40.398300E-3	956.33283E-6
567.33331E-6	40.436953E-3	747.11494E-6	40.762246E-3	759.93378E-6	40.585212E-3	809.81478E-6	40.363818E-3	881.37435E-6
569.16662E-6	40.430784E-3	830.07704E-6	40.847600E-3	761.74748E-6	40.471133E-3	820.63355E-6	40.358227E-3	911.52859E-6
570.99998E-6	40.413618E-3	894.39127E-6	40.867042E-3	842.47143E-6	40.291168E-3	905.78146E-6	40.394563E-3	1.0396439E-3
572.83329E-6	40.358458E-3	832.03276E-6	40.954713E-3	885.83602E-6	39.665140E-3	1.4133326E-3	38.387574E-3	2.3237804E-3
574.66666E-6	40.322602E-3	754.52268E-6	40.964093E-3	807.69841E-6	38.617220E-3	2.0598224E-3	37.940018E-3	1.8376017E-3
576.49997E-6	40.326100E-3	782.70002E-6	40.983967E-3	738.20347E-6	38.535044E-3	1.6223752E-3	38.429774E-3	1.9491505E-3
578.33333E-6	40.273193E-3	872.26462E-6	41.004859E-3	795.24145E-6	38.702033E-3	1.6483477E-3	38.127169E-3	2.5668750E-3
580.16664E-6	40.187914E-3	884.49806E-6	41.025952E-3	876.12524E-6	38.628805E-3	2.6799212E-3	38.441874E-3	2.4915154E-3
581.99995E-6	40.104348E-3	783.37709E-6	41.003179E-3	876.54730E-6	38.271122E-3	2.6369817E-3	38.177028E-3	2.0028963E-3
583.83332E-6	40.037159E-3	750.90036E-6	40.993191E-3	797.58279E-6	37.985113E-3	1.8994980E-3	39.224312E-3	1.6823629E-3
585.66662E-6	39.939195E-3	837.55539E-6	40.976603E-3	745.31103E-6	38.193963E-3	2.1984209E-3	38.910370E-3	2.4972211E-3
587.49999E-6	39.914582E-3	931.65552E-6	40.977314E-3	794.54674E-6	38.577087E-3	1.8649327E-3	38.027868E-3	2.8185579E-3
589.33330E-6	39.971784E-3	861.47414E-6	40.967021E-3	884.76663E-6	37.933949E-3	2.7436316E-3	38.897373E-3	2.2139815E-3
591.16667E-6	39.921694E-3	792.87263E-6	40.797871E-3	885.14690E-6	33.952340E-3	1.5110887E-3	33.238336E-3	2.2287138E-3
592.99998E-6	39.925382E-3	820.73378E-6	40.719058E-3	807.04002E-6	31.928904E-3	1.4797503E-3	33.806127E-3	2.6064105E-3
594.83328E-6	40.027685E-3	927.00613E-6	40.694222E-3	781.38005E-6	31.392571E-3	2.4591833E-3	35.012469E-3	2.0968788E-3
596.66665E-6	39.961059E-3	923.45342E-6	40.646430E-3	855.35680E-6	33.064585E-3	2.1245605E-3	36.640882E-3	2.6152646E-3
598.49996E-6	40.088277E-3	839.86949E-6	40.587053E-3	928.54758E-6	34.124441E-3	1.4754647E-3	34.825958E-3	2.0487406E-3
600.33333E-6	40.107377E-3	773.96160E-6	40.614441E-3	862.80832E-6	33.205956E-3	950.64525E-6	32.975439E-3	2.5061229E-3
602.16663E-6	40.015876E-3	1.0590906E-3	40.579651E-3	795.24436E-6	31.434536E-3	1.8606007E-3	34.240164E-3	1.6186486E-3
604.00000E-6	40.142827E-3	925.36240E-6	40.600277E-3	780.60018E-6	32.671437E-3	2.8152096E-3	34.064494E-3	1.0295080E-3
605.83331E-6	39.926730E-3	938.31640E-6	40.622700E-3	876.19462E-6	33.760652E-3	2.6205389E-3	33.916149E-3	1.4125684E-3
607.66662E-6	40.125966E-3	799.11959E-6	40.641263E-3	916.55465E-6	32.174736E-3	816.74539E-6	33.475034E-3	2.2960189E-3
609.49998E-6	40.041797E-3	837.28012E-6	40.655963E-3	859.30584E-6	31.245027E-3	585.97827E-6	33.572745E-3	2.7752321E-3
611.33329E-6	38.619027E-3	2.2397269E-3	39.608918E-3	1.2616442E-3	30.276222E-3	-86.119420E-6	31.181905E-3	73.516290E-6
613.16666E-6	37.762769E-3	2.6519690E-3	39.988965E-3	1.3411698E-3	30.177128E-3	20.501346E-6	31.103304E-3	11.671305E-6
614.99997E-6	38.703870E-3	1.9908277E-3	40.004086E-3	1.5717578E-3	30.195784E-3	74.149400E-6	31.020079E-3	-51.634699E-6
616.83328E-6	38.270004E-3	1.7023946E-3	39.944738E-3	1.4613958E-3	30.226607E-3	25.935877E-6	30.928846E-3	-49.694132E-6
618.66664E-6	37.881590E-3	1.9374493E-3	39.305169E-3	1.1422691E-3	30.272393E-3	-80.293648E-6	30.941499E-3	44.165645E-6
620.49995E-6	38.373131E-3	2.7632436E-3	39.500184E-3	1.3194238E-3	30.285535E-3	-58.563659E-6	30.923851E-3	60.780090E-6
622.33332E-6	38.409125E-3	2.6420827E-3	40.052112E-3	1.4853566E-3	30.361705E-3	20.837824E-6	30.899389E-3	-16.956819E-6
624.16663E-6	38.682137E-3	2.3762162E-3	39.625015E-3	1.5735517E-3	30.380681E-3	59.938608E-6	30.877400E-3	-57.067296E-6
625.99999E-6	38.305480E-3	2.1560234E-3	39.389003E-3	1.1914424E-3	30.428044E-3	-14.354398E-6	30.918671E-3	17.137741E-6
627.83330E-6	38.121950E-3	2.3617207E-3	39.300766E-3	1.2156194E-3	30.481374E-3	-71.226241E-6	30.903503E-3	66.113156E-6
629.66661E-6	34.901362E-3	1.8963683E-3	36.217697E-3	2.5474499E-3	30.486032E-3	-27.805016E-6	30.836912E-3	29.497909E-6
631.49998E-6	33.348389E-3	2.2403405E-3	36.092289E-3	2.4041047E-3	30.478133E-3	58.944530E-6	30.842921E-3	-70.646209E-6
633.33329E-6	31.774845E-3	1.9965302E-3	35.211243E-3	2.7791085E-3	30.513220E-3	55.880551E-6	30.818477E-3	-46.793444E-6
635.16665E-6	31.104902E-3	447.77038E-6	33.972885E-3	3.2491011E-3	30.555850E-3	-16.496448E-6	30.763619E-3	44.918950E-6
636.99996E-6	33.476625E-3	893.09283E-6	34.145471E-3	2.6971542E-3	30.585695E-3	-80.772588E-6	30.702230E-3	54.959637E-6
638.83333E-6	33.549044E-3	1.3701841E-3	34.162443E-3	2.0389077E-3	30.652573E-3	-19.558978E-6	30.580221E-3	-31.959629E-6
640.66664E-6	32.739025E-3	2.3959004E-3	35.748187E-3	2.5327886E-3	30.656360E-3	72.244555E-6	30.570617E-3	-69.860223E-6
642.49994E-6	31.385828E-3	1.7318919E-3	34.668144E-3	2.9507780E-3	30.686053E-3	36.504014E-6	30.489564E-3	21.249423E-6
644.33331E-6	31.763405E-3	838.70051E-6	33.126164E-3	3.1345824E-3	30.737652E-3	-34.845871E-6	30.595399E-3	65.800945E-6
646.16662E-6	33.690505E-3	1.0180341E-3	34.185976E-3	2.5301829E-3	30.741617E-3	-55.807217E-6	30.700898E-3	21.461443E-6
647.99999E-6	30.783061E-3	68.128866E-6	30.259462E-3	-29.499293E-6	30.727297E-3	-28.093056E-6	30.765219E-3	-79.414422E-6
649.83330E-6	30.653460E-3	-26.940515E-6	30.199304E-3	49.735445E-6	30.742705E-3	48.744347E-6	30.868847E-3	-45.552155E-6
651.66666E-6	30.695133E-3	-106.13035E-6	30.194381E-3	55.566299E-6	30.788671E-3	52.329469E-6	30.945282E-3	49.619110E-6
653.49997E-6	30.714452E-3	-19.051898E-9	30.202996E-3	-31.600393E-6	30.735355E-3	-53.292413E-6	30.941553E-3	50.412687E-6
655.33328E-6	30.625081E-3	64.388492E-6	30.249175E-3	-78.950157E-6	30.729922E-3	-60.060156E-6	30.963762E-3	-44.004519E-6
657.16665E-6	30.603303E-3	30.731968E-6	30.257087E-3	-35.600740E-6	30.692052E-3	10.955669E-6	30.982057E-3	-68.140420E-6
658.99995E-6	30.572727E-3	-63.259678E-6	30.301513E-3	34.898228E-6	30.715384E-3	64.865009E-6	30.984519E-3	3.1484262E-6
660.83332E-6	30.607019E-3	-63.419786E-6	30.317903E-3	31.197524E-6	30.761987E-3	44.846598E-6	31.005355E-3	90.809772E-6
662.66663E-6	30.588850E-3	28.739109E-6	30.384297E-3	-51.469906E-6	30.757369E-3	-54.590077E-6	31.008538E-3	-16.916523E-6
664.50000E-6	30.586930E-3	75.667333E-6	30.470012E-3	-71.242779E-6	30.745646E-3	-61.188446E-6	31.033875E-3	-97.823082E-6
666.33330E-6	30.556498E-3	-22.533381E-6	30.450186E-3	10.047915E-6	30.755052E-3	-3.4229349E-6	31.054825E-3	-30.482845E-6
668.16661E-6	30.588750E-3	-83.730600E-6	30.521367E-3	56.348053E-6	30.749176E-3	70.553506E-6	31.133501E-3	52.703701E-6
669.99998E-6	30.551583E-3	-24.921494E-6	30.530510E-3	29.728933E-6	30.734424E-3	29.898441E-6	31.227550E-3	41.239397E-6
671.83329E-6	30.518217E-3	38.606911E-6	30.563064E-3	-56.087429E-6	30.716108E-3	-64.517808E-6	31.307068E-3	-42.905704E-6
673.66665E-6	30.405581E-3	41.655476E-6	30.574424E-3	-56.142784E-6	30.695533E-3	-86.425876E-6	31.385545E-3	-59.267797E-6
675.49996E-6	30.347880E-3	-31.758394E-6	30.558573E-3	23.333678E-6	30.712701E-3	-2.6385635E-6	31.392824E-3	38.375700E-6
677.33333E-6	30.320356E-3	-91.719245E-6	30.584225E-3	64.134503E-6	30.754102E-3	50.047398E-6	31.319458E-3	58.437054E-6
679.16664E-6	30.361896E-3	-6.9737662E-6	30.635990E-3	-7.3687474E-6	30.752748E-3	25.280720E-6	31.225700E-3	-28.211813E-6
680.99995E-6	30.325204E-3	66.430286E-6	30.555483E-3	-71.135706E-6	30.719761E-3	-64.267355E-6	31.144066E-3	-74.091848E-6
682.83331E-6	30.239033E-3	25.642203E-6	30.528342E-3	-35.316778E-6	30.688314E-3	-64.339758E-6	31.060204E-3	-11.784308E-6
684.66662E-6	30.156193E-3	-70.199945E-6	30.564032E-3	46.040448E-6	30.712077E-3	24.511002E-6	30.980067E-3	64.481297E-6
686.49999E-6	30.118870E-3	-44.538512E-6	30.568412E-3	71.959759E-6	30.744107E-3	76.237804E-6	30.961901E-3	22.042252E-6
688.33330E-6	30.071428E-3	28.651404E-6	30.554432E-3	-21.134279E-6	30.728975E-3	24.513123E-6	30.951621E-3	-89.916422E-6
690.16666E-6	30.104989E-3	69.753289E-6	30.569460E-3	-87.248183E-6	30.716753E-3	-60.041537E-6	30.945307E-3	-53.670898E-6
691.99997E-6	30.085783E-3	-14.270686E-6	30.604679E-3	-25.884872E-6	30.691380E-3	-66.562316E-6	31.003049E-3	51.226067E-6
693.83328E-6	30.129170E-3	-78.276593E-6	30.636407E-3	53.564505E-6	30.721065E-3	17.461527E-6	30.911846E-3	57.880417E-6
695.66665E-6	30.172599E-3	-35.222245E-6	30.638095E-3	48.940390E-6	30.722164E-3	53.833111E-6	30.898979E-3	-55.469471E-6
697.49996E-6	30.293215E-3	66.226443E-6	30.672673E-3	-61.938837E-6	30.768344E-3	6.8021859E-6	30.817958E-3	-65.479755E-6
699.33332E-6	30.306676E-3	56.553879E-6	30.695690E-3	-80.145095E-6	30.663583E-3	-66.792280E-6	30.744029E-3	36.083253E-6
701.16663E-6	30.378226E-3	-33.044253E-6	30.661000E-3	12.637667E-6	30.682769E-3	-51.523566E-6	30.619467E-3	70.851485E-6
702.99994E-6	30.401746E-3	-78.643672E-6	30.702084E-3	73.536932E-6	30.666357E-3	41.808333E-6	30.571902E-3	-18.149340E-6
704.83331E-6	30.456424E-3	-11.140254E-6	30.768951E-3	40.201157E-6	30.662643E-3	69.112226E-6	30.635724E-3	-100.79276E-6
706.66661E-6	30.446230E-3	57.896850E-6	30.989578E-3	-65.879969E-6	30.698087E-3	-6.4370552E-6	30.704362E-3	1.8518056E-6
708.49998E-6	30.437535E-3	27.441180E-6	31.020807E-3	-60.185826E-6	30.745180E-3	-88.686073E-6	30.894501E-3	54.579719E-6
710.33329E-6	30.421110E-3	-47.875750E-6	31.127611E-3	27.494300E-6	30.816808E-3	-45.275385E-6	30.922906E-3	-5.2027190E-6
712.16666E-6	30.448269E-3	-57.232919E-6	31.180767E-3	91.357993E-6	30.840417E-3	54.326549E-6	30.945670E-3	-65.591659E-6
713.99997E-6	30.472200E-3	6.4970400E-6	31.228414E-3	-17.422271E-6	30.870331E-3	66.390479E-6	30.964492E-3	-45.664852E-6
715.83327E-6	30.494994E-3	54.729760E-6	31.245355E-3	-96.889940E-6	30.897893E-3	-21.241493E-6	30.952942E-3	72.357208E-6
717.66664E-6	30.520737E-3	26.421101E-6	31.247692E-3	-47.417976E-6	30.942675E-3	-71.830131E-6	30.975392E-3	41.554758E-6
719.49995E-6	30.503497E-3	-74.661330E-6	31.228062E-3	47.084632E-6	30.976007E-3	-30.249224E-6	30.972997E-3	-60.816797E-6
721.33332E-6	30.528039E-3	-49.608567E-6	31.277649E-3	38.401398E-6	30.990541E-3	50.886352E-6	31.078435E-3	-44.558026E-6
723.16662E-6	30.484337E-3	41.444284E-6	31.189058E-3	-27.479982E-6	30.964851E-3	52.601594E-6	31.084573E-3	4.6370783E-6
724.99999E-6	30.552773E-3	75.955155E-6	31.127105E-3	-82.303115E-6	30.942604E-3	-57.269772E-6	31.169705E-3	68.770998E-6
726.83330E-6	30.584378E-3	-11.713737E-6	31.026574E-3	17.780019E-6	30.955737E-3	-80.780039E-6	31.333059E-3	-22.549933E-6
728.66661E-6	30.547669E-3	-72.878778E-6	30.963853E-3	88.634566E-6	30.897073E-3	8.7427452E-6	31.356990E-3	-87.185421E-6
730.49997E-6	30.584177E-3	-13.779551E-6	30.977128E-3	34.583369E-6	30.856729E-3	89.596426E-6	31.378176E-3	-7.2609669E-6
732.33328E-6	30.550741E-3	46.642108E-6	30.900853E-3	-78.001329E-6	30.868057E-3	17.813551E-6	31.231862E-3	83.859944E-6
734.16665E-6	30.580712E-3	66.220644E-6	30.854881E-3	-41.212501E-6	30.790025E-3	-54.928296E-6	31.056259E-3	21.956374E-6
735.99996E-6	30.593662E-3	-32.904532E-6	30.866789E-3	22.463506E-6	30.699210E-3	-63.276049E-6	30.986270E-3	-85.650747E-6
737.83332E-6	30.671164E-3	-60.366725E-6	30.847726E-3	56.316785E-6	30.714570E-3	37.944847E-6	30.871531E-3	-40.683932E-6
739.66663E-6	30.682299E-3	-17.307100E-6	30.808412E-3	-11.269104E-6	30.446762E-3	77.492106E-6	30.904459E-3	52.172636E-6
741.49994E-6	30.698597E-3	61.172716E-6	30.816562E-3	-73.559073E-6	30.323125E-3	-20.636968E-6	30.875428E-3	22.776641E-6
743.33331E-6	30.735575E-3	39.109607E-6	30.802133E-3	-23.823524E-6	30.249974E-3	-85.122403E-6	30.876622E-3	-43.770902E-6
745.16662E-6	30.770255E-3	-48.440950E-6	30.876899E-3	60.087175E-6	30.199645E-3	-42.283526E-6	30.868499E-3	-48.835984E-6
746.99998E-6	30.822944E-3	-74.010066E-6	30.856874E-3	29.508048E-6	30.203020E-3	35.533398E-6	30.838329E-3	31.575597E-6
748.83329E-6	30.868238E-3	22.583741E-6	30.813681E-3	-27.080332E-6	30.205274E-3	68.249676E-6	30.795755E-3	53.626336E-6
750.66666E-6	30.972073E-3	84.200758E-6	30.854125E-3	-94.274263E-6	30.174544E-3	-44.293876E-6	30.772541E-3	-35.071538E-6
752.49997E-6	30.954946E-3	12.737960E-6	30.800683E-3	6.2526760E-6	30.183055E-3	-93.849987E-6	30.660473E-3	-73.003168E-6
754.33328E-6	30.971905E-3	-82.711180E-6	30.766549E-3	64.287975E-6	30.265998E-3	-6.4491805E-6	30.522145E-3	477.73369E-9
756.16664E-6	30.974558E-3	-74.138756E-6	30.662391E-3	8.1200596E-6	30.275855E-3	48.549548E-6	30.492894E-3	77.354933E-6
757.99995E-6	30.979574E-3	34.467215E-6	30.605132E-3	-66.486355E-6	30.265789E-3	42.992033E-6	30.463217E-3	9.7654856E-6
759.83332E-6	30.982053E-3	61.219049E-6	30.527551E-3	-42.976451E-6	30.290674E-3	-63.071013E-6	30.545738E-3	-68.564594E-6
761.66663E-6	30.995525E-3	-15.841295E-6	30.482508E-3	41.544365E-6	30.288896E-3	-69.982161E-6	30.670900E-3	-32.809388E-6
763.49999E-6	30.970929E-3	-59.946993E-6	30.354910E-3	46.794703E-6	30.245207E-3	5.9125832E-6	30.779615E-3	66.565633E-6
765.33330E-6	30.966491E-3	-32.544707E-6	30.304756E-3	-17.895911E-6	30.302834E-3	58.792251E-6	30.783618E-3	60.456285E-6
767.16661E-6	30.917760E-3	45.190482E-6	30.274140E-3	-60.695278E-6	30.305352E-3	40.643798E-6	30.929117E-3	-51.412731E-6
768.99998E-6	30.878453E-3	74.594427E-6	30.325988E-3	-7.5907324E-6	30.317467E-3	-52.927968E-6	30.918669E-3	-64.175423E-6
770.83329E-6	30.838834E-3	-36.577974E-6	30.415926E-3	62.243322E-6	30.412532E-3	-67.249246E-6	30.944649E-3	29.393530E-6
772.66665E-6	30.821083E-3	-85.170104E-6	30.503688E-3	25.497053E-6	30.371049E-3	-5.4584011E-6	30.934246E-3	91.279646E-6
774.49996E-6	30.740859E-3	-32.866810E-6	30.551856E-3	-52.008530E-6	30.364530E-3	62.672989E-6	30.965764E-3	-10.823369E-6
776.33333E-6	30.709611E-3	53.940745E-6	30.607611E-3	-55.367051E-6	30.387470E-3	17.150280E-6	30.974323E-3	-76.227596E-6
778.16664E-6	30.737784E-3	47.725542E-6	30.637778E-3	35.374964E-6	30.328186E-3	-65.259992E-6	30.969959E-3	-25.999883E-6
779.99994E-6	30.688247E-3	-32.548993E-6	30.632490E-3	68.526911E-6	30.319968E-3	-54.294000E-6	30.989226E-3	53.566564E-6
781.83331E-6	30.673610E-3	-71.665498E-6	30.667147E-3	-14.628204E-6	30.301882E-3	34.761786E-6	31.082200E-3	11.008769E-6
783.66662E-6	30.621782E-3	9.8214705E-6	30.653944E-3	-83.034523E-6	30.278277E-3	102.56496E-6	31.191435E-3	-60.853239E-6
785.49999E-6	30.612156E-3	53.581301E-6	30.677525E-3	-24.623891E-6	30.308260E-3	4.4185572E-6	31.251024E-3	-36.981073E-6
787.33329E-6	30.612670E-3	28.337117E-6	30.664727E-3	61.758779E-6	30.257879E-3	-53.463751E-6	31.313263E-3	28.628738E-6
789.16666E-6	30.647503E-3	-54.967008E-6	30.663289E-3	34.115485E-6	30.233581E-3	-47.432695E-6	31.320438E-3	71.276801E-6
790.99997E-6	30.647710E-3	-48.915364E-6	30.636579E-3	-62.251151E-6	30.168220E-3	62.168969E-6	31.301741E-3	-12.051975E-6
792.83328E-6	30.583575E-3	20.414018E-6	30.653086E-3	-59.043454E-6	30.181829E-3	76.624092E-6	31.189499E-3	-84.839143E-6
794.66664E-6	30.584307E-3	85.757812E-6	30.706365E-3	5.0661029E-6	30.172620E-3	-6.4645524E-6	31.078370E-3	-2.0913517E-6
796.49995E-6	30.603470E-3	20.013173E-6	30.761598E-3	86.651176E-6	30.108253E-3	-75.736600E-6	30.926503E-3	73.712094E-6
798.33332E-6	30.594852E-3	-58.458660E-6	30.743608E-3	15.793805E-6	30.071205E-3	-28.163638E-6	30.898297E-3	30.055053E-6
800.16663E-6	30.599918E-3	-40.968524E-6	30.820133E-3	-72.822055E-6	30.041592E-3	44.561835E-6	30.828469E-3	-50.016410E-6
801.99994E-6	30.587059E-3	75.450916E-6	30.910525E-3	-46.336580E-6	30.021301E-3	49.970069E-6	30.729717E-3	-52.735872E-6
803.83330E-6	30.567696E-3	58.594815E-6	30.984219E-3	59.045877E-6	30.009840E-3	-28.888517E-6	30.727768E-3	32.008942E-6
805.66661E-6	30.451374E-3	-17.148112E-6	31.022275E-3	61.468199E-6	29.984195E-3	-79.518752E-6	30.784743E-3	68.873189E-6
807.49998E-6	30.410944E-3	-97.932825E-6	31.076806E-3	-24.599831E-6	30.004187E-3	-6.1343540E-6	30.801907E-3	-12.168397E-6
809.33329E-6	30.318683E-3	-15.625474E-6	31.126555E-3	-70.557689E-6	30.032393E-3	50.707073E-6	30.777160E-3	-73.860807E-6
811.16665E-6	30.269241E-3	60.662642E-6	31.135553E-3	7.6273004E-6	30.053837E-3	19.121673E-6	30.793199E-3	3.9263568E-6
812.99996E-6	30.315747E-3	8.9655496E-6	31.136429E-3	70.749607E-6	30.029457E-3	-28.911811E-6	30.740695E-3	74.290510E-6
814.83327E-6	30.198570E-3	-69.555070E-6	31.113334E-3	20.256270E-6	30.064574E-3	-86.289794E-6	30.721622E-3	40.345218E-6
816.66664E-6	30.145839E-3	-72.236900E-6	31.062927E-3	-66.558983E-6	30.107168E-3	-20.065807E-6	30.762892E-3	-52.072843E-6
818.49995E-6	30.138779E-3	12.881003E-6	31.024495E-3	-88.918168E-6	30.154310E-3	81.258979E-6	30.693458E-3	-61.864841E-6
820.33331E-6	30.045040E-3	65.541695E-6	30.943679E-3	23.047493E-6	30.177061E-3	31.350060E-6	30.613104E-3	27.215492E-6
822.16662E-6	29.999830E-3	18.415711E-6	30.934546E-3	66.460088E-6	30.233074E-3	-50.337858E-6	30.579077E-3	69.167036E-6
823.99999E-6	29.996693E-3	-58.514022E-6	30.867750E-3	16.139995E-6	30.315900E-3	-66.258486E-6	30.485036E-3	-319.68526E-9
825.83330E-6	29.976631E-3	-47.624038E-6	30.864371E-3	-75.042677E-6	30.324236E-3	16.920707E-6	30.456407E-3	-65.378445E-6
827.66660E-6	30.059993E-3	29.511999E-6	30.877493E-3	-50.239058E-6	30.363800E-3	70.172864E-6	30.429987E-3	-27.186681E-6
829.49997E-6	30.013165E-3	67.194545E-6	30.861719E-3	58.527650E-6	30.457454E-3	897.34436E-9	30.494625E-3	72.821895E-6
831.33328E-6	30.051880E-3	-11.847776E-6	30.791584E-3	53.872933E-6	30.430621E-3	-58.247395E-6	30.628433E-3	41.029987E-6
833.16665E-6	30.118182E-3	-71.525581E-6	30.786164E-3	-41.024516E-6	30.438658E-3	-45.622714E-6	30.717084E-3	-48.335442E-6
834.99996E-6	30.143589E-3	-41.649862E-6	30.767063E-3	-63.928594E-6	30.493433E-3	30.393063E-6	30.787021E-3	-65.253364E-6
836.83332E-6	30.207366E-3	61.153907E-6	30.767264E-3	-15.744787E-6	30.503789E-3	48.453716E-6	30.813236E-3	25.601603E-6
838.66663E-6	30.222706E-3	44.176028E-6	30.765984E-3	74.785654E-6	32.629780E-3	2.9240160E-3	33.560399E-3	2.4500731E-3
840.49994E-6	30.264150E-3	-36.289672E-6	30.773358E-3	38.195743E-6	33.306498E-3	1.4600629E-3	33.486646E-3	2.4509982E-3
842.33331E-6	30.302724E-3	-76.318669E-6	30.762754E-3	-47.119756E-6	34.147866E-3	1.6321085E-3	34.646560E-3	1.7181752E-3
844.16661E-6	30.334393E-3	-6.8756731E-6	30.750528E-3	-77.480399E-6	32.783147E-3	1.8453437E-3	34.449134E-3	1.7479423E-3
845.99998E-6	30.329015E-3	67.382280E-6	30.708432E-3	26.457323E-6	32.626748E-3	2.6651619E-3	31.942438E-3	1.6200243E-3
847.83329E-6	30.358672E-3	50.206236E-6	30.701479E-3	60.392646E-6	33.325519E-3	1.7194719E-3	32.415502E-3	2.9120317E-3
849.66666E-6	30.369285E-3	-48.054895E-6	30.691197E-3	72.526085E-9	33.236723E-3	1.3049075E-3	33.557374E-3	2.8504499E-3
851.49996E-6	30.371957E-3	-80.558173E-6	30.638862E-3	-96.359843E-6	32.583922E-3	1.4027591E-3	34.553561E-3	1.7943367E-3
853.33327E-6	30.402869E-3	-10.712524E-6	30.596085E-3	-31.425243E-6	32.796837E-3	2.2706799E-3	34.248766E-3	1.8736179E-3
855.16664E-6	30.374451E-3	57.496236E-6	30.549407E-3	48.086680E-6	32.651559E-3	2.7058963E-3	32.658082E-3	2.4741106E-3
856.99995E-6	30.403540E-3	34.176748E-6	30.424399E-3	59.971459E-6	34.169775E-3	2.3878627E-3	33.782676E-3	2.9162974E-3
858.83331E-6	32.219592E-3	296.33255E-6	30.358545E-3	-34.976390E-6	38.885839E-3	1.6416332E-3	38.693860E-3	2.0735681E-3
860.66662E-6	32.101080E-3	1.0158357E-3	30.321609E-3	-75.712924E-6	39.677296E-3	1.6106311E-3	39.824255E-3	1.6509810E-3
862.49999E-6	31.965263E-3	2.2401004E-3	31.073187E-3	492.38914E-6	39.248697E-3	1.3599900E-3	39.863225E-3	1.5578743E-3
864.33330E-6	30.413296E-3	1.1938539E-3	30.343324E-3	42.436823E-6	39.402544E-3	1.2935890E-3	39.448939E-3	1.7093612E-3
866.16661E-6	31.136584E-3	891.13059E-6	30.331109E-3	15.807116E-6	39.355978E-3	1.3917345E-3	39.589588E-3	1.7314788E-3
867.99997E-6	32.820132E-3	616.23048E-6	30.352911E-3	-66.956083E-6	39.065197E-3	1.6932470E-3	39.798498E-3	1.4708262E-3
869.83328E-6	32.940537E-3	1.3942709E-3	30.405292E-3	-71.790128E-6	38.815740E-3	1.6837976E-3	39.638098E-3	1.7583829E-3
871.66665E-6	31.166814E-3	2.2349805E-3	30.501701E-3	47.971345E-6	39.051276E-3	1.3145225E-3	38.678538E-3	1.5399496E-3
873.49996E-6	30.383902E-3	1.4980703E-3	30.532753E-3	84.423409E-6	39.083179E-3	1.1244328E-3	39.117284E-3	1.7896895E-3
875.33332E-6	31.337064E-3	586.10062E-6	31.541593E-3	322.95531E-6	39.126981E-3	1.6862579E-3	39.547205E-3	1.1430142E-3
877.16657E-6	37.518572E-3	2.7941142E-3	37.052888E-3	2.7842601E-3	40.030863E-3	914.37553E-6	40.247701E-3	843.61772E-6
879.00000E-6	38.851276E-3	2.2359462E-3	37.228655E-3	3.2186266E-3	39.986786E-3	925.28382E-6	40.152531E-3	932.79465E-6
880.83331E-6	38.678817E-3	2.0972181E-3	38.399670E-3	1.7688540E-3	39.934076E-3	874.16929E-6	40.174954E-3	907.30900E-6
882.66662E-6	37.796598E-3	1.9804626E-3	38.142812E-3	1.8981284E-3	39.907385E-3	801.89307E-6	40.168937E-3	837.20533E-6
884.49992E-6	37.775513E-3	2.3397640E-3	37.345722E-3	2.1552534E-3	39.868020E-3	838.15597E-6	40.211681E-3	819.13447E-6
886.33335E-6	37.429389E-3	2.4508219E-3	38.339179E-3	2.5129381E-3	39.861981E-3	937.97146E-6	40.207308E-3	892.68456E-6
888.16666E-6	38.204554E-3	2.4684693E-3	38.030908E-3	2.7763981E-3	39.779842E-3	957.70607E-6	40.213577E-3	934.52999E-6
889.99997E-6	38.904723E-3	1.8555239E-3	38.463879E-3	1.6452275E-3	39.792176E-3	833.75158E-6	40.194597E-3	864.60676E-6
891.83328E-6	39.294768E-3	1.7224231E-3	38.391467E-3	1.8302811E-3	39.879475E-3	813.27825E-6	40.193576E-3	815.22751E-6
893.66658E-6	38.725331E-3	2.0397559E-3	37.288770E-3	2.6442050E-3	39.894827E-3	900.64737E-6	40.144704E-3	858.42871E-6
895.50001E-6	39.191961E-3	1.8621623E-3	37.556361E-3	2.8534587E-3	39.876893E-3	945.13193E-6	39.892510E-3	1.0269628E-3
897.33332E-6	40.239885E-3	898.89835E-6	40.084321E-3	931.99091E-6	39.965078E-3	886.39627E-6	40.081281E-3	884.81902E-6
899.16663E-6	40.326264E-3	987.74908E-6	40.219974E-3	944.44177E-6	39.941382E-3	777.13036E-6	40.034469E-3	788.96171E-6
900.99993E-6	40.422909E-3	888.09541E-6	40.254902E-3	881.07650E-6	39.961942E-3	791.97006E-6	39.981969E-3	774.85718E-6
902.83324E-6	40.445440E-3	799.39736E-6	40.251765E-3	815.76814E-6	39.928485E-3	853.29713E-6	40.011514E-3	838.35993E-6
904.66667E-6	40.358759E-3	832.81548E-6	40.270433E-3	813.88443E-6	39.881811E-3	912.83798E-6	40.029284E-3	915.72583E-6
906.49998E-6	40.336452E-3	898.93513E-6	40.291704E-3	900.86553E-6	39.884642E-3	832.02316E-6	40.101703E-3	824.67910E-6
908.33328E-6	40.233623E-3	934.24245E-6	40.351894E-3	937.30743E-6	39.810404E-3	755.01425E-6	40.250652E-3	754.74835E-6
910.16659E-6	40.138930E-3	869.25068E-6	40.382400E-3	867.90975E-6	39.796926E-3	801.75715E-6	40.327258E-3	794.64872E-6
912.00002E-6	40.141311E-3	826.07847E-6	40.357947E-3	780.86235E-6	39.711419E-3	870.61967E-6	40.393602E-3	872.72387E-6
913.83333E-6	40.055383E-3	845.56348E-6	40.444180E-3	836.12214E-6	39.701637E-3	893.82735E-6	40.489495E-3	883.42861E-6
915.66663E-6	40.221710E-3	879.24110E-6	40.621553E-3	867.17063E-6	39.676882E-3	798.86545E-6	40.616617E-3	762.47787E-6
917.49994E-6	40.317569E-3	869.21366E-6	40.730763E-3	894.49855E-6	39.610829E-3	747.44300E-6	40.636100E-3	750.86614E-6
919.33325E-6	40.294666E-3	813.78489E-6	40.804695E-3	786.04947E-6	39.587196E-3	820.92365E-6	40.669393E-3	838.62490E-6
921.16668E-6	40.279463E-3	763.08328E-6	40.860340E-3	766.63849E-6	39.584737E-3	884.39090E-6	40.616639E-3	902.52765E-6
922.99999E-6	40.187065E-3	820.19466E-6	40.882822E-3	864.38860E-6	39.518278E-3	856.83115E-6	40.682267E-3	836.49892E-6
924.83329E-6	40.208779E-3	906.22401E-6	40.913112E-3	889.87965E-6	39.511312E-3	763.27362E-6	40.647410E-3	746.02058E-6
926.66660E-6	40.178034E-3	848.50489E-6	40.860709E-3	844.44479E-6	39.609328E-3	732.11500E-6	40.710811E-3	781.63296E-6
928.49991E-6	40.186264E-3	771.26117E-6	40.767472E-3	760.78472E-6	39.697997E-3	818.24954E-6	40.682636E-3	874.50183E-6
930.33334E-6	40.129926E-3	752.80142E-6	40.636759E-3	776.32756E-6	39.735470E-3	882.19089E-6	40.685829E-3	885.46466E-6
932.16664E-6	40.134370E-3	828.44164E-6	40.575873E-3	875.34788E-6	39.768435E-3	824.01506E-6	40.765647E-3	805.14821E-6
933.99995E-6	40.187486E-3	888.31392E-6	40.485222E-3	900.07368E-6	39.899360E-3	742.20530E-6	40.834829E-3	755.81734E-6
935.83326E-6	40.186465E-3	849.33639E-6	40.469415E-3	798.13338E-6	39.813023E-3	792.05097E-6	40.833287E-3	842.72533E-6
937.66657E-6	40.191766E-3	773.30088E-6	40.471364E-3	751.69903E-6	39.861303E-3	879.43347E-6	40.882912E-3	897.39577E-6
939.49999E-6	40.153056E-3	775.26033E-6	40.536247E-3	830.63747E-6	39.926190E-3	911.12760E-6	40.956024E-3	831.72991E-6
941.33330E-6	40.166184E-3	867.71557E-6	40.509485E-3	887.59029E-6	39.888892E-3	818.99576E-6	40.959448E-3	752.62960E-6
943.16661E-6	40.157408E-3	891.81022E-6	40.565182E-3	843.10235E-6	39.973166E-3	750.07020E-6	40.845338E-3	797.63221E-6
944.99992E-6	40.128458E-3	827.19518E-6	40.527258E-3	750.39041E-6	39.904464E-3	831.28997E-6	40.746704E-3	887.58423E-6
946.83334E-6	40.108431E-3	764.52841E-6	40.505592E-3	792.06604E-6	39.973367E-3	913.49508E-6	40.532954E-3	876.14893E-6
948.66665E-6	40.126324E-3	788.02009E-6	40.509701E-3	863.49342E-6	39.966751E-3	871.33382E-6	40.479541E-3	794.54773E-6
950.49996E-6	40.133968E-3	891.75493E-6	40.481664E-3	892.57740E-6	39.992306E-3	777.33747E-6	40.414065E-3	776.30428E-6
952.33327E-6	40.119618E-3	873.62836E-6	40.490802E-3	814.37250E-6	40.021993E-3	762.87944E-6	40.409666E-3	870.90163E-6
954.16658E-6	40.026743E-3	812.11177E-6	40.314596E-3	779.09499E-6	39.865751E-3	887.36397E-6	39.977152E-3	1.1131776E-3
956.00000E-6	39.966013E-3	775.60934E-6	40.221218E-3	815.52035E-6	39.816093E-3	945.35580E-6	40.063471E-3	1.0520999E-3
957.83331E-6	39.917357E-3	835.03622E-6	40.162411E-3	913.76813E-6	39.812896E-3	1.0061166E-3	39.686859E-3	1.0622357E-3
959.66662E-6	39.896403E-3	921.77588E-6	40.096797E-3	890.13099E-6	39.998084E-3	734.57189E-6	39.964415E-3	887.40425E-6
961.49993E-6	39.842170E-3	910.40961E-6	40.034559E-3	792.08578E-6	40.007532E-3	797.85811E-6	40.068425E-3	953.49230E-6
963.33324E-6	39.773140E-3	813.60567E-6	40.020294E-3	791.75370E-6	40.057193E-3	889.62307E-6	40.076531E-3	1.0083970E-3
965.16666E-6	39.736044E-3	781.68372E-6	39.957915E-3	879.65425E-6	40.125407E-3	885.12438E-6	39.735179E-3	1.0616317E-3
966.99997E-6	39.661281E-3	877.81163E-6	39.904367E-3	944.18961E-6	39.986391E-3	886.50774E-6	39.505184E-3	978.87369E-6
968.83328E-6	39.649419E-3	921.81953E-6	39.888278E-3	877.02333E-6	39.951008E-3	832.91816E-6	39.670635E-3	972.16817E-6
970.66659E-6	39.612923E-3	877.30814E-6	39.909370E-3	776.89101E-6	40.026814E-3	899.94329E-6	39.711449E-3	1.2744999E-3
972.50001E-6	38.478214E-3	1.2287827E-3	38.874961E-3	1.6935626E-3	37.292115E-3	3.0090266E-3	37.304427E-3	2.3071317E-3
974.33332E-6	38.134146E-3	1.7190740E-3	37.771955E-3	2.3572345E-3	37.246380E-3	2.6057099E-3	37.482362E-3	2.7761010E-3
976.16663E-6	37.587237E-3	2.3717384E-3	38.713086E-3	2.1179677E-3	37.618421E-3	2.0403371E-3	38.225364E-3	2.7616858E-3
978.00000E-6	37.946761E-3	2.3342909E-3	38.669422E-3	1.3625271E-3	38.248312E-3	1.6420577E-3	36.780145E-3	3.0927912E-3
979.83330E-6	38.468264E-3	2.1413846E-3	38.318347E-3	1.4862705E-3	37.890024E-3	2.5149260E-3	37.305273E-3	2.2851855E-3
981.66673E-6	38.047273E-3	1.8792899E-3	37.458934E-3	2.2174607E-3	37.789732E-3	2.4871279E-3	38.376499E-3	2.1190441E-3
983.50004E-6	37.671283E-3	1.8066575E-3	38.042225E-3	2.8620148E-3	36.637936E-3	2.3640038E-3	37.948191E-3	2.7967552E-3
985.33335E-6	38.242131E-3	2.2368485E-3	39.071478E-3	2.1710563E-3	37.712023E-3	1.9920715E-3	36.762159E-3	3.0121666E-3
987.16666E-6	38.020331E-3	2.5885748E-3	38.486328E-3	1.7795105E-3	38.172983E-3	2.3418844E-3	36.810085E-3	2.5350905E-3
988.99996E-6	38.363360E-3	1.6545292E-3	38.451456E-3	2.1582078E-3	36.985476E-3	2.9816246E-3	37.951682E-3	2.2060929E-3
990.83339E-6	38.720101E-3	1.7004929E-3	36.616556E-3	2.5232064E-3	36.504470E-3	2.8205549E-3	38.808353E-3	2.1888230E-3
992.66670E-6	33.525851E-3	1.4765430E-3	34.522649E-3	1.7988916E-3	31.156117E-3	430.57636E-6	32.791458E-3	1.4073642E-3
994.50001E-6	33.808529E-3	1.7317605E-3	32.827049E-3	1.4150388E-3	30.828780E-3	1.8616623E-3	32.793265E-3	369.42287E-6
996.33331E-6	32.086659E-3	2.0782645E-3	31.364936E-3	1.8098747E-3	31.225171E-3	862.06663E-6	32.123826E-3	879.15419E-6
998.16674E-6	31.011285E-3	2.3465743E-3	30.725645E-3	78.859855E-6	32.748532E-3	943.93647E-6	31.158455E-3	981.84252E-6
1.0000000E-3	30.306229E-3	1.2968273E-3	31.664390E-3	65.971704E-6	31.338941E-3	420.35844E-6	31.569153E-3	806.98333E-6
