Experiment	Sweeper	
Saved Date	30.06.2023 18:41:42	
User		
Date		
Start time	30.06.2023 18:41:38	
Sweep channel: Name	Output 2 (V)	
Sweep channel: Start (V)	-100E-6	
Sweep channel: Stop (V)	200E-6	
Sweep channel: Points	601	
Sweep channel: Max slew rate (V/s)	Inf	
Sweep channel: Initial settling time (s)	20E+3	
Sweep channel: End settling time (s)	2E+0	
Sweep channel: Backward sweep	TRUE	
Sweep channel: Number of sweeps	2	
Sweep channel: Reset	FALSE	
Step channel 1: Name	Output 3 (V)	
Step channel 1: Start (V)	50E-3	
Step channel 1: Stop (V)	50E-3	
Step channel 1: Points	2	
Step channel 1: Max slew rate (V/s)	10E+0	
Step channel 1:  Initial settling time (s)	2E+0	
Step channel 1: End settling time (s)	2E+0	
Step channel 1: Backward sweep	FALSE	
Step channel 1: Reset	FALSE	
Sweep Type	2D-Both RT	
Acquire channels	Input 1 (V);LI Demod 3 X (V)	
Filter type	None	
Order		
Cutoff frq		

[DATA]
Output 2 Setp. (V)
-99.999997E-6
-99.500001E-6
-98.999997E-6
-98.500001E-6
-97.999997E-6
-97.500000E-6
-96.999996E-6
-96.500000E-6
-95.999996E-6
-95.500000E-6
-94.999996E-6
-94.499999E-6
-93.999995E-6
-93.499999E-6
-92.999995E-6
-92.499999E-6
-91.999995E-6
-91.499998E-6
-90.999994E-6
-90.499998E-6
-90.000001E-6
-89.499998E-6
-88.999994E-6
-88.499997E-6
-88.000001E-6
-87.499997E-6
-87.000000E-6
-86.499997E-6
-86.000000E-6
-85.499996E-6
-85.000000E-6
-84.499996E-6
-83.999999E-6
-83.499996E-6
-82.999999E-6
-82.499995E-6
-81.999999E-6
-81.499995E-6
-80.999998E-6
-80.500002E-6
-79.999998E-6
-79.499994E-6
-78.999998E-6
-78.500001E-6
-77.999997E-6
-77.499993E-6
-76.999997E-6
-76.500000E-6
-75.999997E-6
-75.500000E-6
-74.999996E-6
-74.500000E-6
-73.999996E-6
-73.499999E-6
-72.999996E-6
-72.499999E-6
-71.999995E-6
-71.499999E-6
-70.999995E-6
-70.499998E-6
-69.999995E-6
-69.499998E-6
-69.000002E-6
-68.499998E-6
-67.999994E-6
-67.499997E-6
-67.000001E-6
-66.499997E-6
-65.999993E-6
-65.499997E-6
-65.000000E-6
-64.499996E-6
-63.999993E-6
-63.499996E-6
-62.999999E-6
-62.499996E-6
-61.999999E-6
-61.500003E-6
-60.999999E-6
-60.499999E-6
-59.999998E-6
-59.499998E-6
-58.999998E-6
-58.499998E-6
-57.999998E-6
-57.499998E-6
-56.999997E-6
-56.499997E-6
-55.999997E-6
-55.499997E-6
-54.999997E-6
-54.499997E-6
-53.999996E-6
-53.499996E-6
-52.999996E-6
-52.499996E-6
-51.999996E-6
-51.499999E-6
-50.999999E-6
-50.499999E-6
-49.999999E-6
-49.499999E-6
-48.999998E-6
-48.499998E-6
-47.999998E-6
-47.499998E-6
-46.999998E-6
-46.499998E-6
-45.999997E-6
-45.499997E-6
-44.999997E-6
-44.499997E-6
-43.999997E-6
-43.499997E-6
-42.999996E-6
-42.499996E-6
-41.999996E-6
-41.499996E-6
-40.999999E-6
-40.499999E-6
-39.999999E-6
-39.499999E-6
-38.999999E-6
-38.499995E-6
-37.999998E-6
-37.499995E-6
-36.999998E-6
-36.499994E-6
-35.999998E-6
-35.500001E-6
-34.999997E-6
-34.500001E-6
-33.999997E-6
-33.500000E-6
-32.999997E-6
-32.500000E-6
-31.999996E-6
-31.500000E-6
-30.999996E-6
-30.499999E-6
-29.999996E-6
-29.499999E-6
-28.999995E-6
-28.499999E-6
-27.999995E-6
-27.499998E-6
-26.999995E-6
-26.499998E-6
-25.999994E-6
-25.499998E-6
-25.000001E-6
-24.499997E-6
-24.000001E-6
-23.499997E-6
-23.000001E-6
-22.499997E-6
-22.000000E-6
-21.499996E-6
-21.000000E-6
-20.499996E-6
-19.999999E-6
-19.499996E-6
-18.999999E-6
-18.499995E-6
-17.999999E-6
-17.499995E-6
-16.999998E-6
-16.499995E-6
-15.999998E-6
-15.499994E-6
-14.999998E-6
-14.500001E-6
-13.999997E-6
-13.500001E-6
-12.999997E-6
-12.500001E-6
-11.999997E-6
-11.500000E-6
-10.999996E-6
-10.500000E-6
-9.9999961E-6
-9.4999996E-6
-8.9999958E-6
-8.4999992E-6
-7.9999954E-6
-7.4999989E-6
-6.9999951E-6
-6.4999986E-6
-5.9999948E-6
-5.4999982E-6
-4.9999944E-6
-4.4999979E-6
-3.9999941E-6
-3.4999975E-6
-3.0000010E-6
-2.4999972E-6
-2.0000007E-6
-1.4999969E-6
-1.0000003E-6
-499.99653E-9
0.0000000E+0
500.00381E-9
1.0000003E-6
1.5000041E-6
2.0000007E-6
2.5000045E-6
3.0000010E-6
3.5000048E-6
4.0000014E-6
4.5000052E-6
5.0000017E-6
5.5000055E-6
6.0000020E-6
6.5000058E-6
7.0000024E-6
7.4999989E-6
8.0000027E-6
8.4999992E-6
9.0000030E-6
9.4999996E-6
10.000003E-6
10.500000E-6
11.000004E-6
11.500000E-6
12.000004E-6
12.500001E-6
13.000004E-6
13.500001E-6
14.000005E-6
14.500001E-6
15.000005E-6
15.500002E-6
16.000005E-6
16.500002E-6
17.000006E-6
17.500002E-6
17.999999E-6
18.500003E-6
18.999999E-6
19.500003E-6
19.999999E-6
20.500003E-6
21.000000E-6
21.500004E-6
22.000000E-6
22.500004E-6
23.000008E-6
23.499997E-6
24.000001E-6
24.500005E-6
25.000008E-6
25.499998E-6
26.000002E-6
26.500005E-6
27.000009E-6
27.499998E-6
28.000002E-6
28.500006E-6
28.999995E-6
29.499999E-6
30.000003E-6
30.500007E-6
30.999996E-6
31.500000E-6
32.000004E-6
32.500007E-6
32.999997E-6
33.500000E-6
34.000004E-6
34.500008E-6
34.999997E-6
35.500001E-6
36.000005E-6
36.500009E-6
36.999998E-6
37.500002E-6
38.000006E-6
38.500009E-6
38.999999E-6
39.500002E-6
40.000006E-6
40.499996E-6
40.999999E-6
41.500003E-6
42.000007E-6
42.499996E-6
43.000000E-6
43.500004E-6
44.000008E-6
44.499997E-6
45.000001E-6
45.500004E-6
46.000008E-6
46.499998E-6
47.000001E-6
47.500005E-6
48.000009E-6
48.499998E-6
49.000002E-6
49.500006E-6
49.999995E-6
50.499999E-6
51.000003E-6
51.500007E-6
51.999996E-6
52.500000E-6
53.000003E-6
53.500007E-6
53.999996E-6
54.500000E-6
55.000004E-6
55.500008E-6
55.999997E-6
56.500001E-6
57.000005E-6
57.500009E-6
57.999998E-6
58.500002E-6
59.000005E-6
59.500009E-6
59.999998E-6
60.500002E-6
61.000006E-6
61.499995E-6
61.999999E-6
62.500003E-6
63.000007E-6
63.499996E-6
64.000000E-6
64.500004E-6
65.000007E-6
65.499997E-6
66.000001E-6
66.500004E-6
67.000008E-6
67.499997E-6
68.000001E-6
68.500005E-6
69.000009E-6
69.499998E-6
70.000002E-6
70.500006E-6
70.999995E-6
71.499999E-6
72.000003E-6
72.500006E-6
72.999996E-6
73.499999E-6
74.000003E-6
74.500007E-6
74.999996E-6
75.500000E-6
76.000004E-6
76.500008E-6
76.999997E-6
77.500001E-6
78.000005E-6
78.500008E-6
78.999998E-6
79.500001E-6
80.000005E-6
80.500009E-6
80.999998E-6
81.500002E-6
82.000006E-6
82.499995E-6
82.999999E-6
83.500003E-6
84.000007E-6
84.499996E-6
85.000000E-6
85.500003E-6
86.000007E-6
86.499997E-6
87.000000E-6
87.500004E-6
88.000008E-6
88.499997E-6
89.000001E-6
89.500005E-6
90.000009E-6
90.499998E-6
91.000002E-6
91.500006E-6
92.000009E-6
92.499999E-6
93.000002E-6
93.500006E-6
93.999995E-6
94.499999E-6
95.000003E-6
95.500007E-6
95.999996E-6
96.500000E-6
97.000004E-6
97.500008E-6
97.999997E-6
98.500001E-6
99.000004E-6
99.500008E-6
99.999997E-6
100.50000E-6
101.00001E-6
101.50001E-6
102.00000E-6
102.50000E-6
103.00001E-6
103.50000E-6
104.00000E-6
104.50000E-6
105.00001E-6
105.50000E-6
106.00000E-6
106.50000E-6
107.00001E-6
107.50000E-6
108.00000E-6
108.50000E-6
109.00001E-6
109.50000E-6
110.00000E-6
110.50000E-6
111.00001E-6
111.50000E-6
112.00000E-6
112.50001E-6
113.00001E-6
113.50000E-6
114.00000E-6
114.50001E-6
115.00000E-6
115.50000E-6
116.00000E-6
116.50001E-6
117.00000E-6
117.50000E-6
118.00000E-6
118.50001E-6
119.00000E-6
119.50000E-6
120.00000E-6
120.50001E-6
121.00000E-6
121.50000E-6
122.00000E-6
122.50000E-6
123.00001E-6
123.50001E-6
124.00001E-6
124.49999E-6
124.99999E-6
125.50000E-6
126.00000E-6
126.50000E-6
127.00001E-6
127.50001E-6
128.00001E-6
128.49999E-6
128.99999E-6
129.50000E-6
130.00000E-6
130.50000E-6
131.00001E-6
131.50001E-6
132.00002E-6
132.49999E-6
132.99999E-6
133.50000E-6
134.00000E-6
134.50001E-6
135.00001E-6
135.50001E-6
135.99999E-6
136.49999E-6
137.00000E-6
137.50000E-6
138.00000E-6
138.50001E-6
139.00001E-6
139.50001E-6
139.99999E-6
140.49999E-6
141.00000E-6
141.50000E-6
142.00000E-6
142.50001E-6
143.00001E-6
143.50002E-6
143.99999E-6
144.49999E-6
145.00000E-6
145.50000E-6
146.00001E-6
146.49998E-6
146.99998E-6
147.49999E-6
147.99999E-6
148.50000E-6
149.00000E-6
149.50000E-6
150.00001E-6
150.49998E-6
150.99999E-6
151.49999E-6
151.99999E-6
152.50000E-6
153.00000E-6
153.50000E-6
154.00001E-6
154.49998E-6
154.99999E-6
155.49999E-6
155.99999E-6
156.50000E-6
157.00000E-6
157.50001E-6
157.99998E-6
158.49998E-6
158.99999E-6
159.49999E-6
160.00000E-6
160.50000E-6
161.00000E-6
161.50001E-6
161.99998E-6
162.49999E-6
162.99999E-6
163.49999E-6
164.00000E-6
164.50000E-6
165.00000E-6
165.50001E-6
165.99998E-6
166.49999E-6
166.99999E-6
167.49999E-6
168.00000E-6
168.50000E-6
169.00001E-6
169.49998E-6
169.99998E-6
170.49999E-6
170.99999E-6
171.50000E-6
172.00000E-6
172.50000E-6
173.00001E-6
173.49998E-6
173.99999E-6
174.49999E-6
174.99999E-6
175.50000E-6
176.00000E-6
176.50001E-6
177.00001E-6
177.49998E-6
177.99999E-6
178.49999E-6
179.00000E-6
179.50000E-6
180.00000E-6
180.50001E-6
180.99998E-6
181.49999E-6
181.99999E-6
182.49999E-6
183.00000E-6
183.50000E-6
184.00000E-6
184.50001E-6
184.99998E-6
185.49999E-6
185.99999E-6
186.49999E-6
187.00000E-6
187.50000E-6
188.00001E-6
188.49998E-6
188.99998E-6
189.49999E-6
189.99999E-6
190.50000E-6
191.00000E-6
191.50000E-6
192.00001E-6
192.49998E-6
192.99999E-6
193.49999E-6
193.99999E-6
194.50000E-6
195.00000E-6
195.50000E-6
196.00001E-6
196.49998E-6
196.99999E-6
197.49999E-6
197.99999E-6
198.50000E-6
199.00000E-6
199.50001E-6
199.99998E-6
