Experiment	Sweeper	
Saved Date	01.07.2023 11:15:03	
User		
Date		
Start time	01.07.2023 11:14:54	
Sweep channel: Name	Output 2 (V)	
Sweep channel: Start (V)	-200E-6	
Sweep channel: Stop (V)	1E-3	
Sweep channel: Points	601	
Sweep channel: Max slew rate (V/s)	Inf	
Sweep channel: Initial settling time (s)	20E+3	
Sweep channel: End settling time (s)	2E+0	
Sweep channel: Backward sweep	TRUE	
Sweep channel: Number of sweeps	50	
Sweep channel: Reset	FALSE	
Step channel 1: Name	Output 3 (V)	
Step channel 1: Start (V)	50E-3	
Step channel 1: Stop (V)	50E-3	
Step channel 1: Points	50	
Step channel 1: Max slew rate (V/s)	10E+0	
Step channel 1:  Initial settling time (s)	2E+0	
Step channel 1: End settling time (s)	2E+0	
Step channel 1: Backward sweep	FALSE	
Step channel 1: Reset	FALSE	
Sweep Type	2D-Both RT	
Acquire channels	Input 1 (V);LI Demod 3 X (V)	
Filter type	None	
Order		
Cutoff frq		

[DATA]
Output 2 Setp. (V)	Input 1 [00001] (V)	LI Demod 3 X [00001] (V)	Input 1 [00001] [bwd] (V)	LI Demod 3 X [00001] [bwd] (V)
-199.99999E-6	40.869478E-3	828.00671E-6	0.0000000E+0	NaN
-197.99999E-6	40.825989E-3	780.98162E-6	0.0000000E+0	NaN
-195.99999E-6	40.888939E-3	810.90344E-6	0.0000000E+0	NaN
-193.99999E-6	40.960293E-3	859.36394E-6	0.0000000E+0	NaN
-191.99999E-6	41.046146E-3	902.69197E-6	0.0000000E+0	NaN
-189.99999E-6	41.170157E-3	878.87095E-6	0.0000000E+0	NaN
-187.99999E-6	41.165952E-3	822.20417E-6	0.0000000E+0	NaN
-185.99999E-6	41.004151E-3	780.28563E-6	0.0000000E+0	NaN
-183.99999E-6	40.878236E-3	761.47495E-6	0.0000000E+0	NaN
-181.99999E-6	40.804457E-3	797.38855E-6	0.0000000E+0	NaN
-180.00000E-6	40.807564E-3	871.17846E-6	0.0000000E+0	NaN
-177.99999E-6	40.795870E-3	906.55120E-6	0.0000000E+0	NaN
-176.00000E-6	40.865224E-3	858.10066E-6	0.0000000E+0	NaN
-174.00000E-6	40.866766E-3	778.73026E-6	0.0000000E+0	NaN
-172.00000E-6	40.827323E-3	756.02654E-6	0.0000000E+0	NaN
-170.00000E-6	40.800564E-3	791.26691E-6	0.0000000E+0	NaN
-168.00000E-6	40.715434E-3	872.79268E-6	0.0000000E+0	NaN
-166.00000E-6	40.618539E-3	894.58266E-6	0.0000000E+0	NaN
-164.00000E-6	40.526435E-3	858.77522E-6	0.0000000E+0	NaN
-162.00000E-6	40.575430E-3	785.58474E-6	0.0000000E+0	NaN
-160.00000E-6	0.0000000E+0	NaN	0.0000000E+0	NaN
-158.00000E-6	0.0000000E+0	NaN	0.0000000E+0	NaN
-155.99999E-6	0.0000000E+0	NaN	0.0000000E+0	NaN
-153.99999E-6	0.0000000E+0	NaN	0.0000000E+0	NaN
-151.99999E-6	0.0000000E+0	NaN	0.0000000E+0	NaN
-149.99999E-6	0.0000000E+0	NaN	0.0000000E+0	NaN
-147.99999E-6	0.0000000E+0	NaN	0.0000000E+0	NaN
-145.99999E-6	0.0000000E+0	NaN	0.0000000E+0	NaN
-143.99999E-6	0.0000000E+0	NaN	0.0000000E+0	NaN
-141.99999E-6	0.0000000E+0	NaN	0.0000000E+0	NaN
-139.99999E-6	0.0000000E+0	NaN	0.0000000E+0	NaN
-138.00000E-6	0.0000000E+0	NaN	0.0000000E+0	NaN
-135.99999E-6	0.0000000E+0	NaN	0.0000000E+0	NaN
-134.00000E-6	0.0000000E+0	NaN	0.0000000E+0	NaN
-131.99999E-6	0.0000000E+0	NaN	0.0000000E+0	NaN
-130.00000E-6	0.0000000E+0	NaN	0.0000000E+0	NaN
-127.99999E-6	0.0000000E+0	NaN	0.0000000E+0	NaN
-126.00000E-6	0.0000000E+0	NaN	0.0000000E+0	NaN
-124.00000E-6	0.0000000E+0	NaN	0.0000000E+0	NaN
-122.00000E-6	0.0000000E+0	NaN	0.0000000E+0	NaN
-120.00000E-6	0.0000000E+0	NaN	0.0000000E+0	NaN
-118.00000E-6	0.0000000E+0	NaN	0.0000000E+0	NaN
-116.00000E-6	0.0000000E+0	NaN	0.0000000E+0	NaN
-113.99999E-6	0.0000000E+0	NaN	0.0000000E+0	NaN
-111.99999E-6	0.0000000E+0	NaN	0.0000000E+0	NaN
-109.99999E-6	0.0000000E+0	NaN	0.0000000E+0	NaN
-107.99999E-6	0.0000000E+0	NaN	0.0000000E+0	NaN
-105.99999E-6	0.0000000E+0	NaN	0.0000000E+0	NaN
-103.99999E-6	0.0000000E+0	NaN	0.0000000E+0	NaN
-102.00000E-6	0.0000000E+0	NaN	0.0000000E+0	NaN
-99.999997E-6	0.0000000E+0	NaN	0.0000000E+0	NaN
-97.999997E-6	0.0000000E+0	NaN	0.0000000E+0	NaN
-95.999996E-6	0.0000000E+0	NaN	0.0000000E+0	NaN
-93.999995E-6	0.0000000E+0	NaN	0.0000000E+0	NaN
-91.999995E-6	0.0000000E+0	NaN	0.0000000E+0	NaN
-89.999994E-6	0.0000000E+0	NaN	0.0000000E+0	NaN
-87.999993E-6	0.0000000E+0	NaN	0.0000000E+0	NaN
-85.999993E-6	0.0000000E+0	NaN	0.0000000E+0	NaN
-83.999992E-6	0.0000000E+0	NaN	0.0000000E+0	NaN
-81.999999E-6	0.0000000E+0	NaN	0.0000000E+0	NaN
-79.999998E-6	0.0000000E+0	NaN	0.0000000E+0	NaN
-77.999997E-6	0.0000000E+0	NaN	0.0000000E+0	NaN
-75.999997E-6	0.0000000E+0	NaN	0.0000000E+0	NaN
-73.999996E-6	0.0000000E+0	NaN	0.0000000E+0	NaN
-71.999995E-6	0.0000000E+0	NaN	0.0000000E+0	NaN
-69.999995E-6	0.0000000E+0	NaN	0.0000000E+0	NaN
-67.999994E-6	0.0000000E+0	NaN	0.0000000E+0	NaN
-65.999993E-6	0.0000000E+0	NaN	0.0000000E+0	NaN
-63.999993E-6	0.0000000E+0	NaN	0.0000000E+0	NaN
-61.999992E-6	0.0000000E+0	NaN	0.0000000E+0	NaN
-59.999991E-6	0.0000000E+0	NaN	0.0000000E+0	NaN
-57.999991E-6	0.0000000E+0	NaN	0.0000000E+0	NaN
-55.999990E-6	0.0000000E+0	NaN	0.0000000E+0	NaN
-53.999989E-6	0.0000000E+0	NaN	0.0000000E+0	NaN
-51.999989E-6	0.0000000E+0	NaN	0.0000000E+0	NaN
-50.000002E-6	0.0000000E+0	NaN	0.0000000E+0	NaN
-48.000002E-6	0.0000000E+0	NaN	0.0000000E+0	NaN
-46.000001E-6	0.0000000E+0	NaN	0.0000000E+0	NaN
-44.000000E-6	0.0000000E+0	NaN	0.0000000E+0	NaN
-42.000000E-6	0.0000000E+0	NaN	0.0000000E+0	NaN
-39.999999E-6	0.0000000E+0	NaN	0.0000000E+0	NaN
-37.999998E-6	0.0000000E+0	NaN	0.0000000E+0	NaN
-35.999998E-6	0.0000000E+0	NaN	0.0000000E+0	NaN
-33.999997E-6	0.0000000E+0	NaN	0.0000000E+0	NaN
-31.999996E-6	0.0000000E+0	NaN	0.0000000E+0	NaN
-29.999996E-6	0.0000000E+0	NaN	0.0000000E+0	NaN
-27.999995E-6	0.0000000E+0	NaN	0.0000000E+0	NaN
-25.999994E-6	0.0000000E+0	NaN	0.0000000E+0	NaN
-23.999994E-6	0.0000000E+0	NaN	0.0000000E+0	NaN
-21.999993E-6	0.0000000E+0	NaN	0.0000000E+0	NaN
-19.999992E-6	0.0000000E+0	NaN	0.0000000E+0	NaN
-17.999992E-6	0.0000000E+0	NaN	0.0000000E+0	NaN
-15.999991E-6	0.0000000E+0	NaN	0.0000000E+0	NaN
-13.999990E-6	0.0000000E+0	NaN	0.0000000E+0	NaN
-11.999990E-6	0.0000000E+0	NaN	0.0000000E+0	NaN
-9.9999888E-6	0.0000000E+0	NaN	0.0000000E+0	NaN
-7.9999882E-6	0.0000000E+0	NaN	0.0000000E+0	NaN
-6.0000020E-6	0.0000000E+0	NaN	0.0000000E+0	NaN
-4.0000014E-6	0.0000000E+0	NaN	0.0000000E+0	NaN
-2.0000007E-6	0.0000000E+0	NaN	0.0000000E+0	NaN
0.0000000E+0	0.0000000E+0	NaN	0.0000000E+0	NaN
2.0000007E-6	0.0000000E+0	NaN	0.0000000E+0	NaN
4.0000014E-6	0.0000000E+0	NaN	0.0000000E+0	NaN
6.0000020E-6	0.0000000E+0	NaN	0.0000000E+0	NaN
8.0000027E-6	0.0000000E+0	NaN	0.0000000E+0	NaN
10.000003E-6	0.0000000E+0	NaN	0.0000000E+0	NaN
12.000004E-6	0.0000000E+0	NaN	0.0000000E+0	NaN
14.000005E-6	0.0000000E+0	NaN	0.0000000E+0	NaN
16.000005E-6	0.0000000E+0	NaN	0.0000000E+0	NaN
18.000006E-6	0.0000000E+0	NaN	0.0000000E+0	NaN
20.000007E-6	0.0000000E+0	NaN	0.0000000E+0	NaN
22.000007E-6	0.0000000E+0	NaN	0.0000000E+0	NaN
24.000008E-6	0.0000000E+0	NaN	0.0000000E+0	NaN
26.000009E-6	0.0000000E+0	NaN	0.0000000E+0	NaN
28.000009E-6	0.0000000E+0	NaN	0.0000000E+0	NaN
30.000010E-6	0.0000000E+0	NaN	0.0000000E+0	NaN
32.000011E-6	0.0000000E+0	NaN	0.0000000E+0	NaN
34.000012E-6	0.0000000E+0	NaN	0.0000000E+0	NaN
35.999998E-6	0.0000000E+0	NaN	0.0000000E+0	NaN
37.999998E-6	0.0000000E+0	NaN	0.0000000E+0	NaN
39.999999E-6	0.0000000E+0	NaN	0.0000000E+0	NaN
42.000000E-6	0.0000000E+0	NaN	0.0000000E+0	NaN
44.000000E-6	0.0000000E+0	NaN	0.0000000E+0	NaN
46.000016E-6	0.0000000E+0	NaN	0.0000000E+0	NaN
48.000002E-6	0.0000000E+0	NaN	0.0000000E+0	NaN
50.000017E-6	0.0000000E+0	NaN	0.0000000E+0	NaN
52.000003E-6	0.0000000E+0	NaN	0.0000000E+0	NaN
54.000018E-6	0.0000000E+0	NaN	0.0000000E+0	NaN
56.000004E-6	0.0000000E+0	NaN	0.0000000E+0	NaN
57.999991E-6	0.0000000E+0	NaN	0.0000000E+0	NaN
60.000006E-6	0.0000000E+0	NaN	0.0000000E+0	NaN
61.999992E-6	0.0000000E+0	NaN	0.0000000E+0	NaN
64.000007E-6	0.0000000E+0	NaN	0.0000000E+0	NaN
65.999993E-6	0.0000000E+0	NaN	0.0000000E+0	NaN
68.000008E-6	0.0000000E+0	NaN	0.0000000E+0	NaN
69.999995E-6	0.0000000E+0	NaN	0.0000000E+0	NaN
72.000010E-6	0.0000000E+0	NaN	0.0000000E+0	NaN
73.999996E-6	0.0000000E+0	NaN	0.0000000E+0	NaN
76.000011E-6	0.0000000E+0	NaN	0.0000000E+0	NaN
77.999997E-6	0.0000000E+0	NaN	0.0000000E+0	NaN
80.000013E-6	0.0000000E+0	NaN	0.0000000E+0	NaN
81.999999E-6	0.0000000E+0	NaN	0.0000000E+0	NaN
84.000014E-6	0.0000000E+0	NaN	0.0000000E+0	NaN
86.000000E-6	0.0000000E+0	NaN	0.0000000E+0	NaN
88.000015E-6	0.0000000E+0	NaN	0.0000000E+0	NaN
90.000001E-6	0.0000000E+0	NaN	0.0000000E+0	NaN
92.000017E-6	0.0000000E+0	NaN	0.0000000E+0	NaN
94.000003E-6	0.0000000E+0	NaN	0.0000000E+0	NaN
96.000018E-6	0.0000000E+0	NaN	0.0000000E+0	NaN
98.000004E-6	0.0000000E+0	NaN	0.0000000E+0	NaN
99.999990E-6	0.0000000E+0	NaN	0.0000000E+0	NaN
102.00001E-6	0.0000000E+0	NaN	0.0000000E+0	NaN
103.99999E-6	0.0000000E+0	NaN	0.0000000E+0	NaN
106.00001E-6	0.0000000E+0	NaN	0.0000000E+0	NaN
107.99999E-6	0.0000000E+0	NaN	0.0000000E+0	NaN
110.00001E-6	0.0000000E+0	NaN	0.0000000E+0	NaN
111.99999E-6	0.0000000E+0	NaN	0.0000000E+0	NaN
114.00001E-6	0.0000000E+0	NaN	0.0000000E+0	NaN
116.00000E-6	0.0000000E+0	NaN	0.0000000E+0	NaN
118.00001E-6	0.0000000E+0	NaN	0.0000000E+0	NaN
120.00000E-6	0.0000000E+0	NaN	0.0000000E+0	NaN
122.00001E-6	0.0000000E+0	NaN	0.0000000E+0	NaN
124.00000E-6	0.0000000E+0	NaN	0.0000000E+0	NaN
126.00001E-6	0.0000000E+0	NaN	0.0000000E+0	NaN
128.00000E-6	0.0000000E+0	NaN	0.0000000E+0	NaN
130.00001E-6	0.0000000E+0	NaN	0.0000000E+0	NaN
132.00000E-6	0.0000000E+0	NaN	0.0000000E+0	NaN
134.00002E-6	0.0000000E+0	NaN	0.0000000E+0	NaN
136.00000E-6	0.0000000E+0	NaN	0.0000000E+0	NaN
138.00002E-6	0.0000000E+0	NaN	0.0000000E+0	NaN
140.00000E-6	0.0000000E+0	NaN	0.0000000E+0	NaN
141.99999E-6	0.0000000E+0	NaN	0.0000000E+0	NaN
144.00001E-6	0.0000000E+0	NaN	0.0000000E+0	NaN
145.99999E-6	0.0000000E+0	NaN	0.0000000E+0	NaN
148.00001E-6	0.0000000E+0	NaN	0.0000000E+0	NaN
149.99999E-6	0.0000000E+0	NaN	0.0000000E+0	NaN
152.00001E-6	0.0000000E+0	NaN	0.0000000E+0	NaN
153.99999E-6	0.0000000E+0	NaN	0.0000000E+0	NaN
156.00001E-6	0.0000000E+0	NaN	0.0000000E+0	NaN
158.00000E-6	0.0000000E+0	NaN	0.0000000E+0	NaN
160.00001E-6	0.0000000E+0	NaN	0.0000000E+0	NaN
162.00000E-6	0.0000000E+0	NaN	0.0000000E+0	NaN
164.00001E-6	0.0000000E+0	NaN	0.0000000E+0	NaN
166.00000E-6	0.0000000E+0	NaN	0.0000000E+0	NaN
168.00001E-6	0.0000000E+0	NaN	0.0000000E+0	NaN
170.00000E-6	0.0000000E+0	NaN	0.0000000E+0	NaN
172.00001E-6	0.0000000E+0	NaN	0.0000000E+0	NaN
174.00000E-6	0.0000000E+0	NaN	0.0000000E+0	NaN
176.00002E-6	0.0000000E+0	NaN	0.0000000E+0	NaN
178.00000E-6	0.0000000E+0	NaN	0.0000000E+0	NaN
180.00002E-6	0.0000000E+0	NaN	0.0000000E+0	NaN
182.00000E-6	0.0000000E+0	NaN	0.0000000E+0	NaN
184.00002E-6	0.0000000E+0	NaN	0.0000000E+0	NaN
186.00000E-6	0.0000000E+0	NaN	0.0000000E+0	NaN
187.99999E-6	0.0000000E+0	NaN	0.0000000E+0	NaN
190.00001E-6	0.0000000E+0	NaN	0.0000000E+0	NaN
191.99999E-6	0.0000000E+0	NaN	0.0000000E+0	NaN
194.00001E-6	0.0000000E+0	NaN	0.0000000E+0	NaN
195.99999E-6	0.0000000E+0	NaN	0.0000000E+0	NaN
198.00001E-6	0.0000000E+0	NaN	0.0000000E+0	NaN
199.99999E-6	0.0000000E+0	NaN	0.0000000E+0	NaN
202.00001E-6	0.0000000E+0	NaN	0.0000000E+0	NaN
204.00000E-6	0.0000000E+0	NaN	0.0000000E+0	NaN
206.00001E-6	0.0000000E+0	NaN	0.0000000E+0	NaN
208.00000E-6	0.0000000E+0	NaN	0.0000000E+0	NaN
210.00001E-6	0.0000000E+0	NaN	0.0000000E+0	NaN
212.00000E-6	0.0000000E+0	NaN	0.0000000E+0	NaN
214.00001E-6	0.0000000E+0	NaN	0.0000000E+0	NaN
216.00000E-6	0.0000000E+0	NaN	0.0000000E+0	NaN
218.00002E-6	0.0000000E+0	NaN	0.0000000E+0	NaN
220.00000E-6	0.0000000E+0	NaN	0.0000000E+0	NaN
222.00002E-6	0.0000000E+0	NaN	0.0000000E+0	NaN
224.00000E-6	0.0000000E+0	NaN	0.0000000E+0	NaN
226.00002E-6	0.0000000E+0	NaN	0.0000000E+0	NaN
228.00000E-6	0.0000000E+0	NaN	0.0000000E+0	NaN
229.99999E-6	0.0000000E+0	NaN	0.0000000E+0	NaN
232.00001E-6	0.0000000E+0	NaN	0.0000000E+0	NaN
233.99999E-6	0.0000000E+0	NaN	0.0000000E+0	NaN
236.00001E-6	0.0000000E+0	NaN	0.0000000E+0	NaN
237.99999E-6	0.0000000E+0	NaN	0.0000000E+0	NaN
240.00001E-6	0.0000000E+0	NaN	0.0000000E+0	NaN
241.99999E-6	0.0000000E+0	NaN	0.0000000E+0	NaN
244.00001E-6	0.0000000E+0	NaN	0.0000000E+0	NaN
246.00001E-6	0.0000000E+0	NaN	0.0000000E+0	NaN
248.00003E-6	0.0000000E+0	NaN	0.0000000E+0	NaN
249.99998E-6	0.0000000E+0	NaN	0.0000000E+0	NaN
252.00000E-6	0.0000000E+0	NaN	0.0000000E+0	NaN
254.00001E-6	0.0000000E+0	NaN	0.0000000E+0	NaN
256.00003E-6	0.0000000E+0	NaN	0.0000000E+0	NaN
257.99999E-6	0.0000000E+0	NaN	0.0000000E+0	NaN
260.00000E-6	0.0000000E+0	NaN	0.0000000E+0	NaN
262.00002E-6	0.0000000E+0	NaN	0.0000000E+0	NaN
264.00003E-6	0.0000000E+0	NaN	0.0000000E+0	NaN
265.99999E-6	0.0000000E+0	NaN	0.0000000E+0	NaN
268.00000E-6	0.0000000E+0	NaN	0.0000000E+0	NaN
270.00002E-6	0.0000000E+0	NaN	0.0000000E+0	NaN
271.99998E-6	0.0000000E+0	NaN	0.0000000E+0	NaN
273.99999E-6	0.0000000E+0	NaN	0.0000000E+0	NaN
276.00001E-6	0.0000000E+0	NaN	0.0000000E+0	NaN
278.00002E-6	0.0000000E+0	NaN	0.0000000E+0	NaN
279.99998E-6	0.0000000E+0	NaN	0.0000000E+0	NaN
281.99999E-6	0.0000000E+0	NaN	0.0000000E+0	NaN
284.00001E-6	0.0000000E+0	NaN	0.0000000E+0	NaN
286.00002E-6	0.0000000E+0	NaN	0.0000000E+0	NaN
287.99998E-6	0.0000000E+0	NaN	0.0000000E+0	NaN
290.00000E-6	0.0000000E+0	NaN	0.0000000E+0	NaN
292.00001E-6	0.0000000E+0	NaN	0.0000000E+0	NaN
293.99997E-6	0.0000000E+0	NaN	0.0000000E+0	NaN
295.99998E-6	0.0000000E+0	NaN	0.0000000E+0	NaN
298.00000E-6	0.0000000E+0	NaN	0.0000000E+0	NaN
300.00001E-6	0.0000000E+0	NaN	0.0000000E+0	NaN
301.99997E-6	0.0000000E+0	NaN	0.0000000E+0	NaN
303.99999E-6	0.0000000E+0	NaN	0.0000000E+0	NaN
306.00000E-6	0.0000000E+0	NaN	0.0000000E+0	NaN
308.00002E-6	0.0000000E+0	NaN	0.0000000E+0	NaN
309.99997E-6	0.0000000E+0	NaN	0.0000000E+0	NaN
311.99999E-6	0.0000000E+0	NaN	0.0000000E+0	NaN
314.00000E-6	0.0000000E+0	NaN	0.0000000E+0	NaN
315.99996E-6	0.0000000E+0	NaN	0.0000000E+0	NaN
317.99998E-6	0.0000000E+0	NaN	0.0000000E+0	NaN
319.99999E-6	0.0000000E+0	NaN	0.0000000E+0	NaN
322.00001E-6	0.0000000E+0	NaN	0.0000000E+0	NaN
323.99996E-6	0.0000000E+0	NaN	0.0000000E+0	NaN
325.99998E-6	0.0000000E+0	NaN	0.0000000E+0	NaN
327.99999E-6	0.0000000E+0	NaN	0.0000000E+0	NaN
330.00001E-6	0.0000000E+0	NaN	0.0000000E+0	NaN
331.99997E-6	0.0000000E+0	NaN	0.0000000E+0	NaN
333.99998E-6	0.0000000E+0	NaN	0.0000000E+0	NaN
336.00000E-6	0.0000000E+0	NaN	0.0000000E+0	NaN
338.00001E-6	0.0000000E+0	NaN	0.0000000E+0	NaN
339.99997E-6	0.0000000E+0	NaN	0.0000000E+0	NaN
341.99998E-6	0.0000000E+0	NaN	0.0000000E+0	NaN
344.00000E-6	0.0000000E+0	NaN	0.0000000E+0	NaN
346.00002E-6	0.0000000E+0	NaN	0.0000000E+0	NaN
347.99997E-6	0.0000000E+0	NaN	0.0000000E+0	NaN
349.99999E-6	0.0000000E+0	NaN	0.0000000E+0	NaN
352.00000E-6	0.0000000E+0	NaN	0.0000000E+0	NaN
354.00002E-6	0.0000000E+0	NaN	0.0000000E+0	NaN
355.99997E-6	0.0000000E+0	NaN	0.0000000E+0	NaN
357.99999E-6	0.0000000E+0	NaN	0.0000000E+0	NaN
360.00001E-6	0.0000000E+0	NaN	0.0000000E+0	NaN
361.99996E-6	0.0000000E+0	NaN	0.0000000E+0	NaN
363.99998E-6	0.0000000E+0	NaN	0.0000000E+0	NaN
365.99999E-6	0.0000000E+0	NaN	0.0000000E+0	NaN
368.00001E-6	0.0000000E+0	NaN	0.0000000E+0	NaN
369.99997E-6	0.0000000E+0	NaN	0.0000000E+0	NaN
371.99998E-6	0.0000000E+0	NaN	0.0000000E+0	NaN
374.00000E-6	0.0000000E+0	NaN	0.0000000E+0	NaN
376.00001E-6	0.0000000E+0	NaN	0.0000000E+0	NaN
377.99997E-6	0.0000000E+0	NaN	0.0000000E+0	NaN
379.99998E-6	0.0000000E+0	NaN	0.0000000E+0	NaN
382.00000E-6	0.0000000E+0	NaN	0.0000000E+0	NaN
384.00001E-6	0.0000000E+0	NaN	0.0000000E+0	NaN
385.99997E-6	0.0000000E+0	NaN	0.0000000E+0	NaN
387.99999E-6	0.0000000E+0	NaN	0.0000000E+0	NaN
390.00000E-6	0.0000000E+0	NaN	0.0000000E+0	NaN
392.00002E-6	0.0000000E+0	NaN	0.0000000E+0	NaN
393.99997E-6	0.0000000E+0	NaN	0.0000000E+0	NaN
395.99999E-6	0.0000000E+0	NaN	0.0000000E+0	NaN
398.00000E-6	0.0000000E+0	NaN	0.0000000E+0	NaN
399.99996E-6	0.0000000E+0	NaN	0.0000000E+0	NaN
401.99998E-6	0.0000000E+0	NaN	0.0000000E+0	NaN
403.99999E-6	0.0000000E+0	NaN	0.0000000E+0	NaN
406.00001E-6	0.0000000E+0	NaN	0.0000000E+0	NaN
407.99996E-6	0.0000000E+0	NaN	0.0000000E+0	NaN
409.99998E-6	0.0000000E+0	NaN	0.0000000E+0	NaN
411.99999E-6	0.0000000E+0	NaN	0.0000000E+0	NaN
414.00001E-6	0.0000000E+0	NaN	0.0000000E+0	NaN
415.99997E-6	0.0000000E+0	NaN	0.0000000E+0	NaN
417.99998E-6	0.0000000E+0	NaN	0.0000000E+0	NaN
420.00000E-6	0.0000000E+0	NaN	0.0000000E+0	NaN
422.00001E-6	0.0000000E+0	NaN	0.0000000E+0	NaN
423.99997E-6	0.0000000E+0	NaN	0.0000000E+0	NaN
425.99998E-6	0.0000000E+0	NaN	0.0000000E+0	NaN
428.00000E-6	0.0000000E+0	NaN	0.0000000E+0	NaN
430.00001E-6	0.0000000E+0	NaN	0.0000000E+0	NaN
431.99997E-6	0.0000000E+0	NaN	0.0000000E+0	NaN
433.99999E-6	0.0000000E+0	NaN	0.0000000E+0	NaN
436.00000E-6	0.0000000E+0	NaN	0.0000000E+0	NaN
438.00002E-6	0.0000000E+0	NaN	0.0000000E+0	NaN
439.99997E-6	0.0000000E+0	NaN	0.0000000E+0	NaN
441.99999E-6	0.0000000E+0	NaN	0.0000000E+0	NaN
444.00000E-6	0.0000000E+0	NaN	0.0000000E+0	NaN
445.99996E-6	0.0000000E+0	NaN	0.0000000E+0	NaN
447.99998E-6	0.0000000E+0	NaN	0.0000000E+0	NaN
449.99999E-6	0.0000000E+0	NaN	0.0000000E+0	NaN
452.00001E-6	0.0000000E+0	NaN	0.0000000E+0	NaN
453.99996E-6	0.0000000E+0	NaN	0.0000000E+0	NaN
455.99998E-6	0.0000000E+0	NaN	0.0000000E+0	NaN
457.99999E-6	0.0000000E+0	NaN	0.0000000E+0	NaN
460.00001E-6	0.0000000E+0	NaN	0.0000000E+0	NaN
461.99997E-6	0.0000000E+0	NaN	0.0000000E+0	NaN
463.99998E-6	0.0000000E+0	NaN	0.0000000E+0	NaN
466.00000E-6	0.0000000E+0	NaN	0.0000000E+0	NaN
468.00001E-6	0.0000000E+0	NaN	0.0000000E+0	NaN
469.99997E-6	0.0000000E+0	NaN	0.0000000E+0	NaN
471.99999E-6	0.0000000E+0	NaN	0.0000000E+0	NaN
474.00000E-6	0.0000000E+0	NaN	0.0000000E+0	NaN
476.00002E-6	0.0000000E+0	NaN	0.0000000E+0	NaN
477.99997E-6	0.0000000E+0	NaN	0.0000000E+0	NaN
479.99999E-6	0.0000000E+0	NaN	0.0000000E+0	NaN
482.00000E-6	0.0000000E+0	NaN	0.0000000E+0	NaN
483.99996E-6	0.0000000E+0	NaN	0.0000000E+0	NaN
485.99998E-6	0.0000000E+0	NaN	0.0000000E+0	NaN
487.99999E-6	0.0000000E+0	NaN	0.0000000E+0	NaN
490.00001E-6	0.0000000E+0	NaN	0.0000000E+0	NaN
491.99996E-6	0.0000000E+0	NaN	0.0000000E+0	NaN
493.99998E-6	0.0000000E+0	NaN	0.0000000E+0	NaN
495.99999E-6	0.0000000E+0	NaN	0.0000000E+0	NaN
498.00001E-6	0.0000000E+0	NaN	0.0000000E+0	NaN
499.99997E-6	0.0000000E+0	NaN	0.0000000E+0	NaN
501.99998E-6	0.0000000E+0	NaN	0.0000000E+0	NaN
504.00000E-6	0.0000000E+0	NaN	0.0000000E+0	NaN
506.00001E-6	0.0000000E+0	NaN	0.0000000E+0	NaN
507.99997E-6	0.0000000E+0	NaN	0.0000000E+0	NaN
509.99998E-6	0.0000000E+0	NaN	0.0000000E+0	NaN
512.00000E-6	0.0000000E+0	NaN	0.0000000E+0	NaN
514.00001E-6	0.0000000E+0	NaN	0.0000000E+0	NaN
515.99997E-6	0.0000000E+0	NaN	0.0000000E+0	NaN
517.99999E-6	0.0000000E+0	NaN	0.0000000E+0	NaN
520.00000E-6	0.0000000E+0	NaN	0.0000000E+0	NaN
522.00002E-6	0.0000000E+0	NaN	0.0000000E+0	NaN
523.99997E-6	0.0000000E+0	NaN	0.0000000E+0	NaN
525.99999E-6	0.0000000E+0	NaN	0.0000000E+0	NaN
528.00000E-6	0.0000000E+0	NaN	0.0000000E+0	NaN
529.99996E-6	0.0000000E+0	NaN	0.0000000E+0	NaN
531.99998E-6	0.0000000E+0	NaN	0.0000000E+0	NaN
533.99999E-6	0.0000000E+0	NaN	0.0000000E+0	NaN
536.00001E-6	0.0000000E+0	NaN	0.0000000E+0	NaN
537.99996E-6	0.0000000E+0	NaN	0.0000000E+0	NaN
539.99998E-6	0.0000000E+0	NaN	0.0000000E+0	NaN
541.99999E-6	0.0000000E+0	NaN	0.0000000E+0	NaN
544.00001E-6	0.0000000E+0	NaN	0.0000000E+0	NaN
545.99997E-6	0.0000000E+0	NaN	0.0000000E+0	NaN
547.99998E-6	0.0000000E+0	NaN	0.0000000E+0	NaN
550.00000E-6	0.0000000E+0	NaN	0.0000000E+0	NaN
552.00001E-6	0.0000000E+0	NaN	0.0000000E+0	NaN
553.99997E-6	0.0000000E+0	NaN	0.0000000E+0	NaN
555.99998E-6	0.0000000E+0	NaN	0.0000000E+0	NaN
558.00000E-6	0.0000000E+0	NaN	0.0000000E+0	NaN
560.00001E-6	0.0000000E+0	NaN	0.0000000E+0	NaN
561.99997E-6	0.0000000E+0	NaN	0.0000000E+0	NaN
563.99999E-6	0.0000000E+0	NaN	0.0000000E+0	NaN
566.00000E-6	0.0000000E+0	NaN	0.0000000E+0	NaN
568.00002E-6	0.0000000E+0	NaN	0.0000000E+0	NaN
569.99997E-6	0.0000000E+0	NaN	0.0000000E+0	NaN
571.99999E-6	0.0000000E+0	NaN	0.0000000E+0	NaN
574.00001E-6	0.0000000E+0	NaN	0.0000000E+0	NaN
575.99996E-6	0.0000000E+0	NaN	0.0000000E+0	NaN
577.99998E-6	0.0000000E+0	NaN	0.0000000E+0	NaN
579.99999E-6	0.0000000E+0	NaN	0.0000000E+0	NaN
582.00001E-6	0.0000000E+0	NaN	0.0000000E+0	NaN
583.99996E-6	0.0000000E+0	NaN	0.0000000E+0	NaN
585.99998E-6	0.0000000E+0	NaN	0.0000000E+0	NaN
588.00000E-6	0.0000000E+0	NaN	0.0000000E+0	NaN
590.00001E-6	0.0000000E+0	NaN	0.0000000E+0	NaN
591.99997E-6	0.0000000E+0	NaN	0.0000000E+0	NaN
593.99998E-6	0.0000000E+0	NaN	0.0000000E+0	NaN
596.00000E-6	0.0000000E+0	NaN	0.0000000E+0	NaN
598.00001E-6	0.0000000E+0	NaN	0.0000000E+0	NaN
599.99997E-6	0.0000000E+0	NaN	0.0000000E+0	NaN
601.99999E-6	0.0000000E+0	NaN	0.0000000E+0	NaN
604.00000E-6	0.0000000E+0	NaN	0.0000000E+0	NaN
606.00002E-6	0.0000000E+0	NaN	0.0000000E+0	NaN
607.99997E-6	0.0000000E+0	NaN	0.0000000E+0	NaN
609.99999E-6	0.0000000E+0	NaN	0.0000000E+0	NaN
612.00000E-6	0.0000000E+0	NaN	0.0000000E+0	NaN
613.99996E-6	0.0000000E+0	NaN	0.0000000E+0	NaN
615.99998E-6	0.0000000E+0	NaN	0.0000000E+0	NaN
617.99999E-6	0.0000000E+0	NaN	0.0000000E+0	NaN
620.00001E-6	0.0000000E+0	NaN	0.0000000E+0	NaN
621.99996E-6	0.0000000E+0	NaN	0.0000000E+0	NaN
623.99998E-6	0.0000000E+0	NaN	0.0000000E+0	NaN
625.99999E-6	0.0000000E+0	NaN	0.0000000E+0	NaN
628.00001E-6	0.0000000E+0	NaN	0.0000000E+0	NaN
629.99997E-6	0.0000000E+0	NaN	0.0000000E+0	NaN
631.99998E-6	0.0000000E+0	NaN	0.0000000E+0	NaN
634.00000E-6	0.0000000E+0	NaN	0.0000000E+0	NaN
636.00001E-6	0.0000000E+0	NaN	0.0000000E+0	NaN
637.99997E-6	0.0000000E+0	NaN	0.0000000E+0	NaN
639.99998E-6	0.0000000E+0	NaN	0.0000000E+0	NaN
642.00000E-6	0.0000000E+0	NaN	0.0000000E+0	NaN
644.00001E-6	0.0000000E+0	NaN	0.0000000E+0	NaN
645.99997E-6	0.0000000E+0	NaN	0.0000000E+0	NaN
647.99999E-6	0.0000000E+0	NaN	0.0000000E+0	NaN
650.00000E-6	0.0000000E+0	NaN	0.0000000E+0	NaN
652.00002E-6	0.0000000E+0	NaN	0.0000000E+0	NaN
653.99997E-6	0.0000000E+0	NaN	0.0000000E+0	NaN
655.99999E-6	0.0000000E+0	NaN	0.0000000E+0	NaN
658.00000E-6	0.0000000E+0	NaN	0.0000000E+0	NaN
659.99996E-6	0.0000000E+0	NaN	0.0000000E+0	NaN
661.99998E-6	0.0000000E+0	NaN	0.0000000E+0	NaN
663.99999E-6	0.0000000E+0	NaN	0.0000000E+0	NaN
666.00001E-6	0.0000000E+0	NaN	0.0000000E+0	NaN
667.99996E-6	0.0000000E+0	NaN	0.0000000E+0	NaN
669.99998E-6	0.0000000E+0	NaN	0.0000000E+0	NaN
671.99999E-6	0.0000000E+0	NaN	0.0000000E+0	NaN
674.00001E-6	0.0000000E+0	NaN	0.0000000E+0	NaN
675.99997E-6	0.0000000E+0	NaN	0.0000000E+0	NaN
677.99998E-6	0.0000000E+0	NaN	0.0000000E+0	NaN
680.00000E-6	0.0000000E+0	NaN	0.0000000E+0	NaN
682.00001E-6	0.0000000E+0	NaN	0.0000000E+0	NaN
683.99997E-6	0.0000000E+0	NaN	0.0000000E+0	NaN
685.99998E-6	0.0000000E+0	NaN	0.0000000E+0	NaN
688.00000E-6	0.0000000E+0	NaN	0.0000000E+0	NaN
690.00002E-6	0.0000000E+0	NaN	0.0000000E+0	NaN
691.99997E-6	0.0000000E+0	NaN	0.0000000E+0	NaN
693.99999E-6	0.0000000E+0	NaN	0.0000000E+0	NaN
696.00000E-6	0.0000000E+0	NaN	0.0000000E+0	NaN
697.99996E-6	0.0000000E+0	NaN	0.0000000E+0	NaN
699.99998E-6	0.0000000E+0	NaN	0.0000000E+0	NaN
701.99999E-6	0.0000000E+0	NaN	0.0000000E+0	NaN
704.00001E-6	0.0000000E+0	NaN	0.0000000E+0	NaN
705.99996E-6	0.0000000E+0	NaN	0.0000000E+0	NaN
707.99998E-6	0.0000000E+0	NaN	0.0000000E+0	NaN
709.99999E-6	0.0000000E+0	NaN	0.0000000E+0	NaN
712.00001E-6	0.0000000E+0	NaN	0.0000000E+0	NaN
713.99997E-6	0.0000000E+0	NaN	0.0000000E+0	NaN
715.99998E-6	0.0000000E+0	NaN	0.0000000E+0	NaN
718.00000E-6	0.0000000E+0	NaN	0.0000000E+0	NaN
720.00001E-6	0.0000000E+0	NaN	0.0000000E+0	NaN
721.99997E-6	0.0000000E+0	NaN	0.0000000E+0	NaN
723.99998E-6	0.0000000E+0	NaN	0.0000000E+0	NaN
726.00000E-6	0.0000000E+0	NaN	0.0000000E+0	NaN
728.00001E-6	0.0000000E+0	NaN	0.0000000E+0	NaN
729.99997E-6	0.0000000E+0	NaN	0.0000000E+0	NaN
731.99999E-6	0.0000000E+0	NaN	0.0000000E+0	NaN
734.00000E-6	0.0000000E+0	NaN	0.0000000E+0	NaN
736.00002E-6	0.0000000E+0	NaN	0.0000000E+0	NaN
737.99997E-6	0.0000000E+0	NaN	0.0000000E+0	NaN
739.99999E-6	0.0000000E+0	NaN	0.0000000E+0	NaN
742.00000E-6	0.0000000E+0	NaN	0.0000000E+0	NaN
743.99996E-6	0.0000000E+0	NaN	0.0000000E+0	NaN
745.99998E-6	0.0000000E+0	NaN	0.0000000E+0	NaN
747.99999E-6	0.0000000E+0	NaN	0.0000000E+0	NaN
750.00001E-6	0.0000000E+0	NaN	0.0000000E+0	NaN
751.99996E-6	0.0000000E+0	NaN	0.0000000E+0	NaN
753.99998E-6	0.0000000E+0	NaN	0.0000000E+0	NaN
755.99999E-6	0.0000000E+0	NaN	0.0000000E+0	NaN
758.00001E-6	0.0000000E+0	NaN	0.0000000E+0	NaN
759.99997E-6	0.0000000E+0	NaN	0.0000000E+0	NaN
761.99998E-6	0.0000000E+0	NaN	0.0000000E+0	NaN
764.00000E-6	0.0000000E+0	NaN	0.0000000E+0	NaN
766.00001E-6	0.0000000E+0	NaN	0.0000000E+0	NaN
767.99997E-6	0.0000000E+0	NaN	0.0000000E+0	NaN
769.99998E-6	0.0000000E+0	NaN	0.0000000E+0	NaN
772.00000E-6	0.0000000E+0	NaN	0.0000000E+0	NaN
774.00001E-6	0.0000000E+0	NaN	0.0000000E+0	NaN
775.99997E-6	0.0000000E+0	NaN	0.0000000E+0	NaN
777.99999E-6	0.0000000E+0	NaN	0.0000000E+0	NaN
780.00000E-6	0.0000000E+0	NaN	0.0000000E+0	NaN
782.00002E-6	0.0000000E+0	NaN	0.0000000E+0	NaN
784.00003E-6	0.0000000E+0	NaN	0.0000000E+0	NaN
785.99993E-6	0.0000000E+0	NaN	0.0000000E+0	NaN
787.99995E-6	0.0000000E+0	NaN	0.0000000E+0	NaN
789.99996E-6	0.0000000E+0	NaN	0.0000000E+0	NaN
791.99998E-6	0.0000000E+0	NaN	0.0000000E+0	NaN
793.99999E-6	0.0000000E+0	NaN	0.0000000E+0	NaN
796.00001E-6	0.0000000E+0	NaN	0.0000000E+0	NaN
798.00002E-6	0.0000000E+0	NaN	0.0000000E+0	NaN
800.00004E-6	0.0000000E+0	NaN	0.0000000E+0	NaN
801.99994E-6	0.0000000E+0	NaN	0.0000000E+0	NaN
803.99995E-6	0.0000000E+0	NaN	0.0000000E+0	NaN
805.99997E-6	0.0000000E+0	NaN	0.0000000E+0	NaN
807.99998E-6	0.0000000E+0	NaN	0.0000000E+0	NaN
810.00000E-6	0.0000000E+0	NaN	0.0000000E+0	NaN
812.00001E-6	0.0000000E+0	NaN	0.0000000E+0	NaN
814.00003E-6	0.0000000E+0	NaN	0.0000000E+0	NaN
816.00004E-6	0.0000000E+0	NaN	0.0000000E+0	NaN
817.99994E-6	0.0000000E+0	NaN	0.0000000E+0	NaN
819.99996E-6	0.0000000E+0	NaN	0.0000000E+0	NaN
821.99997E-6	0.0000000E+0	NaN	0.0000000E+0	NaN
823.99999E-6	0.0000000E+0	NaN	0.0000000E+0	NaN
826.00000E-6	0.0000000E+0	NaN	0.0000000E+0	NaN
828.00002E-6	0.0000000E+0	NaN	0.0000000E+0	NaN
830.00003E-6	0.0000000E+0	NaN	0.0000000E+0	NaN
831.99993E-6	0.0000000E+0	NaN	0.0000000E+0	NaN
833.99995E-6	0.0000000E+0	NaN	0.0000000E+0	NaN
835.99996E-6	0.0000000E+0	NaN	0.0000000E+0	NaN
837.99998E-6	0.0000000E+0	NaN	0.0000000E+0	NaN
839.99999E-6	0.0000000E+0	NaN	0.0000000E+0	NaN
842.00001E-6	0.0000000E+0	NaN	0.0000000E+0	NaN
844.00002E-6	0.0000000E+0	NaN	0.0000000E+0	NaN
846.00004E-6	0.0000000E+0	NaN	0.0000000E+0	NaN
847.99994E-6	0.0000000E+0	NaN	0.0000000E+0	NaN
849.99995E-6	0.0000000E+0	NaN	0.0000000E+0	NaN
851.99997E-6	0.0000000E+0	NaN	0.0000000E+0	NaN
853.99998E-6	0.0000000E+0	NaN	0.0000000E+0	NaN
856.00000E-6	0.0000000E+0	NaN	0.0000000E+0	NaN
858.00001E-6	0.0000000E+0	NaN	0.0000000E+0	NaN
860.00003E-6	0.0000000E+0	NaN	0.0000000E+0	NaN
862.00004E-6	0.0000000E+0	NaN	0.0000000E+0	NaN
863.99994E-6	0.0000000E+0	NaN	0.0000000E+0	NaN
865.99996E-6	0.0000000E+0	NaN	0.0000000E+0	NaN
867.99997E-6	0.0000000E+0	NaN	0.0000000E+0	NaN
869.99999E-6	0.0000000E+0	NaN	0.0000000E+0	NaN
872.00000E-6	0.0000000E+0	NaN	0.0000000E+0	NaN
874.00002E-6	0.0000000E+0	NaN	0.0000000E+0	NaN
876.00003E-6	0.0000000E+0	NaN	0.0000000E+0	NaN
877.99993E-6	0.0000000E+0	NaN	0.0000000E+0	NaN
879.99995E-6	0.0000000E+0	NaN	0.0000000E+0	NaN
881.99996E-6	0.0000000E+0	NaN	0.0000000E+0	NaN
883.99998E-6	0.0000000E+0	NaN	0.0000000E+0	NaN
885.99999E-6	0.0000000E+0	NaN	0.0000000E+0	NaN
888.00001E-6	0.0000000E+0	NaN	0.0000000E+0	NaN
890.00002E-6	0.0000000E+0	NaN	0.0000000E+0	NaN
892.00004E-6	0.0000000E+0	NaN	0.0000000E+0	NaN
893.99994E-6	0.0000000E+0	NaN	0.0000000E+0	NaN
895.99995E-6	0.0000000E+0	NaN	0.0000000E+0	NaN
897.99997E-6	0.0000000E+0	NaN	0.0000000E+0	NaN
899.99998E-6	0.0000000E+0	NaN	0.0000000E+0	NaN
902.00000E-6	0.0000000E+0	NaN	0.0000000E+0	NaN
904.00001E-6	0.0000000E+0	NaN	0.0000000E+0	NaN
906.00003E-6	0.0000000E+0	NaN	0.0000000E+0	NaN
908.00005E-6	0.0000000E+0	NaN	0.0000000E+0	NaN
909.99994E-6	0.0000000E+0	NaN	0.0000000E+0	NaN
911.99996E-6	0.0000000E+0	NaN	0.0000000E+0	NaN
913.99997E-6	0.0000000E+0	NaN	0.0000000E+0	NaN
915.99999E-6	0.0000000E+0	NaN	0.0000000E+0	NaN
918.00001E-6	0.0000000E+0	NaN	0.0000000E+0	NaN
920.00002E-6	0.0000000E+0	NaN	0.0000000E+0	NaN
922.00004E-6	0.0000000E+0	NaN	0.0000000E+0	NaN
923.99993E-6	0.0000000E+0	NaN	0.0000000E+0	NaN
925.99995E-6	0.0000000E+0	NaN	0.0000000E+0	NaN
927.99996E-6	0.0000000E+0	NaN	0.0000000E+0	NaN
929.99998E-6	0.0000000E+0	NaN	0.0000000E+0	NaN
932.00000E-6	0.0000000E+0	NaN	0.0000000E+0	NaN
934.00001E-6	0.0000000E+0	NaN	0.0000000E+0	NaN
936.00003E-6	0.0000000E+0	NaN	0.0000000E+0	NaN
938.00004E-6	0.0000000E+0	NaN	0.0000000E+0	NaN
939.99994E-6	0.0000000E+0	NaN	0.0000000E+0	NaN
941.99996E-6	0.0000000E+0	NaN	0.0000000E+0	NaN
943.99997E-6	0.0000000E+0	NaN	0.0000000E+0	NaN
945.99999E-6	0.0000000E+0	NaN	0.0000000E+0	NaN
948.00000E-6	0.0000000E+0	NaN	0.0000000E+0	NaN
950.00002E-6	0.0000000E+0	NaN	0.0000000E+0	NaN
952.00003E-6	0.0000000E+0	NaN	0.0000000E+0	NaN
953.99993E-6	0.0000000E+0	NaN	0.0000000E+0	NaN
955.99995E-6	0.0000000E+0	NaN	0.0000000E+0	NaN
957.99996E-6	0.0000000E+0	NaN	0.0000000E+0	NaN
959.99998E-6	0.0000000E+0	NaN	0.0000000E+0	NaN
961.99999E-6	0.0000000E+0	NaN	0.0000000E+0	0.0000000E+0
964.00001E-6	0.0000000E+0	NaN	0.0000000E+0	0.0000000E+0
966.00002E-6	0.0000000E+0	NaN	0.0000000E+0	0.0000000E+0
968.00004E-6	0.0000000E+0	NaN	0.0000000E+0	0.0000000E+0
969.99994E-6	0.0000000E+0	NaN	0.0000000E+0	0.0000000E+0
971.99995E-6	0.0000000E+0	NaN	0.0000000E+0	0.0000000E+0
973.99997E-6	0.0000000E+0	NaN	0.0000000E+0	0.0000000E+0
975.99998E-6	0.0000000E+0	NaN	0.0000000E+0	0.0000000E+0
978.00000E-6	0.0000000E+0	NaN	0.0000000E+0	0.0000000E+0
980.00001E-6	0.0000000E+0	NaN	0.0000000E+0	0.0000000E+0
982.00003E-6	0.0000000E+0	NaN	0.0000000E+0	0.0000000E+0
984.00004E-6	0.0000000E+0	NaN	0.0000000E+0	0.0000000E+0
985.99994E-6	0.0000000E+0	NaN	0.0000000E+0	0.0000000E+0
987.99996E-6	0.0000000E+0	NaN	0.0000000E+0	0.0000000E+0
989.99997E-6	0.0000000E+0	NaN	0.0000000E+0	0.0000000E+0
991.99999E-6	0.0000000E+0	NaN	0.0000000E+0	0.0000000E+0
994.00000E-6	0.0000000E+0	NaN	0.0000000E+0	0.0000000E+0
996.00002E-6	0.0000000E+0	NaN	0.0000000E+0	0.0000000E+0
998.00003E-6	0.0000000E+0	NaN	0.0000000E+0	0.0000000E+0
999.99993E-6	0.0000000E+0	NaN	0.0000000E+0	0.0000000E+0
