Experiment	Sweeper	
Saved Date	30.06.2023 14:17:19	
User		
Date		
Start time	30.06.2023 14:07:14	
Sweep channel: Name	Output 3 (V)	
Sweep channel: Start (V)	-150E-3	
Sweep channel: Stop (V)	150E-3	
Sweep channel: Points	501	
Sweep channel: Max slew rate (V/s)	Inf	
Sweep channel: Initial settling time (s)	20E+3	
Sweep channel: End settling time (s)	2E+0	
Sweep channel: Backward sweep	TRUE	
Sweep channel: Number of sweeps	2	
Sweep channel: Reset	FALSE	
Step channel 1: Name	Output 2 (V)	
Step channel 1: Start (V)	90E-6	
Step channel 1: Stop (V)	90E-6	
Step channel 1: Points	2	
Step channel 1: Max slew rate (V/s)	10E+0	
Step channel 1:  Initial settling time (s)	2E+0	
Step channel 1: End settling time (s)	2E+0	
Step channel 1: Backward sweep	FALSE	
Step channel 1: Reset	FALSE	
Sweep Type	2D-Both RT	
Acquire channels	Input 1 (V);LI Demod 3 X (V)	
Filter type	None	
Order		
Cutoff frq		

[DATA]
Output 3 Setp. (V)	Input 1 [00001] (V)	LI Demod 3 X [00001] (V)	Input 1 [00002] (V)	LI Demod 3 X [00002] (V)	Input 1 [00001] [bwd] (V)	LI Demod 3 X [00001] [bwd] (V)	Input 1 [00002] [bwd] (V)	LI Demod 3 X [00002] [bwd] (V)
-150.00001E-3	-4.8495838E-3	896.14588E-6	-4.6557891E-3	777.90843E-6	-4.5485524E-3	723.65138E-6	-4.8947386E-3	768.05637E-6
-149.40001E-3	-4.6987021E-3	839.05668E-6	-4.4769295E-3	860.85714E-6	-4.3156790E-3	811.29803E-6	-4.7419425E-3	833.73720E-6
-148.80000E-3	-4.5406041E-3	772.61304E-6	-4.3604905E-3	886.34813E-6	-4.1583064E-3	858.74757E-6	-4.5885546E-3	882.47942E-6
-148.20001E-3	-4.3552476E-3	735.44809E-6	-4.1552405E-3	833.17794E-6	-3.9864634E-3	862.89912E-6	-4.4423193E-3	851.84892E-6
-147.60001E-3	-4.1754232E-3	786.15546E-6	-4.0250542E-3	767.07313E-6	-3.8024602E-3	796.84536E-6	-4.2742146E-3	741.47951E-6
-147.00000E-3	-4.0259999E-3	853.20155E-6	-3.8620636E-3	795.16409E-6	-3.6452056E-3	755.75995E-6	-4.1381395E-3	756.81013E-6
-146.40000E-3	-3.7846905E-3	877.75901E-6	-3.7386857E-3	849.47969E-6	-3.4704919E-3	777.09282E-6	-3.9569191E-3	819.93570E-6
-145.80001E-3	-3.5426936E-3	856.28533E-6	-3.5887395E-3	887.98575E-6	-3.3245599E-3	863.48999E-6	-3.8176081E-3	879.44849E-6
-145.20000E-3	-3.3391542E-3	768.71918E-6	-3.4473368E-3	828.78681E-6	-3.0894103E-3	885.31431E-6	-3.6067010E-3	852.35498E-6
-144.60000E-3	-3.2579876E-3	732.56087E-6	-3.3380573E-3	749.19494E-6	-2.8958516E-3	819.66253E-6	-3.3781789E-3	785.97624E-6
-144.00001E-3	-3.2432005E-3	788.49809E-6	-3.1499458E-3	751.20205E-6	-2.6798062E-3	731.58252E-6	-3.2339245E-3	732.82042E-6
-143.40000E-3	-3.2376454E-3	842.94990E-6	-3.0129193E-3	827.48634E-6	-2.5073669E-3	745.54316E-6	-3.1215127E-3	792.69306E-6
-142.80000E-3	-3.1182168E-3	890.24450E-6	-2.8064770E-3	876.97356E-6	-2.3497646E-3	825.78690E-6	-2.9956172E-3	857.71841E-6
-142.20001E-3	-3.0155473E-3	840.68975E-6	-2.6925595E-3	854.79382E-6	-2.1919466E-3	880.27818E-6	-2.8539477E-3	864.48813E-6
-141.60001E-3	-2.8899449E-3	785.07699E-6	-2.5276381E-3	764.53714E-6	-2.0484638E-3	853.99096E-6	-2.6805215E-3	802.50273E-6
-141.00000E-3	-2.8051159E-3	745.46429E-6	-2.3669079E-3	750.70839E-6	-1.9371310E-3	776.09334E-6	-2.5726282E-3	746.89579E-6
-140.40001E-3	-2.6389533E-3	761.75411E-6	-2.2529967E-3	810.57398E-6	-1.8327220E-3	766.22772E-6	-2.3505858E-3	755.31687E-6
-139.80001E-3	-2.5452343E-3	813.96790E-6	-2.0861623E-3	892.41943E-6	-1.7679202E-3	818.57358E-6	-2.1329024E-3	862.42764E-6
-139.20000E-3	-2.4993485E-3	872.46875E-6	-1.9272135E-3	839.31233E-6	-1.7077058E-3	883.34450E-6	-1.9273952E-3	885.72991E-6
-138.60001E-3	-2.5092659E-3	871.74273E-6	-1.8435665E-3	754.13438E-6	-1.6046684E-3	842.32533E-6	-1.7478422E-3	839.59231E-6
-138.00001E-3	-2.3414402E-3	807.66837E-6	-1.6847209E-3	745.16016E-6	-1.4589428E-3	779.17427E-6	-1.5569481E-3	744.57948E-6
-137.40000E-3	-2.0414582E-3	740.30668E-6	-1.5640040E-3	822.73380E-6	-1.3231400E-3	748.15686E-6	-1.3371787E-3	747.94242E-6
-136.80001E-3	-1.7480421E-3	730.10853E-6	-1.3808985E-3	880.08953E-6	-1.1965969E-3	829.08466E-6	-1.1127519E-3	821.92617E-6
-136.20001E-3	-1.4846186E-3	790.91080E-6	-1.1822076E-3	858.34094E-6	-1.0736275E-3	865.20030E-6	-925.70629E-6	878.22508E-6
-135.60000E-3	-1.2848679E-3	852.97116E-6	-1.0994113E-3	753.53810E-6	-937.26208E-6	844.67506E-6	-739.09981E-6	846.30912E-6
-135.00001E-3	-1.1289194E-3	867.32052E-6	-916.94330E-6	755.16145E-6	-779.76938E-6	799.99596E-6	-548.45400E-6	805.24787E-6
-134.40001E-3	-985.19935E-6	836.00177E-6	-792.64195E-6	814.25172E-6	-681.02585E-6	726.71159E-6	-406.29387E-6	757.49599E-6
-133.80000E-3	-823.51413E-6	760.07587E-6	-755.04597E-6	884.88759E-6	-536.82498E-6	775.57395E-6	-284.22510E-6	793.58171E-6
-133.20000E-3	-686.95284E-6	751.66405E-6	-695.98295E-6	845.40452E-6	-392.39967E-6	853.71529E-6	-177.75751E-6	870.00534E-6
-132.60001E-3	-458.66525E-6	776.43921E-6	-560.47278E-6	754.19876E-6	-218.07247E-6	867.17313E-6	-46.354362E-6	878.61519E-6
-132.00000E-3	-200.91486E-6	870.29545E-6	-400.94848E-6	748.81676E-6	-86.626576E-6	813.88711E-6	-57.938116E-6	799.54480E-6
-131.40000E-3	47.960621E-6	894.58481E-6	-306.24578E-6	812.92790E-6	150.52473E-6	733.48102E-6	-21.219847E-6	737.70701E-6
-130.80001E-3	279.73446E-6	829.12575E-6	-84.264742E-6	885.66175E-6	271.00914E-6	742.93016E-6	94.502226E-6	774.04239E-6
-130.20000E-3	331.15235E-6	750.17917E-6	46.950667E-6	856.28236E-6	447.91796E-6	829.82832E-6	231.32558E-6	836.48175E-6
-129.60000E-3	303.49064E-6	725.75180E-6	187.45974E-6	780.31019E-6	618.22520E-6	899.00161E-6	379.28953E-6	875.29654E-6
-129.00001E-3	342.29652E-6	780.11665E-6	359.75483E-6	719.99943E-6	699.33693E-6	820.17638E-6	533.74167E-6	815.08933E-6
-128.40000E-3	398.67111E-6	845.06336E-6	501.34864E-6	815.01319E-6	843.32668E-6	743.55735E-6	670.52332E-6	754.22775E-6
-127.80000E-3	533.58293E-6	877.32560E-6	603.80489E-6	885.21105E-6	953.06325E-6	732.56815E-6	824.27886E-6	736.41801E-6
-127.20001E-3	663.87741E-6	840.64231E-6	783.94613E-6	847.62636E-6	1.1066311E-3	838.81320E-6	1.0008748E-3	830.93223E-6
-126.60000E-3	825.05174E-6	747.76256E-6	880.20670E-6	767.29705E-6	1.2537092E-3	887.91596E-6	1.2585331E-3	871.48370E-6
-126.00000E-3	982.96569E-6	735.19076E-6	964.06747E-6	740.49801E-6	1.4134519E-3	824.49010E-6	1.4017225E-3	871.79709E-6
-125.40001E-3	1.1008502E-3	788.28080E-6	1.1275131E-3	808.25994E-6	1.5588545E-3	752.69374E-6	1.4941565E-3	762.43910E-6
-124.80000E-3	1.2373560E-3	852.87390E-6	1.4797988E-3	872.50309E-6	1.7125546E-3	740.40762E-6	1.5139894E-3	758.43325E-6
-124.20000E-3	1.3171418E-3	890.44945E-6	1.6649552E-3	838.37286E-6	1.8764535E-3	811.12201E-6	1.6875971E-3	808.70790E-6
-123.60001E-3	1.3220496E-3	835.47778E-6	1.9828219E-3	761.64235E-6	1.9948324E-3	867.02965E-6	1.7891956E-3	867.58763E-6
-123.00000E-3	1.3345920E-3	759.90142E-6	2.0907237E-3	724.17932E-6	2.0976241E-3	833.95856E-6	1.9561513E-3	871.15663E-6
-122.40000E-3	1.4855635E-3	751.14303E-6	2.2274076E-3	821.60695E-6	2.1982146E-3	773.47958E-6	2.1311741E-3	795.51426E-6
-121.80001E-3	1.7749589E-3	783.91592E-6	2.3369098E-3	880.77801E-6	2.3214032E-3	730.31563E-6	2.4002115E-3	734.04616E-6
-121.20000E-3	2.0714675E-3	855.17473E-6	2.4747166E-3	843.63372E-6	2.4899226E-3	802.66705E-6	2.5630700E-3	765.54512E-6
-120.60000E-3	2.4003286E-3	878.27322E-6	2.6121098E-3	783.82564E-6	2.6197000E-3	886.12019E-6	2.6474888E-3	841.84209E-6
-120.00000E-3	2.5944088E-3	833.48301E-6	2.7143848E-3	722.28158E-6	2.7675235E-3	861.89259E-6	2.7554571E-3	861.08362E-6
-119.40000E-3	2.7556748E-3	781.97056E-6	2.8868117E-3	820.81655E-6	2.9195894E-3	771.82654E-6	2.8452203E-3	810.27939E-6
-118.80001E-3	2.9050654E-3	742.94035E-6	3.0385728E-3	873.10962E-6	3.0742430E-3	725.86379E-6	2.9313355E-3	772.79162E-6
-118.20000E-3	3.0571038E-3	756.48935E-6	3.2042160E-3	856.35221E-6	3.1839984E-3	805.39490E-6	3.0542682E-3	757.28848E-6
-117.60001E-3	3.1813451E-3	831.02100E-6	3.3654035E-3	772.08312E-6	3.3631125E-3	878.94755E-6	3.1941007E-3	820.76510E-6
-117.00001E-3	3.3495789E-3	876.55650E-6	3.5067333E-3	735.05717E-6	3.4112271E-3	834.09611E-6	3.2906390E-3	882.27674E-6
-116.40000E-3	3.5874313E-3	853.73165E-6	3.6751188E-3	812.06794E-6	3.5515164E-3	757.06356E-6	3.3891113E-3	847.24877E-6
-115.80001E-3	3.9083520E-3	761.40231E-6	3.7728976E-3	876.28537E-6	3.7002563E-3	735.43657E-6	3.5429713E-3	759.24472E-6
-115.20001E-3	4.0700333E-3	734.42538E-6	3.9608623E-3	846.44911E-6	3.8200691E-3	809.12368E-6	3.6769642E-3	750.17725E-6
-114.60000E-3	4.1590785E-3	755.13637E-6	4.0671094E-3	763.46769E-6	3.9619156E-3	882.28070E-6	3.7563622E-3	798.80777E-6
-114.00001E-3	4.1580480E-3	849.61887E-6	4.2200363E-3	744.92808E-6	4.1868016E-3	875.66220E-6	3.8456768E-3	876.89585E-6
-113.40000E-3	4.1658385E-3	876.61197E-6	4.3136603E-3	818.18673E-6	4.2477013E-3	772.87201E-6	3.9319322E-3	848.47159E-6
-112.80000E-3	4.2130072E-3	855.96507E-6	4.4616689E-3	880.99902E-6	4.3643732E-3	759.00560E-6	4.0349443E-3	760.13588E-6
-112.20001E-3	4.3077008E-3	776.40003E-6	4.6266038E-3	855.53713E-6	4.5256363E-3	815.29841E-6	4.1658808E-3	748.98190E-6
-111.60000E-3	4.4669029E-3	733.03177E-6	4.8079356E-3	761.78031E-6	4.6567162E-3	868.45114E-6	4.3601957E-3	807.71762E-6
-111.00000E-3	4.5962450E-3	734.70926E-6	4.9639065E-3	731.81512E-6	4.7495984E-3	872.07142E-6	4.5661861E-3	870.55005E-6
-110.40001E-3	4.6955873E-3	826.98400E-6	5.1239338E-3	818.59482E-6	4.8008766E-3	777.32687E-6	4.7539212E-3	883.22232E-6
-109.80000E-3	4.8323148E-3	883.00544E-6	5.1990976E-3	882.12179E-6	4.9476544E-3	732.29877E-6	4.9446556E-3	790.86801E-6
-109.20000E-3	4.9013714E-3	875.44596E-6	5.3378772E-3	837.21196E-6	5.1182490E-3	781.80135E-6	5.1354687E-3	734.06630E-6
-108.60001E-3	4.9108672E-3	801.22700E-6	5.4212995E-3	762.73776E-6	5.2355742E-3	869.60394E-6	5.2860533E-3	769.54364E-6
-108.00000E-3	4.9937158E-3	755.49370E-6	5.5936975E-3	737.85032E-6	5.4437499E-3	865.92411E-6	5.4987581E-3	853.82076E-6
-107.40000E-3	5.2029355E-3	743.00863E-6	5.7817237E-3	789.11259E-6	5.5706808E-3	764.06490E-6	5.6788698E-3	878.78341E-6
-106.80000E-3	5.4458980E-3	821.90067E-6	5.9286766E-3	892.30033E-6	5.7184375E-3	741.41077E-6	5.8954563E-3	788.88796E-6
-106.20000E-3	5.7421164E-3	882.85899E-6	6.0991733E-3	853.23630E-6	5.8566229E-3	785.86739E-6	6.0526640E-3	769.61541E-6
-105.60000E-3	5.9626470E-3	877.21937E-6	6.2304116E-3	792.62001E-6	5.9820591E-3	848.11094E-6	6.2218555E-3	751.30560E-6
-105.00000E-3	6.3632722E-3	833.06915E-6	6.4204168E-3	743.77039E-6	6.1119092E-3	871.21991E-6	6.3991435E-3	839.66070E-6
-104.40001E-3	6.5193693E-3	750.85007E-6	6.5392093E-3	799.50527E-6	6.2129404E-3	804.54024E-6	6.5899594E-3	880.49291E-6
-103.80000E-3	6.7011518E-3	746.50050E-6	6.6917031E-3	856.84319E-6	6.3780486E-3	733.30151E-6	6.7324699E-3	832.74051E-6
-103.20000E-3	6.8587414E-3	784.54625E-6	6.8860427E-3	877.54126E-6	6.5485295E-3	795.82841E-6	6.8546785E-3	764.14237E-6
-102.60001E-3	7.0409505E-3	867.45532E-6	7.0059136E-3	790.29443E-6	6.7306575E-3	862.13386E-6	6.9624404E-3	745.27675E-6
-102.00001E-3	7.2315433E-3	878.32042E-6	7.1632755E-3	727.99640E-6	6.8657561E-3	857.26078E-6	7.1073798E-3	820.45875E-6
-101.40000E-3	7.4872468E-3	817.39185E-6	7.3601524E-3	787.89110E-6	7.0085535E-3	812.43285E-6	7.2251684E-3	889.90817E-6
-100.80001E-3	7.7148457E-3	739.76757E-6	7.5763608E-3	861.93066E-6	7.1661565E-3	734.58988E-6	7.4064974E-3	842.70944E-6
-100.20000E-3	7.9544336E-3	727.47894E-6	7.7729099E-3	861.12402E-6	7.2823474E-3	789.07999E-6	7.5594699E-3	779.08573E-6
-99.600002E-3	8.0793602E-3	796.64862E-6	7.9891523E-3	796.40426E-6	7.4952836E-3	865.25723E-6	7.7033564E-3	752.01370E-6
-99.000007E-3	8.1277424E-3	865.13121E-6	8.2019707E-3	737.90102E-6	7.8713158E-3	884.68601E-6	7.9073571E-3	798.86761E-6
-98.400004E-3	8.1307637E-3	877.09579E-6	8.3482396E-3	782.25357E-6	8.1142290E-3	805.59077E-6	8.0507584E-3	878.29999E-6
-97.800002E-3	8.1884926E-3	842.53040E-6	8.5286768E-3	862.51902E-6	7.9937968E-3	739.35086E-6	8.1788441E-3	871.47712E-6
-97.200006E-3	8.2808128E-3	754.48805E-6	8.6801713E-3	878.23375E-6	8.1221536E-3	780.68109E-6	8.3230520E-3	796.60572E-6
-96.600004E-3	8.4379837E-3	735.07399E-6	8.7814862E-3	835.68611E-6	8.3692176E-3	861.06127E-6	8.4127430E-3	744.81923E-6
-96.000001E-3	8.6035179E-3	782.84519E-6	8.9423582E-3	759.02452E-6	8.5043618E-3	877.59353E-6	8.6431587E-3	810.17736E-6
-95.400006E-3	8.7708803E-3	883.45172E-6	9.1335019E-3	760.34747E-6	8.6875837E-3	783.29322E-6	8.7443786E-3	865.96224E-6
-94.800003E-3	8.7916795E-3	875.95562E-6	9.2706122E-3	831.76955E-6	8.8323420E-3	724.13654E-6	8.8851992E-3	883.01039E-6
-94.200000E-3	8.8685043E-3	816.88253E-6	9.5590893E-3	873.24769E-6	8.9945681E-3	793.32362E-6	9.0616299E-3	794.54185E-6
-93.600005E-3	8.9651784E-3	771.48655E-6	9.7992141E-3	842.63860E-6	9.1022393E-3	856.42101E-6	9.2440313E-3	746.67705E-6
-93.000002E-3	9.0019889E-3	749.21979E-6	9.9473819E-3	767.69671E-6	9.3195094E-3	844.23332E-6	9.4328886E-3	761.68450E-6
-92.399999E-3	9.0092178E-3	811.29285E-6	10.085426E-3	717.57642E-6	9.4436947E-3	788.46992E-6	9.7167343E-3	839.92549E-6
-91.800004E-3	9.1034416E-3	873.68808E-6	10.261829E-3	797.65008E-6	9.6119680E-3	734.07718E-6	9.8691564E-3	887.75484E-6
-91.200002E-3	9.2478907E-3	887.33883E-6	10.387277E-3	878.03951E-6	9.7551569E-3	791.21679E-6	10.058813E-3	842.17032E-6
-90.599999E-3	9.5271403E-3	826.11589E-6	10.537162E-3	872.36951E-6	9.9487081E-3	893.61583E-6	10.259062E-3	766.13959E-6
-90.000004E-3	9.8506231E-3	748.25028E-6	10.682270E-3	802.72614E-6	10.137071E-3	889.75963E-6	10.423436E-3	739.09253E-6
-89.400008E-3	10.089624E-3	758.93709E-6	10.824684E-3	768.29636E-6	10.290703E-3	814.32203E-6	10.622604E-3	803.74349E-6
-88.799998E-3	10.375884E-3	815.88735E-6	11.027349E-3	783.19426E-6	10.447503E-3	738.35970E-6	10.823334E-3	909.07176E-6
-88.200003E-3	10.489111E-3	882.99427E-6	11.251626E-3	853.82810E-6	10.577827E-3	794.69662E-6	10.978748E-3	860.75853E-6
-87.600008E-3	10.648726E-3	891.82938E-6	11.454858E-3	895.58103E-6	10.754565E-3	853.39922E-6	11.169896E-3	779.62264E-6
-87.000005E-3	10.744343E-3	834.58488E-6	11.634493E-3	835.91870E-6	10.909694E-3	869.82845E-6	11.339894E-3	729.86452E-6
-86.400002E-3	10.940409E-3	740.90349E-6	11.855868E-3	773.14215E-6	11.054980E-3	821.64997E-6	11.516317E-3	790.22319E-6
-85.800000E-3	11.113656E-3	759.52086E-6	12.033803E-3	763.77130E-6	11.206467E-3	739.88765E-6	11.643728E-3	885.42933E-6
-85.200004E-3	11.322639E-3	818.50606E-6	12.190295E-3	842.09000E-6	11.398553E-3	785.58241E-6	11.773475E-3	876.51523E-6
-84.600002E-3	11.530179E-3	868.48554E-6	12.124113E-3	866.01684E-6	11.578064E-3	866.09740E-6	11.862450E-3	800.44667E-6
-84.000006E-3	11.810955E-3	888.08051E-6	12.252398E-3	871.20547E-6	11.786770E-3	882.12790E-6	11.969090E-3	750.14692E-6
-83.400004E-3	11.953090E-3	819.00606E-6	12.202992E-3	804.78308E-6	11.997832E-3	818.60193E-6	12.073288E-3	794.76112E-6
-82.800001E-3	12.151418E-3	750.68383E-6	12.332661E-3	737.58088E-6	12.173166E-3	757.12736E-6	12.184678E-3	872.01979E-6
-82.200006E-3	12.276043E-3	750.33889E-6	12.406161E-3	812.01864E-6	12.330171E-3	788.53377E-6	12.295713E-3	884.47193E-6
-81.600003E-3	12.292387E-3	827.54734E-6	12.482965E-3	874.19339E-6	12.441941E-3	852.68676E-6	12.418864E-3	810.29552E-6
-81.000000E-3	12.337789E-3	871.72212E-6	12.547510E-3	897.61341E-6	12.575421E-3	892.40167E-6	12.543927E-3	741.14086E-6
-80.400005E-3	12.420659E-3	903.53005E-6	12.672943E-3	830.52635E-6	12.727325E-3	864.11362E-6	12.705522E-3	774.02458E-6
-79.800002E-3	12.550424E-3	842.50281E-6	12.767264E-3	757.72271E-6	12.857090E-3	776.28356E-6	12.843685E-3	857.35577E-6
-79.200000E-3	12.748332E-3	795.34645E-6	12.919142E-3	772.14889E-6	13.054778E-3	772.86607E-6	12.997794E-3	901.01373E-6
-78.600004E-3	12.898253E-3	755.12414E-6	13.031114E-3	853.36616E-6	13.236583E-3	843.15712E-6	13.085029E-3	833.66077E-6
-78.000002E-3	13.053684E-3	832.93574E-6	13.200628E-3	891.38129E-6	13.403251E-3	905.72657E-6	13.195580E-3	778.31175E-6
-77.399999E-3	13.206323E-3	908.39877E-6	13.304217E-3	887.54605E-6	13.554702E-3	874.92820E-6	13.332643E-3	787.09977E-6
-76.800004E-3	13.272827E-3	898.78775E-6	13.471641E-3	788.24710E-6	13.650049E-3	768.48443E-6	13.489622E-3	841.30542E-6
-76.200001E-3	13.332790E-3	855.29580E-6	13.579520E-3	777.41931E-6	13.843279E-3	756.43661E-6	13.630194E-3	900.64236E-6
-75.600006E-3	13.363474E-3	760.75055E-6	13.768950E-3	825.62992E-6	13.933571E-3	829.69537E-6	13.833121E-3	884.71320E-6
-75.000003E-3	13.425798E-3	796.70025E-6	13.919230E-3	906.91302E-6	14.081937E-3	897.27825E-6	14.023717E-3	804.09291E-6
-74.400000E-3	13.513665E-3	845.25859E-6	14.046716E-3	898.39887E-6	14.218800E-3	887.56788E-6	14.151148E-3	770.69929E-6
-73.800005E-3	13.748776E-3	924.98056E-6	14.161884E-3	820.31061E-6	14.383981E-3	809.53963E-6	14.361979E-3	844.87099E-6
-73.200002E-3	14.024757E-3	908.89551E-6	14.333079E-3	768.98327E-6	14.577156E-3	752.12837E-6	14.502143E-3	891.64230E-6
-72.600000E-3	14.315359E-3	834.06339E-6	14.441778E-3	816.73358E-6	14.778805E-3	837.12710E-6	14.627432E-3	883.08321E-6
-72.000004E-3	14.558775E-3	778.02764E-6	14.617076E-3	890.22634E-6	14.996562E-3	907.41221E-6	14.750718E-3	817.70448E-6
-71.400002E-3	14.741992E-3	801.09196E-6	14.804531E-3	925.97277E-6	15.196742E-3	914.56232E-6	14.876790E-3	773.16328E-6
-70.799999E-3	14.935642E-3	873.95811E-6	14.973206E-3	871.71828E-6	15.330527E-3	853.32181E-6	15.011892E-3	826.89698E-6
-70.200004E-3	15.121164E-3	924.13492E-6	15.116914E-3	792.66919E-6	15.538896E-3	796.36730E-6	15.158181E-3	904.66288E-6
-69.600001E-3	15.254353E-3	881.93984E-6	15.293674E-3	821.35864E-6	15.674975E-3	854.51972E-6	15.270139E-3	941.96008E-6
-69.000006E-3	15.474363E-3	839.53107E-6	15.424908E-3	891.41593E-6	15.892476E-3	890.20870E-6	15.459037E-3	850.61934E-6
-68.400003E-3	15.579116E-3	782.94525E-6	15.530491E-3	931.53986E-6	16.039796E-3	939.58568E-6	15.577846E-3	797.85771E-6
-67.800000E-3	15.780259E-3	827.00333E-6	15.622217E-3	861.80837E-6	16.233187E-3	885.17065E-6	15.683085E-3	801.01797E-6
-67.200005E-3	15.991362E-3	879.78767E-6	15.756259E-3	800.08572E-6	16.478950E-3	822.03065E-6	15.805053E-3	883.91453E-6
-66.600002E-3	16.230982E-3	953.18368E-6	15.903968E-3	816.21850E-6	16.661474E-3	804.16811E-6	15.888344E-3	955.35314E-6
-66.000000E-3	16.489994E-3	900.41058E-6	16.044512E-3	897.93518E-6	16.912602E-3	910.35111E-6	15.983270E-3	877.00825E-6
-65.400004E-3	16.736459E-3	853.66797E-6	16.236506E-3	946.83067E-6	17.104249E-3	935.01632E-6	16.077388E-3	823.80284E-6
-64.800002E-3	16.898440E-3	790.05124E-6	16.383974E-3	903.52551E-6	17.271454E-3	892.15429E-6	16.196102E-3	841.50047E-6
-64.199999E-3	16.991487E-3	861.42152E-6	16.438516E-3	825.47410E-6	17.408326E-3	834.90682E-6	16.349101E-3	892.10976E-6
-63.600004E-3	17.054638E-3	913.79904E-6	16.598195E-3	827.65985E-6	17.577615E-3	851.31021E-6	16.529549E-3	1.2534254E-3
-63.000001E-3	17.141148E-3	969.25220E-6	16.698228E-3	905.25002E-6	31.481057E-3	5.3090262E-6	30.311102E-3	48.854898E-6
-62.399998E-3	17.212387E-3	931.83218E-6	27.614094E-3	1.1486685E-3	31.476855E-3	70.648108E-6	30.348508E-3	-56.354838E-6
-61.800003E-3	17.302820E-3	876.69218E-6	30.366279E-3	865.79943E-6	31.508986E-3	15.389027E-6	30.333804E-3	-61.211642E-6
-61.200000E-3	30.640073E-3	-93.404793E-6	30.325456E-3	-59.700666E-6	31.500500E-3	-65.979846E-6	30.363739E-3	-15.012125E-6
-60.600005E-3	30.680271E-3	-28.233495E-6	30.190499E-3	-76.804958E-6	31.497847E-3	-78.714715E-6	30.368336E-3	47.499754E-6
-60.000002E-3	30.659935E-3	54.671124E-6	30.214099E-3	192.09187E-9	31.495575E-3	-16.772234E-6	30.424085E-3	76.780576E-6
-59.400000E-3	30.686768E-3	78.359786E-6	30.169226E-3	74.465504E-6	31.434588E-3	75.663127E-6	30.424966E-3	-42.059626E-6
-58.800004E-3	30.690629E-3	22.934906E-6	30.170253E-3	19.699202E-6	31.421740E-3	30.368947E-6	30.455146E-3	-108.93600E-6
-58.200002E-3	30.655164E-3	-55.350672E-6	30.168237E-3	-67.718858E-6	31.411558E-3	-55.753488E-6	30.490065E-3	-16.473265E-6
-57.599999E-3	30.617634E-3	-73.864307E-6	30.130738E-3	-61.420091E-6	31.374086E-3	-71.750248E-6	30.511063E-3	59.526072E-6
-57.000004E-3	30.503763E-3	-7.7138993E-6	30.090041E-3	7.2760968E-6	31.324197E-3	-14.998809E-6	30.547721E-3	63.760388E-6
-56.400001E-3	30.398376E-3	56.171215E-6	30.065512E-3	80.537757E-6	31.325910E-3	70.194306E-6	30.598328E-3	-8.5334441E-6
-55.799998E-3	30.401343E-3	56.205772E-6	30.039452E-3	38.277529E-6	31.302087E-3	60.631344E-6	30.607564E-3	-68.380359E-6
-55.200003E-3	30.343350E-3	-21.731426E-6	30.031232E-3	-58.159912E-6	31.258054E-3	-43.742424E-6	30.623741E-3	-48.059559E-6
-54.600000E-3	30.428683E-3	-65.753367E-6	30.059807E-3	-73.550254E-6	31.228933E-3	-92.622780E-6	30.624133E-3	57.660349E-6
-54.000005E-3	30.442253E-3	-67.697503E-6	30.041721E-3	-12.394627E-6	31.209452E-3	-17.307328E-6	30.621370E-3	63.204272E-6
-53.400002E-3	30.529367E-3	-2.7575052E-6	30.049976E-3	66.492306E-6	31.196557E-3	76.710639E-6	30.628687E-3	-577.35633E-9
-52.800000E-3	30.611886E-3	51.456995E-6	30.060755E-3	33.554516E-6	31.182518E-3	57.055706E-6	30.613262E-3	-50.001796E-6
-52.200004E-3	30.670684E-3	39.678220E-6	30.110713E-3	-81.778839E-6	31.237643E-3	-8.4410340E-6	30.588765E-3	-25.464347E-6
-51.600002E-3	30.708071E-3	-18.477027E-6	30.100128E-3	-85.527041E-6	31.141140E-3	-90.730937E-6	30.646719E-3	36.753867E-6
-50.999999E-3	30.686783E-3	-63.360123E-6	30.118380E-3	1.3258832E-6	31.153234E-3	-51.468363E-6	30.679446E-3	54.453591E-6
-50.400004E-3	30.649427E-3	-60.206898E-6	30.092962E-3	71.917486E-6	31.175012E-3	43.579468E-6	30.679522E-3	-23.214194E-6
-49.800001E-3	30.655980E-3	30.239158E-6	30.140417E-3	56.552748E-6	31.109866E-3	62.458806E-6	30.689966E-3	-72.297466E-6
-49.199998E-3	30.709596E-3	59.551701E-6	30.173300E-3	-43.903401E-6	31.117221E-3	31.632037E-6	30.686388E-3	-47.488287E-6
-48.600003E-3	30.704604E-3	39.703369E-6	30.180477E-3	-74.173011E-6	31.107305E-3	-54.659806E-6	30.697223E-3	35.723420E-6
-48.000000E-3	30.714685E-3	-42.780463E-6	30.216822E-3	-22.924798E-6	31.082436E-3	-53.557469E-6	30.707063E-3	75.517295E-6
-47.399998E-3	30.841483E-3	-103.97404E-6	30.197397E-3	59.708691E-6	31.125024E-3	16.545988E-6	30.698160E-3	31.211704E-6
-46.800002E-3	30.963613E-3	-48.548267E-6	30.245759E-3	47.799065E-6	31.085940E-3	78.795951E-6	30.717015E-3	-84.061088E-6
-46.200000E-3	30.984128E-3	33.759501E-6	30.058531E-3	-36.149399E-6	31.051142E-3	46.370613E-6	30.752894E-3	-66.761335E-6
-45.600004E-3	31.045074E-3	69.726513E-6	30.103050E-3	-53.556691E-6	31.093774E-3	-14.625561E-6	30.653223E-3	17.979712E-6
-45.000002E-3	30.958515E-3	35.175883E-6	30.175375E-3	-15.288782E-6	31.063475E-3	-74.546493E-6	30.634571E-3	68.867004E-6
-44.399999E-3	30.875236E-3	-27.846572E-6	30.362668E-3	57.548437E-6	31.054569E-3	-33.908000E-6	30.666687E-3	19.952786E-6
-43.800004E-3	30.752143E-3	-69.010573E-6	30.390985E-3	62.175779E-6	30.973468E-3	53.688094E-6	30.775102E-3	-49.749382E-6
-43.200001E-3	30.673636E-3	-18.127177E-6	30.378236E-3	-28.288690E-6	30.907685E-3	61.855972E-6	30.810034E-3	-55.318545E-6
-42.599998E-3	30.612508E-3	50.016595E-6	30.354878E-3	-66.019740E-6	30.866195E-3	-8.0832824E-6	30.730259E-3	-12.714920E-6
-42.000003E-3	30.575560E-3	67.324982E-6	30.362779E-3	-21.978882E-6	30.809339E-3	-77.862387E-6	30.773114E-3	59.620015E-6
-41.400000E-3	30.536832E-3	28.229539E-6	30.386914E-3	56.465982E-6	30.717703E-3	-59.953738E-6	30.807365E-3	45.118482E-6
-40.799998E-3	30.571321E-3	-51.240957E-6	30.414725E-3	52.314066E-6	30.709688E-3	11.744321E-6	30.806487E-3	-39.217746E-6
-40.200002E-3	30.581001E-3	-88.434899E-6	30.443205E-3	-29.964714E-6	30.616885E-3	73.070616E-6	30.827194E-3	-86.068896E-6
-39.600000E-3	30.644991E-3	-23.432254E-6	30.400038E-3	-71.246788E-6	30.605700E-3	12.698085E-6	30.848097E-3	-23.319382E-6
-38.999997E-3	30.632140E-3	49.259615E-6	30.378202E-3	-20.809834E-6	30.583518E-3	-43.275366E-6	30.852826E-3	60.604954E-6
-38.400002E-3	30.629432E-3	48.618498E-6	30.368272E-3	66.689543E-6	30.630590E-3	-95.407071E-6	30.894179E-3	59.305039E-6
-37.799999E-3	30.586058E-3	7.9159054E-6	30.354589E-3	51.020423E-6	30.697474E-3	841.00697E-9	30.917171E-3	-18.597730E-6
-37.200004E-3	30.468518E-3	-51.063100E-6	30.531513E-3	-39.265717E-6	30.780539E-3	63.552739E-6	30.959239E-3	-54.203534E-6
-36.600001E-3	30.360017E-3	-79.445992E-6	30.661527E-3	-57.894405E-6	30.871566E-3	71.717564E-6	30.993322E-3	-32.254993E-6
-35.999998E-3	30.340714E-3	4.9907585E-6	30.665688E-3	-30.606967E-6	30.880459E-3	-38.609469E-6	31.089172E-3	38.515409E-6
-35.400003E-3	30.374857E-3	47.757545E-6	30.664627E-3	50.116356E-6	30.905915E-3	-98.395438E-6	31.106636E-3	70.297116E-6
-34.800000E-3	30.421156E-3	52.180836E-6	30.690245E-3	53.755168E-6	30.938054E-3	-26.545124E-6	31.136028E-3	11.545019E-6
-34.199998E-3	30.488145E-3	8.0766904E-6	30.719811E-3	-44.991099E-6	30.942960E-3	36.349229E-6	31.169062E-3	-66.369139E-6
-33.600003E-3	30.645465E-3	-73.852389E-6	30.937782E-3	-70.763301E-6	30.984476E-3	54.622509E-6	31.207515E-3	-54.166507E-6
-33.000000E-3	30.674482E-3	-55.304718E-6	30.910067E-3	-31.872034E-6	30.971229E-3	-1.3586285E-6	31.259499E-3	20.824409E-6
-32.399997E-3	30.731400E-3	27.130891E-6	30.425180E-3	66.302440E-6	31.031171E-3	-78.802208E-6	31.250738E-3	64.994580E-6
-31.800002E-3	30.769596E-3	60.430786E-6	30.407187E-3	58.165315E-6	31.092988E-3	-68.643421E-6	31.287655E-3	15.724423E-6
-31.199999E-3	30.770203E-3	52.941035E-6	30.421006E-3	-34.787892E-6	31.082710E-3	15.233379E-6	31.264991E-3	-66.335720E-6
-30.600004E-3	30.815206E-3	-18.535799E-6	30.445896E-3	-76.815137E-6	30.862926E-3	57.446850E-6	31.247592E-3	-77.927609E-6
-30.000001E-3	30.824048E-3	-64.439570E-6	30.428065E-3	-33.316548E-6	30.887488E-3	24.615907E-6	31.233583E-3	18.780456E-6
-29.399998E-3	30.830242E-3	-53.340718E-6	30.482862E-3	67.913112E-6	30.851185E-3	-51.091414E-6	31.215571E-3	66.275134E-6
-28.800003E-3	30.825233E-3	20.809061E-6	30.492585E-3	54.718530E-6	30.855549E-3	-67.221263E-6	31.197580E-3	35.545443E-6
-28.200001E-3	30.839786E-3	71.772876E-6	30.499341E-3	-41.226063E-6	30.860471E-3	-19.218773E-6	31.212403E-3	-66.786473E-6
-27.599998E-3	30.937040E-3	29.094703E-6	30.478001E-3	-87.278902E-6	30.890828E-3	53.612450E-6	31.203698E-3	-73.492920E-6
-27.000003E-3	31.046724E-3	-47.120146E-6	30.542163E-3	-19.566000E-6	30.849490E-3	74.194359E-6	31.139644E-3	-16.662512E-6
-26.400000E-3	31.105235E-3	-95.679781E-6	30.650461E-3	76.426099E-6	30.760394E-3	-30.466899E-6	31.143904E-3	58.600966E-6
-25.799997E-3	31.159582E-3	-39.464074E-6	30.614145E-3	54.358978E-6	30.782869E-3	-78.914236E-6	31.084007E-3	55.097345E-6
-25.200002E-3	31.128950E-3	48.343300E-6	30.477265E-3	-16.372640E-6	30.802816E-3	-42.971918E-6	31.076062E-3	-35.883222E-6
-24.599999E-3	31.096997E-3	69.288268E-6	30.449258E-3	-81.279250E-6	30.866362E-3	56.718123E-6	31.057311E-3	-79.644393E-6
-24.000004E-3	30.991726E-3	15.986292E-6	30.483870E-3	-41.390409E-6	30.906433E-3	48.048125E-6	31.017851E-3	-35.566718E-6
-23.399994E-3	30.822359E-3	-60.204777E-6	30.482704E-3	64.984626E-6	30.944098E-3	-9.2759246E-6	30.994972E-3	76.683209E-6
-22.799999E-3	30.786712E-3	-80.058460E-6	30.490918E-3	61.158265E-6	30.980144E-3	-32.166095E-6	31.009659E-3	47.376710E-6
-22.200003E-3	30.748660E-3	-24.566307E-6	30.532204E-3	-22.126342E-6	31.070583E-3	-64.546854E-6	30.964546E-3	-32.556185E-6
-21.599993E-3	30.733531E-3	55.323337E-6	30.632209E-3	-81.913131E-6	31.094989E-3	11.452365E-6	30.993996E-3	-83.110157E-6
-20.999998E-3	30.688552E-3	44.615652E-6	30.621057E-3	-24.950574E-6	31.135648E-3	69.508918E-6	30.996392E-3	-45.457618E-6
-20.400003E-3	30.670727E-3	-20.417716E-6	30.641815E-3	39.552819E-6	31.162931E-3	20.762196E-6	30.966869E-3	51.662169E-6
-19.799992E-3	30.683121E-3	-67.580790E-6	30.638039E-3	63.783242E-6	31.186607E-3	-71.127390E-6	30.972211E-3	60.054295E-6
-19.199997E-3	30.642955E-3	-61.321974E-6	30.602925E-3	-23.912213E-6	31.230500E-3	-58.676400E-6	30.962117E-3	-45.485969E-6
-18.600002E-3	30.682456E-3	5.8178439E-6	30.595951E-3	-86.090018E-6	31.154051E-3	3.8147768E-6	31.019876E-3	-87.536522E-6
-18.000007E-3	30.665442E-3	79.827449E-6	30.550933E-3	-39.865252E-6	31.168077E-3	66.104927E-6	30.960785E-3	-20.378931E-6
-17.399997E-3	30.644760E-3	24.925652E-6	30.506937E-3	46.387027E-6	31.144083E-3	58.172718E-6	31.022929E-3	46.046185E-6
-16.800001E-3	30.579252E-3	-43.877524E-6	30.554650E-3	78.912584E-6	31.062325E-3	-38.315782E-6	31.022765E-3	55.498364E-6
-16.200006E-3	30.576777E-3	-73.386604E-6	30.562367E-3	-1.3778885E-6	31.042598E-3	-82.133789E-6	31.029560E-3	-37.311162E-6
-15.599996E-3	30.478066E-3	-29.428151E-6	30.557884E-3	-79.727135E-6	30.974904E-3	-33.174874E-6	30.978052E-3	-85.504907E-6
-15.000001E-3	30.377984E-3	55.026503E-6	30.546580E-3	-46.797442E-6	31.001745E-3	50.316434E-6	31.003062E-3	2.7103474E-6
-14.400005E-3	30.308204E-3	56.601766E-6	30.574698E-3	42.426258E-6	30.970888E-3	60.947270E-6	30.995667E-3	60.421524E-6
-13.799995E-3	30.266413E-3	4.2006982E-6	30.577922E-3	63.867607E-6	30.911075E-3	-16.559097E-6	30.996051E-3	41.814568E-6
-13.200000E-3	30.285448E-3	-76.970500E-6	30.587757E-3	19.797495E-6	30.889492E-3	-89.556466E-6	30.965192E-3	-11.101213E-6
-12.600005E-3	30.374845E-3	-68.364032E-6	30.608809E-3	-72.131879E-6	30.803299E-3	-59.287526E-6	30.976485E-3	-73.802221E-6
-11.999995E-3	30.421197E-3	-16.464353E-6	30.634642E-3	-61.254948E-6	30.801259E-3	33.867243E-6	30.985363E-3	-11.774074E-6
-11.399999E-3	30.588470E-3	62.545696E-6	30.628981E-3	13.861652E-6	30.782377E-3	67.753863E-6	30.975483E-3	80.330530E-6
-10.800004E-3	30.647825E-3	48.170812E-6	30.619876E-3	69.786409E-6	30.787874E-3	19.732648E-6	31.001315E-3	38.892962E-6
-10.199994E-3	30.705545E-3	-24.845349E-6	30.693222E-3	29.518353E-6	30.802013E-3	-58.836540E-6	30.997954E-3	-42.244232E-6
-9.5999986E-3	30.723400E-3	-67.601461E-6	30.707559E-3	-52.281986E-6	30.806242E-3	-58.568203E-6	30.997192E-3	-85.300533E-6
-9.0000033E-3	30.735143E-3	-38.079830E-6	30.741382E-3	-77.932855E-6	30.816775E-3	23.271041E-6	30.951496E-3	6.6454354E-6
-8.3999932E-3	30.769218E-3	31.467829E-6	30.759728E-3	-2.0081320E-6	30.819539E-3	71.092516E-6	30.951114E-3	68.923655E-6
-7.7999979E-3	30.818641E-3	74.143376E-6	30.816438E-3	60.473318E-6	30.756066E-3	38.518177E-6	30.972114E-3	43.670785E-6
-7.2000027E-3	30.769411E-3	22.654234E-6	30.845854E-3	46.141031E-6	30.721825E-3	-37.287566E-6	30.960180E-3	-46.197667E-6
-6.5999925E-3	30.813964E-3	-75.656848E-6	30.841671E-3	-62.386964E-6	30.751577E-3	-80.105492E-6	30.971471E-3	-68.474299E-6
-5.9999973E-3	30.832671E-3	-68.583140E-6	30.905122E-3	-75.043128E-6	30.723797E-3	-44.622600E-6	30.977393E-3	-4.4860758E-6
-5.4000020E-3	30.842414E-3	720.83247E-9	30.970965E-3	1.1466075E-6	30.724000E-3	59.448856E-6	30.946629E-3	81.214021E-6
-4.7999918E-3	30.824071E-3	84.641091E-6	31.091448E-3	44.718730E-6	30.624151E-3	53.931191E-6	30.962463E-3	33.367662E-6
-4.1999966E-3	30.788980E-3	55.070686E-6	31.074295E-3	39.061619E-6	30.541884E-3	-5.2597429E-6	30.980734E-3	-70.703005E-6
-3.6000013E-3	30.819660E-3	-16.225766E-6	31.077484E-3	-48.242404E-6	30.547664E-3	-82.056533E-6	30.962313E-3	-87.537825E-6
-3.0000061E-3	30.885104E-3	-82.173377E-6	31.041505E-3	-85.927102E-6	30.457806E-3	-35.355701E-6	30.966377E-3	16.813581E-6
-2.3999959E-3	30.952489E-3	-48.367830E-6	31.039277E-3	-30.433790E-6	30.408354E-3	33.263161E-6	30.966448E-3	59.432270E-6
-1.8000007E-3	31.048046E-3	25.042502E-6	30.958500E-3	47.151920E-6	30.389735E-3	47.146339E-6	30.971389E-3	23.276229E-6
-1.2000054E-3	31.101108E-3	48.379163E-6	30.895110E-3	40.352443E-6	30.326147E-3	13.196483E-6	30.966844E-3	-30.494039E-6
-599.99526E-6	31.072199E-3	22.957674E-6	30.902164E-3	-18.392846E-6	30.311136E-3	-77.868011E-6	30.981900E-3	-73.401308E-6
0.0000000E+0	31.119281E-3	-53.175518E-6	30.886902E-3	-65.702276E-6	30.224942E-3	-70.564041E-6	30.977208E-3	11.455700E-6
599.99526E-6	31.036599E-3	-89.880559E-6	30.878322E-3	-16.012315E-6	30.183146E-3	7.7638870E-6	31.001016E-3	87.002081E-6
1.2000054E-3	30.968778E-3	-3.7027107E-6	30.860798E-3	71.341979E-6	30.264784E-3	55.424625E-6	31.000610E-3	18.782592E-6
1.8000007E-3	30.956777E-3	53.913245E-6	30.825634E-3	64.398104E-6	30.253809E-3	27.297536E-6	30.929359E-3	-52.026655E-6
2.3999959E-3	30.886708E-3	37.200993E-6	30.817553E-3	-34.308494E-6	30.279193E-3	-50.152918E-6	30.885637E-3	-61.859020E-6
3.0000061E-3	30.799944E-3	-3.3459169E-6	30.833783E-3	-87.667198E-6	30.304041E-3	-90.226538E-6	30.922370E-3	7.4652585E-6
3.6000013E-3	30.796772E-3	-88.695335E-6	30.892232E-3	-41.597301E-6	30.368730E-3	-24.815297E-6	30.888204E-3	82.370949E-6
4.1999966E-3	30.778753E-3	-70.131413E-6	30.832073E-3	68.917638E-6	30.409213E-3	55.287303E-6	30.864850E-3	28.030163E-6
4.8000067E-3	30.755877E-3	34.913926E-6	30.811876E-3	48.207337E-6	30.450709E-3	76.250573E-6	30.896517E-3	-42.945932E-6
5.4000020E-3	30.722519E-3	62.843959E-6	30.841971E-3	-53.961059E-6	30.470587E-3	-35.110916E-6	30.888794E-3	-72.754578E-6
5.9999973E-3	30.678315E-3	46.041681E-6	30.860731E-3	-76.499789E-6	30.536294E-3	-78.529745E-6	30.851159E-3	-900.02590E-9
6.6000074E-3	30.670593E-3	-34.137873E-6	30.831974E-3	-18.510422E-6	30.572547E-3	-46.076042E-6	30.846938E-3	68.179732E-6
7.2000027E-3	30.668577E-3	-79.426944E-6	30.833531E-3	47.005346E-6	30.593541E-3	33.247699E-6	30.849971E-3	29.659755E-6
7.7999979E-3	30.654054E-3	-39.108265E-6	30.831845E-3	27.708400E-6	30.600330E-3	54.814791E-6	30.846832E-3	-57.465317E-6
8.4000081E-3	30.632054E-3	42.887754E-6	30.791244E-3	-48.014019E-6	30.671010E-3	6.7880915E-6	30.796435E-3	-85.680877E-6
9.0000033E-3	30.561339E-3	75.124532E-6	30.777192E-3	-78.076482E-6	30.657712E-3	-47.855036E-6	30.831834E-3	-8.9248788E-6
9.5999986E-3	30.419171E-3	3.0724780E-6	30.767327E-3	12.919393E-6	30.633971E-3	-67.698449E-6	30.836035E-3	62.315332E-6
10.200009E-3	30.317601E-3	-63.214757E-6	30.702291E-3	52.516996E-6	30.654615E-3	-85.207162E-9	30.810924E-3	25.125724E-6
10.800004E-3	30.308757E-3	-58.166050E-6	30.748881E-3	40.650048E-6	30.639319E-3	70.674578E-6	30.817965E-3	-38.248723E-6
11.399999E-3	30.301774E-3	-22.057775E-6	30.755743E-3	-55.345823E-6	30.650618E-3	40.910967E-6	30.815076E-3	-71.002258E-6
11.999995E-3	30.424247E-3	56.361961E-6	30.734187E-3	-50.503819E-6	30.652622E-3	-35.298530E-6	30.847859E-3	6.4177875E-6
12.600005E-3	30.509826E-3	61.323917E-6	30.748554E-3	-1.0972759E-6	30.659588E-3	-95.891563E-6	30.823080E-3	74.889766E-6
13.200000E-3	30.618010E-3	-3.2224600E-6	30.760035E-3	61.519975E-6	30.707777E-3	-28.349948E-6	30.809656E-3	30.026255E-6
13.799995E-3	30.700738E-3	-42.219253E-6	30.715650E-3	24.584753E-6	30.706845E-3	57.210425E-6	30.808497E-3	-32.173011E-6
14.400005E-3	30.724889E-3	-62.805135E-6	30.720096E-3	-77.918121E-6	30.743545E-3	66.976623E-6	30.811356E-3	-68.111025E-6
15.000001E-3	30.784026E-3	7.0359015E-6	30.722562E-3	-76.418175E-6	30.737197E-3	-17.924214E-6	30.817706E-3	-30.306646E-6
15.599996E-3	30.787120E-3	51.334002E-6	30.669879E-3	38.679827E-6	30.787345E-3	-95.238247E-6	30.757161E-3	65.903674E-6
16.200006E-3	30.766971E-3	69.545000E-6	30.688863E-3	50.447325E-6	30.824408E-3	-52.322510E-6	30.813662E-3	42.690437E-6
16.800001E-3	30.803125E-3	-11.423359E-6	30.688157E-3	4.1439926E-6	30.880475E-3	30.329193E-6	30.807523E-3	-47.709473E-6
17.399997E-3	30.790156E-3	-77.159959E-6	30.687837E-3	-62.861269E-6	30.888021E-3	63.588093E-6	30.747009E-3	-58.028159E-6
18.000007E-3	30.815816E-3	-71.025730E-6	30.641302E-3	-66.761953E-6	30.952334E-3	3.9303627E-6	30.721942E-3	-12.905699E-6
18.600002E-3	30.878415E-3	16.356549E-6	30.714056E-3	37.365069E-6	30.940162E-3	-78.893310E-6	30.746292E-3	59.366925E-6
19.199997E-3	30.975975E-3	58.027603E-6	30.721262E-3	72.943825E-6	31.006716E-3	-69.937436E-6	30.725412E-3	82.585510E-6
19.800007E-3	31.068338E-3	50.747589E-6	30.673096E-3	-9.3885419E-6	31.057058E-3	11.962121E-6	30.722190E-3	-4.0592340E-6
20.400003E-3	31.139614E-3	-18.519837E-6	30.704569E-3	-108.10915E-6	31.102045E-3	69.511596E-6	30.686628E-3	-101.92882E-6
20.999998E-3	31.134224E-3	-70.069087E-6	30.691402E-3	-23.408063E-6	31.159483E-3	28.883416E-6	30.676961E-3	-41.427229E-6
21.600008E-3	31.021612E-3	-53.725769E-6	30.661551E-3	46.233341E-6	31.170538E-3	-69.911956E-6	30.620318E-3	40.260151E-6
22.200003E-3	30.946570E-3	22.831893E-6	30.685993E-3	52.345109E-6	31.211212E-3	-77.766017E-6	30.620998E-3	71.631526E-6
22.799999E-3	30.843867E-3	57.477602E-6	30.698273E-3	-32.044351E-6	31.198883E-3	1.9137499E-6	30.572921E-3	14.393283E-6
23.400009E-3	30.783834E-3	29.109777E-6	30.578410E-3	-78.154335E-6	31.204870E-3	73.792122E-6	30.528070E-3	-62.523628E-6
24.000004E-3	30.724471E-3	-55.110191E-6	30.619074E-3	-19.897316E-6	31.199861E-3	50.734074E-6	30.476023E-3	-38.837581E-6
24.599999E-3	30.716388E-3	-91.677794E-6	30.576171E-3	61.308448E-6	31.150216E-3	-53.771408E-6	30.441051E-3	34.735724E-6
25.200009E-3	30.675327E-3	-36.551377E-6	30.596200E-3	55.274748E-6	31.125084E-3	-77.038232E-6	30.277202E-3	78.711739E-6
25.800005E-3	30.663516E-3	61.517567E-6	30.566880E-3	-43.495533E-6	31.098086E-3	-19.152179E-6	30.246595E-3	25.697922E-6
26.400000E-3	30.675396E-3	62.540101E-6	30.533468E-3	-95.338801E-6	31.064373E-3	70.155147E-6	30.211207E-3	-69.263420E-6
26.999995E-3	30.643707E-3	-9.9243271E-6	30.569239E-3	-30.933308E-6	31.047942E-3	55.930948E-6	30.169049E-3	-78.939644E-6
27.600005E-3	30.656412E-3	-59.781130E-6	30.584086E-3	74.603035E-6	30.977767E-3	-15.780588E-6	30.196879E-3	10.096144E-6
28.200001E-3	30.652437E-3	-73.428768E-6	30.547461E-3	51.327195E-6	30.934852E-3	-94.533942E-6	30.099040E-3	61.302642E-6
28.799996E-3	30.642046E-3	-4.6081896E-6	30.617449E-3	-47.514888E-6	30.919109E-3	-71.710325E-6	30.103592E-3	20.558189E-6
29.400006E-3	30.588062E-3	74.264608E-6	30.551143E-3	-73.095274E-6	30.943787E-3	46.482703E-6	30.057834E-3	-48.597900E-6
30.000001E-3	30.521512E-3	71.216709E-6	30.555919E-3	-31.727137E-6	30.865854E-3	84.293752E-6	30.084474E-3	-57.365050E-6
30.599996E-3	30.390190E-3	-23.337925E-6	30.565891E-3	69.539012E-6	30.850384E-3	-7.6308870E-6	30.114252E-3	15.510914E-6
31.200007E-3	30.300438E-3	-70.439062E-6	30.661391E-3	49.620718E-6	30.855726E-3	-54.082484E-6	30.131720E-3	74.339121E-6
31.800002E-3	30.300906E-3	-55.233442E-6	30.680113E-3	-33.559081E-6	30.865626E-3	-47.481812E-6	30.165952E-3	47.067399E-6
32.399997E-3	30.327110E-3	33.963828E-6	30.673500E-3	-83.666368E-6	30.867197E-3	32.731030E-6	30.166233E-3	-44.594886E-6
33.000007E-3	30.382264E-3	67.676810E-6	30.697223E-3	-24.831388E-6	30.873934E-3	81.370701E-6	30.154439E-3	-82.962652E-6
33.600003E-3	30.471018E-3	33.077096E-6	30.725883E-3	63.549269E-6	30.862261E-3	6.2470008E-6	30.219013E-3	-15.643414E-6
34.199998E-3	30.579200E-3	-51.412822E-6	30.736599E-3	45.482462E-6	30.848265E-3	-58.002304E-6	30.218169E-3	63.269916E-6
34.800008E-3	30.667545E-3	-53.765223E-6	30.770455E-3	-52.331383E-6	30.873379E-3	-95.850330E-6	30.237967E-3	42.437550E-6
35.400003E-3	30.715743E-3	-22.584196E-6	30.811077E-3	-71.780611E-6	30.814003E-3	-8.7397511E-6	30.266641E-3	-21.249682E-6
35.999998E-3	30.726396E-3	69.676942E-6	30.819140E-3	-31.159656E-6	30.840009E-3	62.645267E-6	30.302627E-3	-60.164482E-6
36.600009E-3	30.743182E-3	60.729890E-6	30.844871E-3	51.859646E-6	30.841203E-3	31.101146E-6	30.325845E-3	-14.221526E-6
37.200004E-3	30.790657E-3	-10.495382E-6	30.844038E-3	56.474109E-6	30.854527E-3	-39.865368E-6	30.347245E-3	53.534572E-6
37.799999E-3	30.793758E-3	-72.227820E-6	30.814402E-3	-40.212628E-6	30.817239E-3	-66.693465E-6	30.355494E-3	53.142365E-6
38.400009E-3	30.754479E-3	-63.856554E-6	30.857390E-3	-89.856469E-6	30.816067E-3	-17.931949E-6	30.396707E-3	-9.7592219E-6
39.000005E-3	30.794973E-3	-4.4996418E-6	30.796539E-3	-40.330127E-6	30.785615E-3	75.528631E-6	30.403132E-3	-76.097567E-6
39.600000E-3	30.778270E-3	74.911106E-6	30.746907E-3	36.588990E-6	30.809388E-3	53.300977E-6	30.424396E-3	-18.262464E-6
40.200010E-3	30.796032E-3	53.190506E-6	30.766821E-3	47.809266E-6	30.759711E-3	-23.911827E-6	30.438801E-3	47.635560E-6
40.800005E-3	30.849708E-3	-42.021660E-6	30.765358E-3	11.009695E-6	30.755565E-3	-60.911454E-6	30.446984E-3	59.785903E-6
41.400000E-3	30.922353E-3	-98.086814E-6	30.714450E-3	-74.432421E-6	30.783316E-3	-24.866957E-6	30.539189E-3	-8.1462267E-6
41.999996E-3	30.983003E-3	-53.683794E-6	30.665589E-3	-32.191350E-6	30.709503E-3	69.018271E-6	30.496370E-3	-100.46158E-6
42.600006E-3	31.049073E-3	31.026986E-6	30.648798E-3	42.419058E-6	30.805796E-3	69.919908E-6	30.537168E-3	-48.607697E-6
43.200001E-3	31.149734E-3	73.672527E-6	30.583046E-3	71.102775E-6	30.765936E-3	-343.26953E-9	30.527089E-3	29.305789E-6
43.799996E-3	31.191323E-3	11.842772E-6	30.548409E-3	20.963882E-6	30.744089E-3	-92.408824E-6	30.527206E-3	50.313985E-6
44.400007E-3	31.195728E-3	-51.562187E-6	30.483972E-3	-60.170649E-6	30.668851E-3	-59.273236E-6	30.545807E-3	22.995606E-6
45.000002E-3	31.154189E-3	-59.999515E-6	30.445157E-3	-63.810912E-6	30.615658E-3	43.915024E-6	30.523475E-3	-39.501610E-6
45.599997E-3	31.066639E-3	-8.9739688E-6	30.424921E-3	19.994541E-6	30.599836E-3	81.435595E-6	30.508738E-3	-76.968106E-6
46.200007E-3	31.007404E-3	69.368754E-6	30.412545E-3	58.975638E-6	30.546671E-3	13.942788E-6	30.503390E-3	-14.566776E-6
46.800002E-3	30.907677E-3	62.123567E-6	30.390354E-3	28.216731E-6	30.521251E-3	-62.150517E-6	30.497376E-3	63.947868E-6
47.399998E-3	30.855477E-3	-27.888582E-6	30.335192E-3	-56.791712E-6	30.347679E-3	-60.056751E-6	30.549455E-3	33.778670E-6
48.000008E-3	30.761130E-3	-84.294465E-6	30.293366E-3	-90.274574E-6	30.321455E-3	14.830815E-6	30.511921E-3	-72.266383E-6
48.600003E-3	30.748935E-3	-44.137661E-6	30.311119E-3	13.424688E-6	30.339183E-3	68.082918E-6	30.536627E-3	-81.151513E-6
49.199998E-3	30.749517E-3	34.914250E-6	30.263696E-3	57.714104E-6	30.392312E-3	30.850872E-6	30.515671E-3	-5.9998492E-6
49.800009E-3	30.674025E-3	88.496410E-6	30.288490E-3	30.411144E-6	30.342475E-3	-46.426925E-6	30.550178E-3	74.125281E-6
50.400004E-3	30.719627E-3	15.518439E-6	30.298257E-3	-48.158126E-6	30.348616E-3	-70.639668E-6	30.546056E-3	54.028089E-6
50.999999E-3	30.668834E-3	-43.126533E-6	30.274156E-3	-85.532949E-6	30.358238E-3	11.524856E-6	30.565619E-3	-34.730183E-6
51.600009E-3	30.653952E-3	-51.853538E-6	30.271158E-3	8.9814466E-6	30.355522E-3	65.068161E-6	30.588055E-3	-75.454671E-6
52.200004E-3	30.671109E-3	-4.3631626E-6	30.299405E-3	74.040232E-6	30.395474E-3	43.516109E-6	30.626277E-3	-19.442370E-6
52.800000E-3	30.642405E-3	68.144058E-6	30.327894E-3	44.957575E-6	30.447775E-3	-28.233288E-6	30.617472E-3	59.527327E-6
53.400010E-3	30.673208E-3	40.731509E-6	30.321637E-3	-35.686055E-6	30.487990E-3	-72.840267E-6	30.679895E-3	43.964108E-6
54.000005E-3	30.631173E-3	-29.503122E-6	30.316379E-3	-94.115494E-6	30.414229E-3	13.942808E-6	30.697631E-3	-23.780669E-6
54.600000E-3	30.611852E-3	-90.882022E-6	30.339202E-3	-3.6540328E-6	30.443581E-3	81.380473E-6	30.738086E-3	-88.546061E-6
55.200011E-3	30.553395E-3	-60.604969E-6	30.336263E-3	75.679272E-6	30.478233E-3	34.533386E-6	30.792151E-3	-48.885442E-6
55.800006E-3	30.498924E-3	42.078133E-6	30.336432E-3	79.023208E-6	30.515928E-3	-48.012658E-6	30.843575E-3	34.516132E-6
56.400001E-3	30.420791E-3	69.816881E-6	30.315440E-3	-22.755996E-6	30.470286E-3	-69.913069E-6	30.887747E-3	47.733480E-6
57.000011E-3	30.348968E-3	4.8165866E-6	30.285642E-3	-88.201799E-6	30.463282E-3	1.8144347E-6	30.947374E-3	21.917633E-6
57.600006E-3	30.288013E-3	-62.005012E-6	30.292954E-3	-27.496993E-6	30.459387E-3	59.773585E-6	30.945577E-3	-77.628531E-6
58.200002E-3	30.324731E-3	-67.364832E-6	30.286139E-3	50.025705E-6	30.454399E-3	21.083260E-6	30.981509E-3	-51.307503E-6
58.799997E-3	30.364277E-3	-5.3423942E-6	30.199647E-3	34.747896E-6	30.407237E-3	-49.507857E-6	31.008536E-3	24.015621E-6
59.400007E-3	30.371157E-3	62.596555E-6	30.188056E-3	-23.244471E-6	30.371411E-3	-62.688952E-6	31.028491E-3	75.914155E-6
60.000002E-3	30.468302E-3	55.957818E-6	30.179007E-3	-81.312799E-6	30.393792E-3	1.8189996E-6	31.037163E-3	14.768822E-6
60.599998E-3	30.682545E-3	-24.944242E-6	30.156648E-3	-25.804489E-6	30.354928E-3	84.879423E-6	31.033594E-3	-56.535744E-6
61.200008E-3	30.852007E-3	-65.002117E-6	30.196479E-3	48.349099E-6	30.385248E-3	17.097182E-6	31.013457E-3	-82.627383E-6
61.800003E-3	30.919384E-3	-61.918625E-6	30.145569E-3	68.913381E-6	30.358966E-3	-76.233533E-6	30.943485E-3	8.0238751E-6
62.399998E-3	30.927960E-3	29.271128E-6	30.070316E-3	-17.231945E-6	30.390667E-3	-68.396315E-6	30.952327E-3	63.118307E-6
63.000008E-3	30.949498E-3	66.106295E-6	29.971229E-3	-85.600943E-6	30.380249E-3	31.968772E-6	30.920129E-3	29.697119E-6
63.600004E-3	30.973790E-3	39.538358E-6	30.035203E-3	-43.083131E-6	30.379968E-3	72.090013E-6	30.884376E-3	-45.080498E-6
64.199999E-3	30.967189E-3	-45.201170E-6	30.078711E-3	65.087210E-6	30.370193E-3	23.882054E-6	30.868901E-3	-50.588867E-6
64.800009E-3	30.939467E-3	-78.755838E-6	30.156553E-3	66.951434E-6	30.458730E-3	-67.631241E-6	30.836966E-3	-20.539093E-6
65.400004E-3	30.941701E-3	-40.646501E-6	30.123191E-3	-28.807393E-6	30.451391E-3	-46.704034E-6	30.788338E-3	62.180523E-6
66.000000E-3	31.016009E-3	46.078574E-6	30.145887E-3	-66.629487E-6	30.448221E-3	35.576708E-6	30.765003E-3	42.949701E-6
66.600010E-3	30.868951E-3	68.298839E-6	30.119587E-3	-18.525639E-6	30.441649E-3	74.741911E-6	41.493669E-3	875.14147E-6
67.200005E-3	30.826919E-3	21.036973E-6	30.162850E-3	64.820022E-6	30.423578E-3	-1.5268550E-6	44.358648E-3	829.11970E-6
67.800000E-3	30.934136E-3	-57.361391E-6	30.139603E-3	52.199244E-6	44.046365E-3	841.18341E-6	44.511952E-3	862.78789E-6
68.400010E-3	31.036580E-3	-65.930806E-6	30.161152E-3	-41.682451E-6	44.316791E-3	873.04186E-6	44.611320E-3	924.08218E-6
69.000006E-3	31.124432E-3	-5.4300826E-6	30.122081E-3	-67.289358E-6	44.515185E-3	946.42880E-6	44.786535E-3	933.60338E-6
69.600001E-3	31.167261E-3	29.220249E-6	30.177914E-3	513.63418E-9	44.736121E-3	950.66894E-6	44.946816E-3	868.14363E-6
70.200011E-3	31.193454E-3	44.131546E-6	30.194841E-3	50.927079E-6	44.913843E-3	847.97683E-6	45.063622E-3	811.10268E-6
70.800006E-3	31.155167E-3	-31.647895E-6	37.084278E-3	350.87476E-6	45.004070E-3	807.14340E-6	45.237850E-3	841.06380E-6
71.400002E-3	31.029975E-3	-74.125201E-6	45.065258E-3	843.75270E-6	45.167141E-3	868.80417E-6	45.413189E-3	901.12654E-6
72.000012E-3	30.978870E-3	-48.013124E-6	45.205489E-3	805.25415E-6	45.354530E-3	924.72526E-6	45.537256E-3	936.03245E-6
72.600007E-3	30.922456E-3	653.96296E-9	45.211967E-3	854.82700E-6	45.490850E-3	912.05590E-6	45.754690E-3	855.78521E-6
73.200002E-3	46.020571E-3	1.0117528E-3	45.264784E-3	942.43989E-6	45.671511E-3	816.79609E-6	45.919307E-3	777.08851E-6
73.799998E-3	46.053786E-3	910.23982E-6	45.457467E-3	893.03788E-6	45.839049E-3	793.04288E-6	46.080306E-3	805.81347E-6
74.400008E-3	46.244867E-3	822.81942E-6	45.631900E-3	809.77590E-6	46.052042E-3	859.69252E-6	46.193440E-3	905.06638E-6
75.000003E-3	46.393353E-3	782.58431E-6	45.730468E-3	779.37567E-6	46.261471E-3	920.84770E-6	46.329834E-3	906.83851E-6
75.599998E-3	46.599168E-3	848.36566E-6	45.927931E-3	846.86477E-6	46.441551E-3	869.40068E-6	46.505995E-3	825.41868E-6
76.200008E-3	46.722431E-3	905.69991E-6	46.061400E-3	914.25551E-6	46.609737E-3	791.38961E-6	46.615645E-3	800.46681E-6
76.800004E-3	46.863388E-3	903.19908E-6	46.206351E-3	869.27810E-6	46.782650E-3	803.28365E-6	46.788611E-3	807.87909E-6
77.399999E-3	47.015011E-3	837.97157E-6	46.351496E-3	798.65899E-6	46.978995E-3	876.25079E-6	46.915162E-3	899.02472E-6
78.000009E-3	47.151335E-3	790.23169E-6	46.552666E-3	760.27977E-6	47.163930E-3	903.80834E-6	47.082558E-3	920.42971E-6
78.600004E-3	47.231030E-3	793.98474E-6	46.714041E-3	843.60188E-6	47.323499E-3	843.62394E-6	47.226243E-3	844.88996E-6
79.200000E-3	47.401775E-3	870.46612E-6	46.849284E-3	910.03889E-6	47.478545E-3	785.19987E-6	47.411975E-3	771.29668E-6
79.800010E-3	47.581535E-3	914.80929E-6	46.986636E-3	866.06207E-6	47.653753E-3	798.05602E-6	47.572065E-3	789.73890E-6
80.400005E-3	47.727533E-3	871.48085E-6	47.104690E-3	760.50661E-6	47.799382E-3	890.69485E-6	47.707066E-3	883.45603E-6
81.000000E-3	47.840256E-3	788.17550E-6	47.241747E-3	761.29875E-6	48.021153E-3	913.63600E-6	47.872663E-3	909.89040E-6
81.600010E-3	47.957741E-3	768.45422E-6	47.412228E-3	864.21042E-6	48.180576E-3	809.90040E-6	48.006061E-3	825.76741E-6
82.200006E-3	48.115104E-3	824.96024E-6	47.557093E-3	912.55229E-6	48.333045E-3	775.07016E-6	48.139211E-3	758.48796E-6
82.800001E-3	48.143450E-3	907.56197E-6	47.756899E-3	824.77846E-6	48.484474E-3	814.78572E-6	48.280306E-3	805.27418E-6
83.400011E-3	48.211072E-3	896.15723E-6	47.915153E-3	766.40968E-6	48.663322E-3	907.97507E-6	48.443776E-3	872.16997E-6
84.000006E-3	48.259892E-3	803.32969E-6	48.079953E-3	795.01333E-6	48.820272E-3	878.67846E-6	48.622482E-3	889.90416E-6
84.600002E-3	48.423614E-3	771.08358E-6	48.225187E-3	875.00212E-6	48.946537E-3	782.05083E-6	48.789009E-3	817.75809E-6
85.200012E-3	48.539158E-3	793.09626E-6	48.382454E-3	890.27494E-6	49.088895E-3	776.88368E-6	48.945885E-3	756.78399E-6
85.800007E-3	48.754010E-3	863.75070E-6	48.471145E-3	795.12922E-6	49.217008E-3	830.61843E-6	49.088616E-3	811.32044E-6
86.400002E-3	48.979793E-3	885.10168E-6	48.655678E-3	778.33148E-6	49.389403E-3	913.82785E-6	49.199734E-3	882.73193E-6
87.000012E-3	49.224216E-3	828.19391E-6	48.800483E-3	793.45854E-6	49.540311E-3	846.86110E-6	49.306706E-3	874.24094E-6
87.600008E-3	49.446322E-3	757.08353E-6	48.896737E-3	859.59106E-6	49.759097E-3	756.99249E-6	49.435433E-3	798.49875E-6
88.200003E-3	49.649801E-3	739.21803E-6	49.083453E-3	881.63675E-6	49.932275E-3	762.16919E-6	49.627811E-3	746.91622E-6
88.799998E-3	49.819894E-3	849.17940E-6	49.262833E-3	840.41047E-6	50.094977E-3	848.83207E-6	49.800202E-3	801.74615E-6
89.400008E-3	50.033584E-3	907.46832E-6	49.434986E-3	744.05444E-6	50.167732E-3	909.26141E-6	49.932852E-3	887.42375E-6
90.000004E-3	50.156526E-3	863.93219E-6	49.633175E-3	791.92955E-6	50.309118E-3	837.03856E-6	50.109331E-3	864.04342E-6
90.599999E-3	50.334919E-3	789.50048E-6	49.767110E-3	889.12714E-6	50.477762E-3	755.53945E-6	50.252292E-3	776.79666E-6
91.200009E-3	50.508570E-3	754.86937E-6	49.866434E-3	873.09565E-6	50.609566E-3	795.35000E-6	50.442323E-3	758.52260E-6
91.800004E-3	50.698590E-3	805.02441E-6	49.997021E-3	773.62132E-6	50.768446E-3	852.51057E-6	50.634876E-3	789.86719E-6
92.399999E-3	50.883707E-3	874.81376E-6	50.086103E-3	748.31466E-6	50.898530E-3	892.49626E-6	50.759934E-3	876.53799E-6
93.000010E-3	51.028233E-3	879.24360E-6	50.246160E-3	816.88451E-6	51.090006E-3	789.14681E-6	50.882973E-3	882.04356E-6
93.600005E-3	51.192015E-3	815.31267E-6	50.441682E-3	876.65324E-6	51.230036E-3	736.65759E-6	51.040422E-3	782.53029E-6
94.200000E-3	51.234040E-3	738.37262E-6	50.599176E-3	859.01777E-6	51.422093E-3	782.32901E-6	51.158782E-3	739.80895E-6
94.800010E-3	51.306475E-3	770.83008E-6	50.775707E-3	759.27639E-6	51.596936E-3	858.27900E-6	51.321164E-3	830.58368E-6
95.400006E-3	51.449042E-3	859.07371E-6	50.908368E-3	757.66077E-6	51.707167E-3	869.95761E-6	51.468093E-3	879.71776E-6
96.000001E-3	51.575590E-3	888.97679E-6	51.093582E-3	831.93934E-6	51.852986E-3	795.23266E-6	51.609315E-3	840.67578E-6
96.600011E-3	51.742405E-3	828.99985E-6	51.250368E-3	895.20635E-6	51.974919E-3	745.49176E-6	51.775012E-3	764.82020E-6
97.200006E-3	51.921781E-3	771.52584E-6	51.440794E-3	825.28067E-6	52.127197E-3	812.98995E-6	51.926885E-3	752.69316E-6
97.800002E-3	52.079003E-3	732.60401E-6	51.590994E-3	738.81907E-6	52.334502E-3	884.39579E-6	52.094944E-3	820.74519E-6
98.400012E-3	52.297067E-3	819.41648E-6	51.730026E-3	764.05989E-6	52.462235E-3	863.59214E-6	52.213132E-3	887.07707E-6
99.000007E-3	52.440971E-3	874.36580E-6	51.919233E-3	873.30712E-6	52.636225E-3	753.90330E-6	52.341636E-3	837.77407E-6
99.600002E-3	52.637648E-3	841.36793E-6	52.135054E-3	876.14678E-6	52.796122E-3	745.15183E-6	52.472632E-3	776.16767E-6
100.20000E-3	52.824974E-3	781.74629E-6	52.290339E-3	824.91437E-6	52.944206E-3	802.03183E-6	52.599687E-3	780.12189E-6
100.80001E-3	53.064547E-3	734.98883E-6	52.525867E-3	738.84282E-6	53.079501E-3	881.34327E-6	52.799247E-3	830.34782E-6
101.40002E-3	53.210404E-3	781.99641E-6	52.715950E-3	794.89389E-6	53.247031E-3	850.91812E-6	52.944943E-3	903.09541E-6
102.00000E-3	53.382993E-3	844.94229E-6	52.778572E-3	883.21941E-6	53.340375E-3	746.39928E-6	53.118873E-3	829.63280E-6
102.60001E-3	53.578299E-3	869.07618E-6	52.958764E-3	866.23430E-6	53.513505E-3	749.83976E-6	53.258158E-3	755.67723E-6
103.20002E-3	53.737286E-3	800.62787E-6	53.142123E-3	768.28303E-6	53.647596E-3	830.14910E-6	53.445056E-3	740.89260E-6
103.80000E-3	53.918749E-3	751.79065E-6	53.306971E-3	748.83376E-6	53.792894E-3	882.16347E-6	53.583294E-3	833.00786E-6
104.40001E-3	54.153904E-3	767.93565E-6	53.555720E-3	822.77012E-6	53.935226E-3	836.69357E-6	53.720262E-3	877.11622E-6
105.00002E-3	54.313477E-3	871.12444E-6	53.700242E-3	895.19244E-6	54.166380E-3	746.56680E-6	53.874657E-3	845.05440E-6
105.60000E-3	54.477554E-3	868.59526E-6	53.831708E-3	818.18673E-6	54.344214E-3	752.39368E-6	53.990889E-3	762.48671E-6
106.20001E-3	54.586291E-3	823.95971E-6	53.985506E-3	743.40479E-6	54.507419E-3	843.14879E-6	54.068398E-3	745.80620E-6
106.80002E-3	54.674502E-3	730.46976E-6	54.206461E-3	742.61712E-6	54.623183E-3	880.49163E-6	54.229222E-3	835.08861E-6
107.40000E-3	54.720946E-3	767.52692E-6	54.361735E-3	831.61186E-6	54.810371E-3	813.82040E-6	54.397404E-3	884.51355E-6
108.00001E-3	54.866802E-3	831.21838E-6	54.469381E-3	867.18856E-6	54.924682E-3	747.12606E-6	54.532513E-3	811.55932E-6
108.60002E-3	54.958250E-3	884.63497E-6	54.593161E-3	790.03314E-6	55.089947E-3	805.44892E-6	54.700166E-3	732.64295E-6
109.20000E-3	55.071604E-3	835.29099E-6	54.674022E-3	698.66120E-6	55.253528E-3	874.77604E-6	54.852337E-3	750.83115E-6
109.80001E-3	55.152904E-3	749.73563E-6	54.747198E-3	762.57123E-6	55.452865E-3	872.96771E-6	54.985911E-3	823.83770E-6
110.40002E-3	55.270080E-3	759.51719E-6	54.822300E-3	847.57962E-6	55.645123E-3	775.64031E-6	55.094030E-3	886.92101E-6
111.00000E-3	55.429332E-3	819.17091E-6	54.915842E-3	876.97618E-6	55.828407E-3	725.42269E-6	55.237565E-3	812.50898E-6
111.60001E-3	55.498213E-3	878.10203E-6	55.100914E-3	761.34177E-6	56.031626E-3	790.08169E-6	55.393398E-3	740.56379E-6
112.19999E-3	55.594038E-3	869.44411E-6	55.257209E-3	747.07886E-6	56.175698E-3	871.34953E-6	55.527776E-3	760.39141E-6
112.80000E-3	55.739038E-3	776.29986E-6	55.408087E-3	798.55905E-6	56.319911E-3	858.83861E-6	55.668332E-3	821.67127E-6
113.40001E-3	55.847470E-3	735.54629E-6	55.554613E-3	859.75003E-6	56.494683E-3	764.20512E-6	55.807497E-3	868.71407E-6
113.99999E-3	56.108814E-3	802.19039E-6	55.710766E-3	845.75813E-6	56.600504E-3	734.68243E-6	55.978399E-3	835.67825E-6
114.60000E-3	56.243744E-3	864.88237E-6	55.812243E-3	756.96275E-6	56.779012E-3	820.28413E-6	56.112852E-3	737.87244E-6
115.20001E-3	56.393895E-3	862.96524E-6	55.897593E-3	735.19873E-6	56.880321E-3	885.64365E-6	56.303393E-3	754.19550E-6
115.79999E-3	56.555089E-3	808.90401E-6	56.069046E-3	832.72898E-6	57.014167E-3	834.51514E-6	56.432951E-3	880.10280E-6
116.40000E-3	56.722969E-3	720.26195E-6	56.215923E-3	878.12770E-6	57.133514E-3	743.96963E-6	56.561854E-3	886.89785E-6
117.00001E-3	56.877121E-3	772.14988E-6	56.370966E-3	837.76889E-6	57.286575E-3	739.40359E-6	56.693569E-3	796.45484E-6
117.59999E-3	57.033896E-3	839.56850E-6	56.493811E-3	753.93956E-6	57.459779E-3	835.09978E-6	56.858871E-3	756.78708E-6
118.20000E-3	57.140391E-3	878.51827E-6	56.615431E-3	741.79377E-6	57.573337E-3	879.37812E-6	56.974817E-3	777.02443E-6
118.80001E-3	57.286777E-3	834.86637E-6	56.807477E-3	831.46925E-6	57.669993E-3	793.26198E-6	57.136450E-3	843.53785E-6
119.39999E-3	57.390228E-3	759.62953E-6	56.968573E-3	877.94021E-6	57.762973E-3	717.98492E-6	57.350360E-3	878.41123E-6
120.00000E-3	57.541132E-3	766.61882E-6	57.109471E-3	792.56704E-6	57.863254E-3	787.87020E-6	57.513103E-3	804.83768E-6
120.60001E-3	57.662424E-3	798.19123E-6	57.272401E-3	727.36974E-6	58.013663E-3	846.55825E-6	57.621703E-3	711.64605E-6
121.20000E-3	57.787914E-3	863.81391E-6	57.384741E-3	775.65649E-6	58.130577E-3	842.00199E-6	57.822175E-3	777.34754E-6
121.80001E-3	58.051914E-3	854.14288E-6	57.532117E-3	859.01091E-6	58.271457E-3	790.78501E-6	57.953864E-3	854.65383E-6
122.40002E-3	58.157973E-3	764.29895E-6	57.638358E-3	883.11930E-6	58.412760E-3	734.78086E-6	58.094051E-3	867.82000E-6
123.00000E-3	58.242109E-3	712.99827E-6	57.786293E-3	804.03063E-6	58.518011E-3	801.29941E-6	58.215678E-3	795.65914E-6
123.60001E-3	58.334626E-3	784.99602E-6	57.938885E-3	721.44275E-6	58.666114E-3	867.47983E-6	58.344975E-3	733.40937E-6
124.20002E-3	58.452357E-3	885.39731E-6	58.119807E-3	786.98801E-6	58.780260E-3	849.72382E-6	58.486067E-3	786.74144E-6
124.80000E-3	58.569934E-3	878.95506E-6	58.190379E-3	854.18322E-6	58.937252E-3	784.01709E-6	58.648057E-3	857.93849E-6
125.40001E-3	58.652759E-3	819.20251E-6	58.326531E-3	877.44201E-6	59.067439E-3	743.19681E-6	58.835350E-3	864.23010E-6
126.00002E-3	58.798324E-3	750.10170E-6	58.460325E-3	786.47799E-6	59.157927E-3	808.16832E-6	58.982376E-3	800.20865E-6
126.60000E-3	58.981612E-3	778.57869E-6	58.621608E-3	716.26925E-6	59.275184E-3	881.62639E-6	59.130263E-3	735.04687E-6
127.20001E-3	59.218667E-3	845.41069E-6	58.741849E-3	758.76602E-6	59.403770E-3	866.64868E-6	59.311692E-3	793.75744E-6
127.80002E-3	59.395701E-3	875.15370E-6	59.124753E-3	855.91391E-6	59.552219E-3	740.86431E-6	59.417024E-3	861.59958E-6
128.40000E-3	59.640802E-3	837.20795E-6	59.284747E-3	848.37631E-6	59.710257E-3	735.57184E-6	59.580449E-3	855.79569E-6
129.00001E-3	59.856910E-3	765.63982E-6	59.436653E-3	797.01707E-6	59.866972E-3	827.10729E-6	59.699487E-3	789.57417E-6
129.60002E-3	60.055010E-3	744.39310E-6	59.586126E-3	746.64201E-6	60.013954E-3	883.27174E-6	59.867937E-3	740.52636E-6
130.20000E-3	60.240705E-3	806.16621E-6	60.040746E-3	821.00346E-6	60.204133E-3	840.27584E-6	59.995856E-3	779.29255E-6
130.80001E-3	60.413435E-3	867.13757E-6	60.266361E-3	873.51858E-6	60.314868E-3	748.29633E-6	60.090408E-3	873.19862E-6
131.40002E-3	60.587637E-3	864.25751E-6	60.352959E-3	873.63448E-6	60.462527E-3	745.97553E-6	60.248177E-3	851.23407E-6
132.00000E-3	60.711592E-3	763.90809E-6	60.489945E-3	787.56257E-6	60.542297E-3	836.76813E-6	60.413100E-3	774.70759E-6
132.60001E-3	60.718801E-3	718.74779E-6	60.628235E-3	730.15672E-6	60.702197E-3	897.51981E-6	60.643621E-3	751.29879E-6
133.20002E-3	60.873125E-3	799.62827E-6	60.497683E-3	782.31515E-6	60.679875E-3	845.81011E-6	60.777977E-3	798.80172E-6
133.80000E-3	61.012845E-3	864.46264E-6	60.646921E-3	880.39372E-6	60.860060E-3	725.21024E-6	60.912218E-3	873.15706E-6
134.40001E-3	61.246343E-3	871.44016E-6	60.776580E-3	842.53494E-6	61.030116E-3	747.31524E-6	61.007269E-3	836.87156E-6
135.00002E-3	61.419729E-3	795.78714E-6	60.928665E-3	770.28241E-6	61.203320E-3	840.34482E-6	61.183698E-3	783.41254E-6
135.60000E-3	61.596993E-3	742.62841E-6	61.371189E-3	740.05337E-6	61.649859E-3	868.14183E-6	61.300177E-3	760.94456E-6
136.20001E-3	61.682221E-3	744.34717E-6	61.547305E-3	820.65607E-6	61.815176E-3	828.00060E-6	61.450943E-3	821.01166E-6
136.80002E-3	61.851233E-3	842.51165E-6	61.467241E-3	889.74932E-6	61.953332E-3	738.65964E-6	61.627161E-3	889.66487E-6
137.40000E-3	61.971277E-3	866.18669E-6	61.609447E-3	837.52815E-6	62.052164E-3	762.67571E-6	61.758772E-3	838.99527E-6
138.00001E-3	62.133707E-3	811.53953E-6	61.763573E-3	769.80243E-6	62.193073E-3	839.46716E-6	61.922200E-3	763.87846E-6
138.60002E-3	62.290024E-3	742.74285E-6	61.868761E-3	723.19625E-6	62.341414E-3	871.23545E-6	62.092844E-3	750.65513E-6
139.20000E-3	62.476985E-3	743.47516E-6	62.003959E-3	800.16529E-6	62.536962E-3	823.49672E-6	62.267557E-3	815.76157E-6
139.80001E-3	62.637031E-3	840.28160E-6	62.128745E-3	865.44629E-6	62.719204E-3	768.27744E-6	62.377788E-3	860.93170E-6
140.40002E-3	62.787041E-3	886.12345E-6	62.307976E-3	852.89800E-6	62.845729E-3	731.45324E-6	62.485520E-3	831.17397E-6
141.00000E-3	62.945127E-3	843.78215E-6	62.434204E-3	766.90427E-6	63.036017E-3	837.29404E-6	62.636264E-3	754.49253E-6
141.60001E-3	63.081935E-3	775.27121E-6	62.571369E-3	727.35013E-6	63.220352E-3	869.98777E-6	62.771961E-3	749.40949E-6
142.19999E-3	63.208923E-3	718.77503E-6	62.770858E-3	799.75236E-6	63.342363E-3	828.82826E-6	62.893443E-3	824.88742E-6
142.80000E-3	63.399129E-3	806.10946E-6	62.912911E-3	850.43436E-6	63.501917E-3	750.51951E-6	63.059896E-3	888.07079E-6
143.40001E-3	63.549429E-3	868.75207E-6	63.079365E-3	850.97569E-6	63.633375E-3	754.19794E-6	63.215256E-3	833.17165E-6
143.99999E-3	63.726172E-3	867.62203E-6	63.208468E-3	749.70280E-6	63.843228E-3	828.42301E-6	63.423492E-3	741.00174E-6
144.60000E-3	63.907251E-3	778.78346E-6	63.412204E-3	754.74184E-6	63.977197E-3	882.44362E-6	63.550033E-3	776.58897E-6
145.20001E-3	64.045094E-3	760.08047E-6	63.521810E-3	798.26638E-6	64.160302E-3	833.25757E-6	63.506760E-3	831.21541E-6
145.79999E-3	64.240798E-3	795.62969E-6	63.682683E-3	866.67540E-6	64.369246E-3	773.46823E-6	63.650236E-3	898.19130E-6
146.40000E-3	64.429857E-3	883.77955E-6	63.841611E-3	840.52060E-6	64.587645E-3	738.71796E-6	63.810259E-3	836.12686E-6
147.00001E-3	64.636722E-3	878.18812E-6	64.004935E-3	742.42224E-6	64.879686E-3	842.71363E-6	63.936174E-3	770.97520E-6
147.60000E-3	64.786337E-3	784.00789E-6	64.164668E-3	767.47150E-6	65.089114E-3	886.87340E-6	64.071275E-3	766.66154E-6
148.20001E-3	64.932652E-3	732.47682E-6	64.299807E-3	832.45023E-6	65.279268E-3	863.00657E-6	64.198159E-3	861.37647E-6
148.80002E-3	65.075658E-3	764.05832E-6	64.429298E-3	883.66499E-6	65.450825E-3	775.16149E-6	64.331762E-3	883.90405E-6
149.40000E-3	65.249331E-3	868.46523E-6	64.519405E-3	850.05147E-6	65.579988E-3	735.79373E-6	64.490765E-3	813.07272E-6
150.00001E-3	65.424837E-3	859.42727E-6	64.706393E-3	751.49973E-6	65.713100E-3	780.21776E-6	64.700931E-3	762.23520E-6
