Experiment	Sweeper	
Saved Date	30.06.2023 14:07:13	
User		
Date		
Start time	30.06.2023 14:06:12	
Sweep channel: Name	Output 3 (V)	
Sweep channel: Start (V)	-150E-3	
Sweep channel: Stop (V)	150E-3	
Sweep channel: Points	501	
Sweep channel: Max slew rate (V/s)	Inf	
Sweep channel: Initial settling time (s)	20E+3	
Sweep channel: End settling time (s)	2E+0	
Sweep channel: Backward sweep	TRUE	
Sweep channel: Number of sweeps	2	
Sweep channel: Reset	FALSE	
Step channel 1: Name	Output 2 (V)	
Step channel 1: Start (V)	90E-6	
Step channel 1: Stop (V)	90E-6	
Step channel 1: Points	2	
Step channel 1: Max slew rate (V/s)	10E+0	
Step channel 1:  Initial settling time (s)	2E+0	
Step channel 1: End settling time (s)	2E+0	
Step channel 1: Backward sweep	FALSE	
Step channel 1: Reset	FALSE	
Sweep Type	2D-Both RT	
Acquire channels	Input 1 (V);LI Demod 3 X (V)	
Filter type	None	
Order		
Cutoff frq		

[DATA]
Output 3 Setp. (V)	Input 1 [00001] (V)	LI Demod 3 X [00001] (V)	Input 1 [00001] [bwd] (V)	LI Demod 3 X [00001] [bwd] (V)
-150.00001E-3	-4.4520511E-3	781.16643E-6	-0.0000000E+0	NaN
-149.40001E-3	-4.2468151E-3	875.44456E-6	-0.0000000E+0	NaN
-148.80000E-3	-4.0776758E-3	897.35433E-6	-0.0000000E+0	NaN
-148.20001E-3	-3.8837069E-3	829.78804E-6	-0.0000000E+0	NaN
-147.60001E-3	-3.7238263E-3	766.99950E-6	-0.0000000E+0	NaN
-147.00000E-3	-3.5673813E-3	744.79595E-6	-0.0000000E+0	NaN
-146.40000E-3	-3.3343574E-3	793.85383E-6	-0.0000000E+0	NaN
-145.80001E-3	-3.1462498E-3	884.43013E-6	-0.0000000E+0	NaN
-145.20000E-3	-2.9112732E-3	885.87141E-6	-0.0000000E+0	NaN
-144.60000E-3	-2.7780016E-3	816.29230E-6	-0.0000000E+0	NaN
-144.00001E-3	-2.6884510E-3	772.81607E-6	-0.0000000E+0	NaN
-143.40000E-3	-2.6147857E-3	737.43967E-6	-0.0000000E+0	NaN
-142.80000E-3	-2.5834315E-3	785.64096E-6	-0.0000000E+0	NaN
-142.20001E-3	-2.5423998E-3	857.30496E-6	-0.0000000E+0	NaN
-141.60001E-3	-2.4062255E-3	865.44687E-6	-0.0000000E+0	NaN
-141.00000E-3	-2.3296208E-3	810.04971E-6	-0.0000000E+0	NaN
-140.40001E-3	-2.1247240E-3	752.47569E-6	-0.0000000E+0	NaN
-139.80001E-3	-2.0407250E-3	754.48572E-6	-0.0000000E+0	NaN
-139.20000E-3	-1.9161620E-3	830.76872E-6	-0.0000000E+0	NaN
-138.60001E-3	-1.7413703E-3	860.11551E-6	-0.0000000E+0	NaN
-138.00001E-3	-1.5940341E-3	873.64612E-6	-0.0000000E+0	NaN
-137.40000E-3	-1.5523999E-3	819.21136E-6	-0.0000000E+0	NaN
-136.80001E-3	-1.5641414E-3	759.29443E-6	-0.0000000E+0	NaN
-136.20001E-3	-1.4852149E-3	757.27171E-6	-0.0000000E+0	NaN
-135.60000E-3	-1.4020574E-3	828.39263E-6	-0.0000000E+0	NaN
-135.00001E-3	-1.1825323E-3	881.75235E-6	-0.0000000E+0	NaN
-134.40001E-3	-933.25070E-6	863.03131E-6	-0.0000000E+0	NaN
-133.80000E-3	-655.47257E-6	775.41417E-6	-0.0000000E+0	NaN
-133.20000E-3	-442.50538E-6	745.76476E-6	-0.0000000E+0	NaN
-132.60001E-3	-185.02006E-6	748.96577E-6	-0.0000000E+0	NaN
-132.00000E-3	8.2684464E-6	824.48527E-6	-0.0000000E+0	NaN
-131.40000E-3	169.53384E-6	875.75265E-6	-0.0000000E+0	NaN
-130.80001E-3	328.13521E-6	851.80911E-6	-0.0000000E+0	NaN
-130.20000E-3	456.73896E-6	771.33905E-6	0.0000000E+0	NaN
-129.60000E-3	658.20687E-6	742.99547E-6	0.0000000E+0	NaN
-129.00001E-3	767.00066E-6	776.04054E-6	0.0000000E+0	NaN
-128.40000E-3	910.51421E-6	856.21013E-6	0.0000000E+0	NaN
-127.80000E-3	1.1205787E-3	896.88704E-6	0.0000000E+0	NaN
-127.20001E-3	1.3774749E-3	846.08229E-6	0.0000000E+0	NaN
-126.60000E-3	1.6420410E-3	767.39286E-6	0.0000000E+0	NaN
-126.00000E-3	1.8412184E-3	752.93361E-6	0.0000000E+0	NaN
-125.40001E-3	1.9800740E-3	801.34184E-6	0.0000000E+0	NaN
-124.80000E-3	2.0664257E-3	876.25452E-6	0.0000000E+0	NaN
-124.20000E-3	2.1082421E-3	867.47925E-6	0.0000000E+0	NaN
-123.60001E-3	2.1402445E-3	813.85329E-6	0.0000000E+0	NaN
-123.00000E-3	2.2011029E-3	740.55936E-6	0.0000000E+0	NaN
-122.40000E-3	2.2586025E-3	752.20829E-6	0.0000000E+0	NaN
-121.80001E-3	2.3788919E-3	813.54578E-6	0.0000000E+0	NaN
-121.20000E-3	2.4961049E-3	883.27931E-6	0.0000000E+0	NaN
-120.60000E-3	2.6069868E-3	848.47055E-6	0.0000000E+0	NaN
-120.00000E-3	2.8163348E-3	787.17840E-6	0.0000000E+0	NaN
-119.40000E-3	2.9261066E-3	748.01280E-6	0.0000000E+0	NaN
-118.80001E-3	3.0753491E-3	765.42661E-6	0.0000000E+0	NaN
-118.20000E-3	3.2267536E-3	841.43941E-6	0.0000000E+0	NaN
-117.60001E-3	3.3163738E-3	883.39415E-6	0.0000000E+0	NaN
-117.00001E-3	3.3961481E-3	826.67154E-6	0.0000000E+0	NaN
-116.40000E-3	3.4101235E-3	772.87835E-6	0.0000000E+0	NaN
-115.80001E-3	3.4561432E-3	736.05229E-6	0.0000000E+0	NaN
-115.20001E-3	3.5699375E-3	775.81080E-6	0.0000000E+0	NaN
-114.60000E-3	3.7466255E-3	837.84590E-6	0.0000000E+0	NaN
-114.00001E-3	4.0001282E-3	870.08299E-6	0.0000000E+0	NaN
-113.40000E-3	4.1978415E-3	832.29865E-6	0.0000000E+0	NaN
-112.80000E-3	4.4160504E-3	756.83708E-6	0.0000000E+0	NaN
-112.20001E-3	4.6464475E-3	744.82796E-6	0.0000000E+0	NaN
-111.60000E-3	4.7888509E-3	796.25944E-6	0.0000000E+0	NaN
-111.00000E-3	4.9439440E-3	882.79124E-6	0.0000000E+0	NaN
-110.40001E-3	5.1079206E-3	884.83235E-6	0.0000000E+0	NaN
-109.80000E-3	5.2424967E-3	821.01481E-6	0.0000000E+0	NaN
-109.20000E-3	5.3895186E-3	737.68577E-6	0.0000000E+0	NaN
-108.60001E-3	5.5939052E-3	767.58221E-6	0.0000000E+0	NaN
-108.00000E-3	5.7904208E-3	810.70373E-6	0.0000000E+0	NaN
-107.40000E-3	5.9342566E-3	877.85831E-6	0.0000000E+0	NaN
-106.80000E-3	6.1609866E-3	856.13475E-6	0.0000000E+0	NaN
-106.20000E-3	6.4052423E-3	783.01330E-6	0.0000000E+0	NaN
-105.60000E-3	6.6424790E-3	723.99288E-6	0.0000000E+0	NaN
-105.00000E-3	6.8211355E-3	753.67186E-6	0.0000000E+0	NaN
-104.40001E-3	6.8992041E-3	835.96038E-6	0.0000000E+0	NaN
-103.80000E-3	6.9262800E-3	874.43693E-6	0.0000000E+0	NaN
-103.20000E-3	6.9586546E-3	832.60849E-6	0.0000000E+0	NaN
-102.60001E-3	6.9960165E-3	770.12915E-6	0.0000000E+0	NaN
-102.00001E-3	7.0902631E-3	731.25924E-6	0.0000000E+0	NaN
-101.40000E-3	7.2632949E-3	782.55305E-6	0.0000000E+0	NaN
-100.80001E-3	7.3983464E-3	846.26593E-6	0.0000000E+0	NaN
-100.20000E-3	7.5414968E-3	882.33151E-6	0.0000000E+0	NaN
-99.600002E-3	7.7101113E-3	845.65644E-6	0.0000000E+0	NaN
-99.000007E-3	7.7732657E-3	761.64672E-6	0.0000000E+0	NaN
-98.400004E-3	7.9300506E-3	721.56457E-6	0.0000000E+0	NaN
-97.800002E-3	7.9247048E-3	805.78163E-6	0.0000000E+0	NaN
-97.200006E-3	8.0333687E-3	873.32597E-6	0.0000000E+0	NaN
-96.600004E-3	8.0865165E-3	885.46862E-6	0.0000000E+0	NaN
-96.000001E-3	8.2089566E-3	820.20287E-6	0.0000000E+0	NaN
-95.400006E-3	8.3781779E-3	753.18548E-6	0.0000000E+0	NaN
-94.800003E-3	8.5092867E-3	749.69273E-6	0.0000000E+0	NaN
-94.200000E-3	8.6817555E-3	817.43026E-6	0.0000000E+0	NaN
-93.600005E-3	8.8472217E-3	885.28707E-6	0.0000000E+0	NaN
-93.000002E-3	9.1336193E-3	882.26586E-6	0.0000000E+0	NaN
-92.399999E-3	9.3988795E-3	819.48709E-6	0.0000000E+0	NaN
-91.800004E-3	9.6398015E-3	765.72748E-6	0.0000000E+0	NaN
-91.200002E-3	9.7943479E-3	771.04912E-6	0.0000000E+0	NaN
-90.599999E-3	9.9960929E-3	844.71540E-6	0.0000000E+0	NaN
-90.000004E-3	10.156320E-3	870.87421E-6	0.0000000E+0	NaN
-89.400008E-3	10.357580E-3	873.07236E-6	0.0000000E+0	NaN
-88.799998E-3	10.514881E-3	801.12950E-6	0.0000000E+0	NaN
-88.200003E-3	10.655376E-3	749.12090E-6	0.0000000E+0	NaN
-87.600008E-3	10.822263E-3	767.78559E-6	0.0000000E+0	NaN
-87.000005E-3	11.051600E-3	858.66539E-6	0.0000000E+0	NaN
-86.400002E-3	11.383370E-3	891.57547E-6	0.0000000E+0	NaN
-85.800000E-3	11.543763E-3	870.39091E-6	0.0000000E+0	NaN
-85.200004E-3	11.869388E-3	795.01758E-6	0.0000000E+0	NaN
-84.600002E-3	11.969958E-3	766.10775E-6	0.0000000E+0	NaN
-84.000006E-3	12.052677E-3	807.10067E-6	0.0000000E+0	NaN
-83.400004E-3	12.088199E-3	846.02449E-6	0.0000000E+0	NaN
-82.800001E-3	12.141944E-3	899.88578E-6	0.0000000E+0	NaN
-82.200006E-3	12.232129E-3	875.20119E-6	0.0000000E+0	NaN
-81.600003E-3	12.391583E-3	811.94658E-6	0.0000000E+0	NaN
-81.000000E-3	12.514596E-3	762.45371E-6	0.0000000E+0	NaN
-80.400005E-3	12.658264E-3	781.79705E-6	0.0000000E+0	NaN
-79.800002E-3	12.796712E-3	863.49814E-6	0.0000000E+0	NaN
-79.200000E-3	13.051442E-3	884.37647E-6	0.0000000E+0	NaN
-78.600004E-3	13.161745E-3	855.59313E-6	0.0000000E+0	NaN
-78.000002E-3	13.083267E-3	778.31751E-6	0.0000000E+0	NaN
-77.399999E-3	13.178624E-3	768.35160E-6	0.0000000E+0	NaN
-76.800004E-3	13.188684E-3	810.47817E-6	0.0000000E+0	NaN
-76.200001E-3	13.250905E-3	891.09904E-6	0.0000000E+0	NaN
-75.600006E-3	13.366865E-3	898.82780E-6	0.0000000E+0	NaN
-75.000003E-3	13.626992E-3	871.61583E-6	0.0000000E+0	NaN
-74.400000E-3	13.867801E-3	818.23830E-6	0.0000000E+0	NaN
-73.800005E-3	14.137856E-3	780.23289E-6	0.0000000E+0	NaN
-73.200002E-3	14.377846E-3	828.05339E-6	0.0000000E+0	NaN
-72.600000E-3	14.586232E-3	905.12150E-6	0.0000000E+0	NaN
-72.000004E-3	14.803548E-3	918.39192E-6	0.0000000E+0	NaN
-71.400002E-3	14.944269E-3	861.64515E-6	0.0000000E+0	NaN
-70.799999E-3	15.088744E-3	804.90008E-6	0.0000000E+0	NaN
-70.200004E-3	15.218657E-3	812.03436E-6	0.0000000E+0	NaN
-69.600001E-3	15.426026E-3	886.02415E-6	0.0000000E+0	NaN
-69.000006E-3	15.401945E-3	935.74601E-6	0.0000000E+0	NaN
-68.400003E-3	15.620398E-3	934.43267E-6	0.0000000E+0	NaN
-67.800000E-3	15.906043E-3	894.51135E-6	0.0000000E+0	NaN
-67.200005E-3	16.146962E-3	813.84869E-6	0.0000000E+0	NaN
-66.600002E-3	16.366338E-3	821.66563E-6	0.0000000E+0	NaN
-66.000000E-3	16.470071E-3	883.39340E-6	0.0000000E+0	NaN
-65.400004E-3	16.444465E-3	940.47794E-6	0.0000000E+0	NaN
-64.800002E-3	16.533516E-3	928.84898E-6	0.0000000E+0	NaN
-64.199999E-3	16.552174E-3	885.60162E-6	0.0000000E+0	NaN
-63.600004E-3	16.621230E-3	815.06779E-6	0.0000000E+0	NaN
-63.000001E-3	18.166542E-3	856.84215E-6	0.0000000E+0	NaN
-62.399998E-3	30.442012E-3	2.1663109E-6	0.0000000E+0	NaN
-61.800003E-3	-4.8278598E-3	820.38628E-6	0.0000000E+0	NaN
-61.200000E-3	-4.5745615E-3	843.15531E-6	0.0000000E+0	NaN
-60.600005E-3	-4.3767579E-3	768.95242E-6	0.0000000E+0	NaN
-60.000002E-3	-4.1540978E-3	751.46218E-6	0.0000000E+0	NaN
-59.400000E-3	-3.9686603E-3	771.26245E-6	0.0000000E+0	NaN
-58.800004E-3	-3.7651726E-3	862.04393E-6	0.0000000E+0	NaN
-58.200002E-3	-3.4364290E-3	870.17281E-6	0.0000000E+0	NaN
-57.599999E-3	-3.1377343E-3	844.11335E-6	0.0000000E+0	NaN
-57.000004E-3	-2.8635552E-3	779.13242E-6	0.0000000E+0	NaN
-56.400001E-3	-2.5947264E-3	724.74580E-6	0.0000000E+0	NaN
-55.799998E-3	-2.4025072E-3	788.14087E-6	0.0000000E+0	NaN
-55.200003E-3	-2.3075365E-3	863.39569E-6	0.0000000E+0	NaN
-54.600000E-3	-2.2268174E-3	891.75417E-6	0.0000000E+0	NaN
-54.000005E-3	-2.1295550E-3	836.67785E-6	0.0000000E+0	NaN
-53.400002E-3	-1.9924019E-3	755.53480E-6	0.0000000E+0	NaN
-52.800000E-3	-1.7899022E-3	747.63288E-6	0.0000000E+0	NaN
-52.200004E-3	-1.6003371E-3	774.65113E-6	0.0000000E+0	NaN
-51.600002E-3	-1.4012707E-3	869.61145E-6	0.0000000E+0	NaN
-50.999999E-3	-1.1706091E-3	900.38811E-6	0.0000000E+0	NaN
-50.400004E-3	-959.86435E-6	828.43850E-6	0.0000000E+0	NaN
-49.800001E-3	-761.97478E-6	747.24405E-6	0.0000000E+0	NaN
-49.199998E-3	-574.77504E-6	756.03556E-6	0.0000000E+0	NaN
-48.600003E-3	-456.56800E-6	796.17871E-6	0.0000000E+0	NaN
-48.000000E-3	-358.87817E-6	878.72887E-6	0.0000000E+0	NaN
-47.399998E-3	-249.01386E-6	887.64093E-6	0.0000000E+0	NaN
-46.800002E-3	-50.337720E-6	801.94790E-6	0.0000000E+0	NaN
-46.200000E-3	315.63663E-6	738.03152E-6	0.0000000E+0	NaN
-45.600004E-3	645.30841E-6	756.19441E-6	0.0000000E+0	NaN
-45.000002E-3	960.58985E-6	821.41545E-6	0.0000000E+0	NaN
-44.399999E-3	1.2585483E-3	853.35854E-6	0.0000000E+0	NaN
-43.800004E-3	1.5002091E-3	851.21067E-6	0.0000000E+0	NaN
-43.200001E-3	1.7272379E-3	802.68545E-6	0.0000000E+0	NaN
-42.599998E-3	1.9740192E-3	739.30644E-6	0.0000000E+0	NaN
-42.000003E-3	2.1652603E-3	751.10758E-6	0.0000000E+0	NaN
-41.400000E-3	2.3499136E-3	817.53102E-6	0.0000000E+0	NaN
-40.799998E-3	2.5746701E-3	891.52151E-6	0.0000000E+0	NaN
-40.200002E-3	2.7946439E-3	868.81121E-6	0.0000000E+0	NaN
-39.600000E-3	3.0598685E-3	790.94782E-6	0.0000000E+0	NaN
-38.999997E-3	3.3510011E-3	759.59472E-6	0.0000000E+0	NaN
-38.400002E-3	3.6935839E-3	757.98068E-6	0.0000000E+0	NaN
-37.799999E-3	3.9372831E-3	837.07977E-6	0.0000000E+0	NaN
-37.200004E-3	4.1364925E-3	873.05292E-6	0.0000000E+0	NaN
-36.600001E-3	4.2562974E-3	850.60467E-6	0.0000000E+0	NaN
-35.999998E-3	0.0000000E+0	NaN	0.0000000E+0	NaN
-35.400003E-3	0.0000000E+0	NaN	0.0000000E+0	NaN
-34.800000E-3	0.0000000E+0	NaN	0.0000000E+0	NaN
-34.199998E-3	0.0000000E+0	NaN	0.0000000E+0	NaN
-33.600003E-3	0.0000000E+0	NaN	0.0000000E+0	NaN
-33.000000E-3	0.0000000E+0	NaN	0.0000000E+0	NaN
-32.399997E-3	0.0000000E+0	NaN	0.0000000E+0	NaN
-31.800002E-3	0.0000000E+0	NaN	0.0000000E+0	NaN
-31.199999E-3	0.0000000E+0	NaN	0.0000000E+0	NaN
-30.600004E-3	0.0000000E+0	NaN	0.0000000E+0	NaN
-30.000001E-3	0.0000000E+0	NaN	0.0000000E+0	NaN
-29.399998E-3	0.0000000E+0	NaN	0.0000000E+0	NaN
-28.800003E-3	0.0000000E+0	NaN	0.0000000E+0	NaN
-28.200001E-3	0.0000000E+0	NaN	0.0000000E+0	NaN
-27.599998E-3	0.0000000E+0	NaN	0.0000000E+0	NaN
-27.000003E-3	0.0000000E+0	NaN	0.0000000E+0	NaN
-26.400000E-3	0.0000000E+0	NaN	0.0000000E+0	NaN
-25.799997E-3	0.0000000E+0	NaN	0.0000000E+0	NaN
-25.200002E-3	0.0000000E+0	NaN	0.0000000E+0	NaN
-24.599999E-3	0.0000000E+0	NaN	0.0000000E+0	NaN
-24.000004E-3	0.0000000E+0	NaN	0.0000000E+0	NaN
-23.399994E-3	0.0000000E+0	NaN	0.0000000E+0	NaN
-22.799999E-3	0.0000000E+0	NaN	0.0000000E+0	NaN
-22.200003E-3	0.0000000E+0	NaN	0.0000000E+0	NaN
-21.599993E-3	0.0000000E+0	NaN	0.0000000E+0	NaN
-20.999998E-3	0.0000000E+0	NaN	0.0000000E+0	NaN
-20.400003E-3	0.0000000E+0	NaN	0.0000000E+0	NaN
-19.799992E-3	0.0000000E+0	NaN	0.0000000E+0	NaN
-19.199997E-3	0.0000000E+0	NaN	0.0000000E+0	NaN
-18.600002E-3	0.0000000E+0	NaN	0.0000000E+0	NaN
-18.000007E-3	0.0000000E+0	NaN	0.0000000E+0	NaN
-17.399997E-3	0.0000000E+0	NaN	0.0000000E+0	NaN
-16.800001E-3	0.0000000E+0	NaN	0.0000000E+0	NaN
-16.200006E-3	0.0000000E+0	NaN	0.0000000E+0	NaN
-15.599996E-3	0.0000000E+0	NaN	0.0000000E+0	NaN
-15.000001E-3	0.0000000E+0	NaN	0.0000000E+0	NaN
-14.400005E-3	0.0000000E+0	NaN	0.0000000E+0	NaN
-13.799995E-3	0.0000000E+0	NaN	0.0000000E+0	NaN
-13.200000E-3	0.0000000E+0	NaN	0.0000000E+0	NaN
-12.600005E-3	0.0000000E+0	NaN	0.0000000E+0	NaN
-11.999995E-3	0.0000000E+0	NaN	0.0000000E+0	NaN
-11.399999E-3	0.0000000E+0	NaN	0.0000000E+0	NaN
-10.800004E-3	0.0000000E+0	NaN	0.0000000E+0	NaN
-10.199994E-3	0.0000000E+0	NaN	0.0000000E+0	NaN
-9.5999986E-3	0.0000000E+0	NaN	0.0000000E+0	NaN
-9.0000033E-3	0.0000000E+0	NaN	0.0000000E+0	NaN
-8.3999932E-3	0.0000000E+0	NaN	0.0000000E+0	NaN
-7.7999979E-3	0.0000000E+0	NaN	0.0000000E+0	NaN
-7.2000027E-3	0.0000000E+0	NaN	0.0000000E+0	NaN
-6.5999925E-3	0.0000000E+0	NaN	0.0000000E+0	NaN
-5.9999973E-3	0.0000000E+0	NaN	0.0000000E+0	NaN
-5.4000020E-3	0.0000000E+0	NaN	0.0000000E+0	NaN
-4.7999918E-3	0.0000000E+0	NaN	0.0000000E+0	NaN
-4.1999966E-3	0.0000000E+0	NaN	0.0000000E+0	NaN
-3.6000013E-3	0.0000000E+0	NaN	0.0000000E+0	NaN
-3.0000061E-3	0.0000000E+0	NaN	0.0000000E+0	NaN
-2.3999959E-3	0.0000000E+0	NaN	0.0000000E+0	NaN
-1.8000007E-3	0.0000000E+0	NaN	0.0000000E+0	NaN
-1.2000054E-3	0.0000000E+0	NaN	0.0000000E+0	NaN
-599.99526E-6	0.0000000E+0	NaN	0.0000000E+0	NaN
0.0000000E+0	0.0000000E+0	NaN	0.0000000E+0	NaN
599.99526E-6	0.0000000E+0	NaN	0.0000000E+0	NaN
1.2000054E-3	0.0000000E+0	NaN	0.0000000E+0	NaN
1.8000007E-3	0.0000000E+0	NaN	0.0000000E+0	NaN
2.3999959E-3	0.0000000E+0	NaN	0.0000000E+0	NaN
3.0000061E-3	0.0000000E+0	NaN	0.0000000E+0	NaN
3.6000013E-3	0.0000000E+0	NaN	0.0000000E+0	NaN
4.1999966E-3	0.0000000E+0	NaN	0.0000000E+0	NaN
4.8000067E-3	0.0000000E+0	NaN	0.0000000E+0	NaN
5.4000020E-3	0.0000000E+0	NaN	0.0000000E+0	NaN
5.9999973E-3	0.0000000E+0	NaN	0.0000000E+0	NaN
6.6000074E-3	0.0000000E+0	NaN	0.0000000E+0	NaN
7.2000027E-3	0.0000000E+0	NaN	0.0000000E+0	NaN
7.7999979E-3	0.0000000E+0	NaN	0.0000000E+0	NaN
8.4000081E-3	0.0000000E+0	NaN	0.0000000E+0	NaN
9.0000033E-3	0.0000000E+0	NaN	0.0000000E+0	NaN
9.5999986E-3	0.0000000E+0	NaN	0.0000000E+0	NaN
10.200009E-3	0.0000000E+0	NaN	0.0000000E+0	NaN
10.800004E-3	0.0000000E+0	NaN	0.0000000E+0	NaN
11.399999E-3	0.0000000E+0	NaN	0.0000000E+0	NaN
11.999995E-3	0.0000000E+0	NaN	0.0000000E+0	NaN
12.600005E-3	0.0000000E+0	NaN	0.0000000E+0	NaN
13.200000E-3	0.0000000E+0	NaN	0.0000000E+0	NaN
13.799995E-3	0.0000000E+0	NaN	0.0000000E+0	NaN
14.400005E-3	0.0000000E+0	NaN	0.0000000E+0	NaN
15.000001E-3	0.0000000E+0	NaN	0.0000000E+0	NaN
15.599996E-3	0.0000000E+0	NaN	0.0000000E+0	NaN
16.200006E-3	0.0000000E+0	NaN	0.0000000E+0	NaN
16.800001E-3	0.0000000E+0	NaN	0.0000000E+0	NaN
17.399997E-3	0.0000000E+0	NaN	0.0000000E+0	NaN
18.000007E-3	0.0000000E+0	NaN	0.0000000E+0	NaN
18.600002E-3	0.0000000E+0	NaN	0.0000000E+0	NaN
19.199997E-3	0.0000000E+0	NaN	0.0000000E+0	NaN
19.800007E-3	0.0000000E+0	NaN	0.0000000E+0	NaN
20.400003E-3	0.0000000E+0	NaN	0.0000000E+0	NaN
20.999998E-3	0.0000000E+0	NaN	0.0000000E+0	NaN
21.600008E-3	0.0000000E+0	NaN	0.0000000E+0	NaN
22.200003E-3	0.0000000E+0	NaN	0.0000000E+0	NaN
22.799999E-3	0.0000000E+0	NaN	0.0000000E+0	NaN
23.400009E-3	0.0000000E+0	NaN	0.0000000E+0	NaN
24.000004E-3	0.0000000E+0	NaN	0.0000000E+0	NaN
24.599999E-3	0.0000000E+0	NaN	0.0000000E+0	NaN
25.200009E-3	0.0000000E+0	NaN	0.0000000E+0	NaN
25.800005E-3	0.0000000E+0	NaN	0.0000000E+0	NaN
26.400000E-3	0.0000000E+0	NaN	0.0000000E+0	NaN
26.999995E-3	0.0000000E+0	NaN	0.0000000E+0	NaN
27.600005E-3	0.0000000E+0	NaN	0.0000000E+0	NaN
28.200001E-3	0.0000000E+0	NaN	0.0000000E+0	NaN
28.799996E-3	0.0000000E+0	NaN	0.0000000E+0	NaN
29.400006E-3	0.0000000E+0	NaN	0.0000000E+0	NaN
30.000001E-3	0.0000000E+0	NaN	0.0000000E+0	NaN
30.599996E-3	0.0000000E+0	NaN	0.0000000E+0	NaN
31.200007E-3	0.0000000E+0	NaN	0.0000000E+0	NaN
31.800002E-3	0.0000000E+0	NaN	0.0000000E+0	NaN
32.399997E-3	0.0000000E+0	NaN	0.0000000E+0	NaN
33.000007E-3	0.0000000E+0	NaN	0.0000000E+0	NaN
33.600003E-3	0.0000000E+0	NaN	0.0000000E+0	NaN
34.199998E-3	0.0000000E+0	NaN	0.0000000E+0	NaN
34.800008E-3	0.0000000E+0	NaN	0.0000000E+0	NaN
35.400003E-3	0.0000000E+0	NaN	0.0000000E+0	NaN
35.999998E-3	0.0000000E+0	NaN	0.0000000E+0	NaN
36.600009E-3	0.0000000E+0	NaN	0.0000000E+0	-0.0000000E+0
37.200004E-3	0.0000000E+0	NaN	0.0000000E+0	-0.0000000E+0
37.799999E-3	0.0000000E+0	NaN	0.0000000E+0	-0.0000000E+0
38.400009E-3	0.0000000E+0	NaN	0.0000000E+0	0.0000000E+0
39.000005E-3	0.0000000E+0	NaN	0.0000000E+0	0.0000000E+0
39.600000E-3	0.0000000E+0	NaN	0.0000000E+0	-0.0000000E+0
40.200010E-3	0.0000000E+0	NaN	0.0000000E+0	-0.0000000E+0
40.800005E-3	0.0000000E+0	NaN	0.0000000E+0	0.0000000E+0
41.400000E-3	0.0000000E+0	NaN	0.0000000E+0	0.0000000E+0
41.999996E-3	0.0000000E+0	NaN	0.0000000E+0	0.0000000E+0
42.600006E-3	0.0000000E+0	NaN	0.0000000E+0	-0.0000000E+0
43.200001E-3	0.0000000E+0	NaN	0.0000000E+0	-0.0000000E+0
43.799996E-3	0.0000000E+0	NaN	0.0000000E+0	-0.0000000E+0
44.400007E-3	0.0000000E+0	NaN	0.0000000E+0	0.0000000E+0
45.000002E-3	0.0000000E+0	NaN	0.0000000E+0	0.0000000E+0
45.599997E-3	0.0000000E+0	NaN	0.0000000E+0	-0.0000000E+0
46.200007E-3	0.0000000E+0	NaN	0.0000000E+0	-0.0000000E+0
46.800002E-3	0.0000000E+0	NaN	0.0000000E+0	0.0000000E+0
47.399998E-3	0.0000000E+0	NaN	0.0000000E+0	0.0000000E+0
48.000008E-3	0.0000000E+0	NaN	0.0000000E+0	0.0000000E+0
48.600003E-3	0.0000000E+0	NaN	0.0000000E+0	-0.0000000E+0
49.199998E-3	0.0000000E+0	NaN	0.0000000E+0	-0.0000000E+0
49.800009E-3	0.0000000E+0	NaN	0.0000000E+0	0.0000000E+0
50.400004E-3	0.0000000E+0	NaN	0.0000000E+0	0.0000000E+0
50.999999E-3	0.0000000E+0	NaN	0.0000000E+0	0.0000000E+0
51.600009E-3	0.0000000E+0	NaN	0.0000000E+0	-0.0000000E+0
52.200004E-3	0.0000000E+0	NaN	0.0000000E+0	-0.0000000E+0
52.800000E-3	0.0000000E+0	NaN	0.0000000E+0	0.0000000E+0
53.400010E-3	0.0000000E+0	NaN	0.0000000E+0	0.0000000E+0
54.000005E-3	0.0000000E+0	NaN	0.0000000E+0	0.0000000E+0
54.600000E-3	0.0000000E+0	NaN	0.0000000E+0	-0.0000000E+0
55.200011E-3	0.0000000E+0	NaN	0.0000000E+0	-0.0000000E+0
55.800006E-3	0.0000000E+0	NaN	0.0000000E+0	-0.0000000E+0
56.400001E-3	0.0000000E+0	NaN	0.0000000E+0	0.0000000E+0
57.000011E-3	0.0000000E+0	NaN	0.0000000E+0	-0.0000000E+0
57.600006E-3	0.0000000E+0	NaN	0.0000000E+0	-0.0000000E+0
58.200002E-3	0.0000000E+0	NaN	0.0000000E+0	-0.0000000E+0
58.799997E-3	0.0000000E+0	NaN	0.0000000E+0	0.0000000E+0
59.400007E-3	0.0000000E+0	NaN	0.0000000E+0	0.0000000E+0
60.000002E-3	0.0000000E+0	NaN	0.0000000E+0	-0.0000000E+0
60.599998E-3	0.0000000E+0	NaN	0.0000000E+0	-0.0000000E+0
61.200008E-3	0.0000000E+0	NaN	0.0000000E+0	-0.0000000E+0
61.800003E-3	0.0000000E+0	NaN	0.0000000E+0	0.0000000E+0
62.399998E-3	0.0000000E+0	NaN	0.0000000E+0	0.0000000E+0
63.000008E-3	0.0000000E+0	NaN	0.0000000E+0	-0.0000000E+0
63.600004E-3	0.0000000E+0	NaN	0.0000000E+0	-0.0000000E+0
64.199999E-3	0.0000000E+0	NaN	0.0000000E+0	0.0000000E+0
64.800009E-3	0.0000000E+0	NaN	0.0000000E+0	0.0000000E+0
65.400004E-3	0.0000000E+0	NaN	0.0000000E+0	0.0000000E+0
66.000000E-3	0.0000000E+0	NaN	0.0000000E+0	-0.0000000E+0
66.600010E-3	0.0000000E+0	NaN	0.0000000E+0	-0.0000000E+0
67.200005E-3	0.0000000E+0	NaN	0.0000000E+0	0.0000000E+0
67.800000E-3	0.0000000E+0	NaN	0.0000000E+0	0.0000000E+0
68.400010E-3	0.0000000E+0	NaN	0.0000000E+0	-0.0000000E+0
69.000006E-3	0.0000000E+0	NaN	0.0000000E+0	-0.0000000E+0
69.600001E-3	0.0000000E+0	NaN	0.0000000E+0	0.0000000E+0
70.200011E-3	0.0000000E+0	NaN	0.0000000E+0	0.0000000E+0
70.800006E-3	0.0000000E+0	NaN	0.0000000E+0	0.0000000E+0
71.400002E-3	0.0000000E+0	NaN	0.0000000E+0	-0.0000000E+0
72.000012E-3	0.0000000E+0	NaN	0.0000000E+0	-0.0000000E+0
72.600007E-3	0.0000000E+0	NaN	0.0000000E+0	0.0000000E+0
73.200002E-3	0.0000000E+0	NaN	0.0000000E+0	0.0000000E+0
73.799998E-3	0.0000000E+0	NaN	0.0000000E+0	0.0000000E+0
74.400008E-3	0.0000000E+0	NaN	0.0000000E+0	-0.0000000E+0
75.000003E-3	0.0000000E+0	NaN	0.0000000E+0	-0.0000000E+0
75.599998E-3	0.0000000E+0	NaN	0.0000000E+0	0.0000000E+0
76.200008E-3	0.0000000E+0	NaN	0.0000000E+0	0.0000000E+0
76.800004E-3	0.0000000E+0	NaN	0.0000000E+0	-0.0000000E+0
77.399999E-3	0.0000000E+0	NaN	0.0000000E+0	-0.0000000E+0
78.000009E-3	0.0000000E+0	NaN	0.0000000E+0	-0.0000000E+0
78.600004E-3	0.0000000E+0	NaN	0.0000000E+0	0.0000000E+0
79.200000E-3	0.0000000E+0	NaN	0.0000000E+0	0.0000000E+0
79.800010E-3	0.0000000E+0	NaN	0.0000000E+0	-0.0000000E+0
80.400005E-3	0.0000000E+0	NaN	0.0000000E+0	-0.0000000E+0
81.000000E-3	0.0000000E+0	NaN	0.0000000E+0	0.0000000E+0
81.600010E-3	0.0000000E+0	NaN	0.0000000E+0	0.0000000E+0
82.200006E-3	0.0000000E+0	NaN	0.0000000E+0	0.0000000E+0
82.800001E-3	0.0000000E+0	NaN	0.0000000E+0	-0.0000000E+0
83.400011E-3	0.0000000E+0	NaN	0.0000000E+0	-0.0000000E+0
84.000006E-3	0.0000000E+0	NaN	0.0000000E+0	0.0000000E+0
84.600002E-3	0.0000000E+0	NaN	0.0000000E+0	0.0000000E+0
85.200012E-3	0.0000000E+0	NaN	0.0000000E+0	-0.0000000E+0
85.800007E-3	0.0000000E+0	NaN	0.0000000E+0	-0.0000000E+0
86.400002E-3	0.0000000E+0	NaN	0.0000000E+0	0.0000000E+0
87.000012E-3	0.0000000E+0	NaN	0.0000000E+0	0.0000000E+0
87.600008E-3	0.0000000E+0	NaN	0.0000000E+0	0.0000000E+0
88.200003E-3	0.0000000E+0	NaN	0.0000000E+0	-0.0000000E+0
88.799998E-3	0.0000000E+0	NaN	0.0000000E+0	-0.0000000E+0
89.400008E-3	0.0000000E+0	NaN	0.0000000E+0	0.0000000E+0
90.000004E-3	0.0000000E+0	NaN	0.0000000E+0	0.0000000E+0
90.599999E-3	0.0000000E+0	NaN	0.0000000E+0	-0.0000000E+0
91.200009E-3	0.0000000E+0	NaN	0.0000000E+0	-0.0000000E+0
91.800004E-3	0.0000000E+0	NaN	0.0000000E+0	0.0000000E+0
92.399999E-3	0.0000000E+0	NaN	0.0000000E+0	0.0000000E+0
93.000010E-3	0.0000000E+0	NaN	0.0000000E+0	0.0000000E+0
93.600005E-3	0.0000000E+0	NaN	0.0000000E+0	-0.0000000E+0
94.200000E-3	0.0000000E+0	NaN	0.0000000E+0	0.0000000E+0
94.800010E-3	0.0000000E+0	NaN	0.0000000E+0	0.0000000E+0
95.400006E-3	0.0000000E+0	NaN	0.0000000E+0	0.0000000E+0
96.000001E-3	0.0000000E+0	NaN	0.0000000E+0	-0.0000000E+0
96.600011E-3	0.0000000E+0	NaN	0.0000000E+0	-0.0000000E+0
97.200006E-3	0.0000000E+0	NaN	0.0000000E+0	0.0000000E+0
97.800002E-3	0.0000000E+0	NaN	0.0000000E+0	0.0000000E+0
98.400012E-3	0.0000000E+0	NaN	0.0000000E+0	0.0000000E+0
99.000007E-3	0.0000000E+0	NaN	0.0000000E+0	-0.0000000E+0
99.600002E-3	0.0000000E+0	NaN	0.0000000E+0	0.0000000E+0
100.20000E-3	0.0000000E+0	NaN	0.0000000E+0	0.0000000E+0
100.80001E-3	0.0000000E+0	NaN	0.0000000E+0	0.0000000E+0
101.40002E-3	0.0000000E+0	NaN	0.0000000E+0	-0.0000000E+0
102.00000E-3	0.0000000E+0	NaN	0.0000000E+0	-0.0000000E+0
102.60001E-3	0.0000000E+0	NaN	0.0000000E+0	0.0000000E+0
103.20002E-3	0.0000000E+0	NaN	0.0000000E+0	0.0000000E+0
103.80000E-3	0.0000000E+0	NaN	0.0000000E+0	0.0000000E+0
104.40001E-3	0.0000000E+0	NaN	0.0000000E+0	-0.0000000E+0
105.00002E-3	0.0000000E+0	NaN	0.0000000E+0	0.0000000E+0
105.60000E-3	0.0000000E+0	NaN	0.0000000E+0	0.0000000E+0
106.20001E-3	0.0000000E+0	NaN	0.0000000E+0	0.0000000E+0
106.80002E-3	0.0000000E+0	NaN	0.0000000E+0	-0.0000000E+0
107.40000E-3	0.0000000E+0	NaN	0.0000000E+0	-0.0000000E+0
108.00001E-3	0.0000000E+0	NaN	0.0000000E+0	0.0000000E+0
108.60002E-3	0.0000000E+0	NaN	0.0000000E+0	0.0000000E+0
109.20000E-3	0.0000000E+0	NaN	0.0000000E+0	0.0000000E+0
109.80001E-3	0.0000000E+0	NaN	0.0000000E+0	-0.0000000E+0
110.40002E-3	0.0000000E+0	NaN	0.0000000E+0	0.0000000E+0
111.00000E-3	0.0000000E+0	NaN	0.0000000E+0	0.0000000E+0
111.60001E-3	0.0000000E+0	NaN	0.0000000E+0	0.0000000E+0
112.19999E-3	0.0000000E+0	NaN	0.0000000E+0	-0.0000000E+0
112.80000E-3	0.0000000E+0	NaN	0.0000000E+0	-0.0000000E+0
113.40001E-3	0.0000000E+0	NaN	0.0000000E+0	0.0000000E+0
113.99999E-3	0.0000000E+0	NaN	0.0000000E+0	0.0000000E+0
114.60000E-3	0.0000000E+0	NaN	0.0000000E+0	-0.0000000E+0
115.20001E-3	0.0000000E+0	NaN	0.0000000E+0	-0.0000000E+0
115.79999E-3	0.0000000E+0	NaN	0.0000000E+0	0.0000000E+0
116.40000E-3	0.0000000E+0	NaN	0.0000000E+0	0.0000000E+0
117.00001E-3	0.0000000E+0	NaN	0.0000000E+0	0.0000000E+0
117.59999E-3	0.0000000E+0	NaN	0.0000000E+0	-0.0000000E+0
118.20000E-3	0.0000000E+0	NaN	0.0000000E+0	-0.0000000E+0
118.80001E-3	0.0000000E+0	NaN	0.0000000E+0	0.0000000E+0
119.39999E-3	0.0000000E+0	NaN	0.0000000E+0	0.0000000E+0
120.00000E-3	0.0000000E+0	NaN	0.0000000E+0	-0.0000000E+0
120.60001E-3	0.0000000E+0	NaN	0.0000000E+0	-0.0000000E+0
121.20000E-3	0.0000000E+0	NaN	0.0000000E+0	0.0000000E+0
121.80001E-3	0.0000000E+0	NaN	0.0000000E+0	0.0000000E+0
122.40002E-3	0.0000000E+0	NaN	0.0000000E+0	-0.0000000E+0
123.00000E-3	0.0000000E+0	NaN	0.0000000E+0	-0.0000000E+0
123.60001E-3	0.0000000E+0	NaN	0.0000000E+0	-0.0000000E+0
124.20002E-3	0.0000000E+0	NaN	0.0000000E+0	0.0000000E+0
124.80000E-3	0.0000000E+0	NaN	0.0000000E+0	0.0000000E+0
125.40001E-3	0.0000000E+0	NaN	0.0000000E+0	-0.0000000E+0
126.00002E-3	0.0000000E+0	NaN	0.0000000E+0	-0.0000000E+0
126.60000E-3	0.0000000E+0	NaN	0.0000000E+0	0.0000000E+0
127.20001E-3	0.0000000E+0	NaN	0.0000000E+0	0.0000000E+0
127.80002E-3	0.0000000E+0	NaN	0.0000000E+0	-0.0000000E+0
128.40000E-3	0.0000000E+0	NaN	0.0000000E+0	-0.0000000E+0
129.00001E-3	0.0000000E+0	NaN	0.0000000E+0	0.0000000E+0
129.60002E-3	0.0000000E+0	NaN	0.0000000E+0	0.0000000E+0
130.20000E-3	0.0000000E+0	NaN	0.0000000E+0	0.0000000E+0
130.80001E-3	0.0000000E+0	NaN	0.0000000E+0	-0.0000000E+0
131.40002E-3	0.0000000E+0	NaN	0.0000000E+0	-0.0000000E+0
132.00000E-3	0.0000000E+0	NaN	0.0000000E+0	0.0000000E+0
132.60001E-3	0.0000000E+0	NaN	0.0000000E+0	0.0000000E+0
133.20002E-3	0.0000000E+0	NaN	0.0000000E+0	0.0000000E+0
133.80000E-3	0.0000000E+0	NaN	0.0000000E+0	-0.0000000E+0
134.40001E-3	0.0000000E+0	NaN	0.0000000E+0	0.0000000E+0
135.00002E-3	0.0000000E+0	NaN	0.0000000E+0	0.0000000E+0
135.60000E-3	0.0000000E+0	NaN	0.0000000E+0	0.0000000E+0
136.20001E-3	0.0000000E+0	NaN	0.0000000E+0	-0.0000000E+0
136.80002E-3	0.0000000E+0	NaN	0.0000000E+0	0.0000000E+0
137.40000E-3	0.0000000E+0	NaN	0.0000000E+0	0.0000000E+0
138.00001E-3	0.0000000E+0	NaN	0.0000000E+0	0.0000000E+0
138.60002E-3	0.0000000E+0	NaN	0.0000000E+0	-0.0000000E+0
139.20000E-3	0.0000000E+0	NaN	0.0000000E+0	-0.0000000E+0
139.80001E-3	0.0000000E+0	NaN	0.0000000E+0	0.0000000E+0
140.40002E-3	0.0000000E+0	NaN	0.0000000E+0	0.0000000E+0
141.00000E-3	0.0000000E+0	NaN	0.0000000E+0	0.0000000E+0
141.60001E-3	0.0000000E+0	NaN	0.0000000E+0	-0.0000000E+0
142.19999E-3	0.0000000E+0	NaN	0.0000000E+0	0.0000000E+0
142.80000E-3	0.0000000E+0	NaN	0.0000000E+0	0.0000000E+0
143.40001E-3	0.0000000E+0	NaN	0.0000000E+0	0.0000000E+0
143.99999E-3	0.0000000E+0	NaN	0.0000000E+0	-0.0000000E+0
144.60000E-3	0.0000000E+0	NaN	0.0000000E+0	-0.0000000E+0
145.20001E-3	0.0000000E+0	NaN	0.0000000E+0	0.0000000E+0
145.79999E-3	0.0000000E+0	NaN	0.0000000E+0	0.0000000E+0
146.40000E-3	0.0000000E+0	NaN	0.0000000E+0	0.0000000E+0
147.00001E-3	0.0000000E+0	NaN	0.0000000E+0	-0.0000000E+0
147.60000E-3	0.0000000E+0	NaN	0.0000000E+0	0.0000000E+0
148.20001E-3	0.0000000E+0	NaN	0.0000000E+0	0.0000000E+0
148.80002E-3	0.0000000E+0	NaN	0.0000000E+0	0.0000000E+0
149.40000E-3	0.0000000E+0	NaN	0.0000000E+0	-0.0000000E+0
150.00001E-3	0.0000000E+0	NaN	0.0000000E+0	-0.0000000E+0
