Experiment	Sweeper	
Saved Date	30.06.2023 16:03:16	
User		
Date		
Start time	30.06.2023 16:00:38	
Sweep channel: Name	Output 2 (V)	
Sweep channel: Start (V)	-100E-6	
Sweep channel: Stop (V)	100E-6	
Sweep channel: Points	501	
Sweep channel: Max slew rate (V/s)	Inf	
Sweep channel: Initial settling time (s)	20E+3	
Sweep channel: End settling time (s)	2E+0	
Sweep channel: Backward sweep	TRUE	
Sweep channel: Number of sweeps	2	
Sweep channel: Reset	FALSE	
Step channel 1: Name	Output 3 (V)	
Step channel 1: Start (V)	50E-3	
Step channel 1: Stop (V)	50E-3	
Step channel 1: Points	2	
Step channel 1: Max slew rate (V/s)	10E+0	
Step channel 1:  Initial settling time (s)	2E+0	
Step channel 1: End settling time (s)	2E+0	
Step channel 1: Backward sweep	FALSE	
Step channel 1: Reset	FALSE	
Sweep Type	2D-Both RT	
Acquire channels	Input 1 (V);LI Demod 3 X (V)	
Filter type	None	
Order		
Cutoff frq		

[DATA]
Output 2 Setp. (V)	Input 1 [00001] (V)	LI Demod 3 X [00001] (V)	Input 1 [00001] [bwd] (V)	LI Demod 3 X [00001] [bwd] (V)
-99.999997E-6	30.307399E-3	-88.868597E-6	0.0000000E+0	-0.0000000E+0
-99.599994E-6	30.277891E-3	-53.914577E-6	0.0000000E+0	-0.0000000E+0
-99.199999E-6	30.311920E-3	13.999337E-6	0.0000000E+0	-0.0000000E+0
-98.799996E-6	30.406963E-3	88.309484E-6	0.0000000E+0	0.0000000E+0
-98.400000E-6	30.539095E-3	56.602938E-6	0.0000000E+0	0.0000000E+0
-97.999997E-6	30.653445E-3	-19.422743E-6	0.0000000E+0	0.0000000E+0
-97.600001E-6	30.693335E-3	-64.876629E-6	0.0000000E+0	-0.0000000E+0
-97.199998E-6	30.717803E-3	-69.285554E-6	0.0000000E+0	-0.0000000E+0
-96.799995E-6	30.692711E-3	-1.4572652E-6	0.0000000E+0	-0.0000000E+0
-96.399999E-6	30.689336E-3	72.308023E-6	0.0000000E+0	0.0000000E+0
-95.999996E-6	30.732507E-3	82.859995E-6	0.0000000E+0	0.0000000E+0
-95.600000E-6	30.753955E-3	-10.858608E-6	0.0000000E+0	0.0000000E+0
-95.199997E-6	30.798769E-3	-69.988404E-6	0.0000000E+0	-0.0000000E+0
-94.799994E-6	30.896155E-3	-69.182570E-6	0.0000000E+0	-0.0000000E+0
-94.399998E-6	30.984819E-3	-22.905264E-6	0.0000000E+0	-0.0000000E+0
-93.999995E-6	31.082146E-3	61.047598E-6	0.0000000E+0	0.0000000E+0
-93.600000E-6	31.110348E-3	55.266522E-6	0.0000000E+0	0.0000000E+0
-93.199997E-6	30.999588E-3	9.1500142E-6	0.0000000E+0	0.0000000E+0
-92.800001E-6	30.866837E-3	-41.242998E-6	0.0000000E+0	-0.0000000E+0
-92.399998E-6	30.713847E-3	-69.764093E-6	0.0000000E+0	-0.0000000E+0
-92.000002E-6	30.694639E-3	-30.627576E-6	0.0000000E+0	-0.0000000E+0
-91.599999E-6	30.673619E-3	62.851337E-6	0.0000000E+0	0.0000000E+0
-91.199996E-6	30.669196E-3	54.321503E-6	0.0000000E+0	0.0000000E+0
-90.800000E-6	30.662691E-3	23.961360E-6	0.0000000E+0	-0.0000000E+0
-90.399997E-6	30.619601E-3	-56.745186E-6	0.0000000E+0	-0.0000000E+0
-90.000001E-6	30.527364E-3	-70.382390E-6	0.0000000E+0	-0.0000000E+0
-89.599998E-6	30.477166E-3	-37.614744E-6	0.0000000E+0	-0.0000000E+0
-89.199995E-6	30.373579E-3	23.223265E-6	0.0000000E+0	0.0000000E+0
-88.800000E-6	30.275522E-3	71.816256E-6	0.0000000E+0	0.0000000E+0
-88.399996E-6	30.209571E-3	32.249318E-6	0.0000000E+0	-0.0000000E+0
-88.000001E-6	30.268500E-3	-29.580337E-6	0.0000000E+0	-0.0000000E+0
-87.599998E-6	30.412452E-3	-82.806218E-6	0.0000000E+0	-0.0000000E+0
-87.199995E-6	30.558882E-3	-55.895511E-6	0.0000000E+0	0.0000000E+0
-86.799999E-6	30.610606E-3	19.383808E-6	0.0000000E+0	0.0000000E+0
-86.399996E-6	30.673502E-3	80.716949E-6	0.0000000E+0	0.0000000E+0
-86.000000E-6	30.688984E-3	38.199698E-6	0.0000000E+0	-0.0000000E+0
-85.599997E-6	30.726735E-3	-22.298429E-6	0.0000000E+0	-0.0000000E+0
-85.200001E-6	30.749034E-3	-79.314537E-6	0.0000000E+0	-0.0000000E+0
-84.799998E-6	30.717371E-3	-58.336384E-6	0.0000000E+0	0.0000000E+0
-84.400002E-6	30.772675E-3	3.4613277E-6	0.0000000E+0	0.0000000E+0
-83.999999E-6	30.818364E-3	71.051196E-6	0.0000000E+0	0.0000000E+0
-83.599996E-6	30.908179E-3	47.986843E-6	0.0000000E+0	-0.0000000E+0
-83.200001E-6	31.035945E-3	-13.117909E-6	0.0000000E+0	-0.0000000E+0
-82.799997E-6	31.068681E-3	-83.210769E-6	0.0000000E+0	-0.0000000E+0
-82.400002E-6	31.043090E-3	-61.795552E-6	0.0000000E+0	0.0000000E+0
-81.999999E-6	30.869119E-3	-9.2532600E-6	0.0000000E+0	0.0000000E+0
-81.599996E-6	30.785246E-3	42.775158E-6	0.0000000E+0	0.0000000E+0
-81.200000E-6	30.666642E-3	69.049478E-6	0.0000000E+0	-0.0000000E+0
-80.799997E-6	30.600838E-3	-2.2698014E-6	0.0000000E+0	-0.0000000E+0
-80.400001E-6	30.569093E-3	-43.454391E-6	0.0000000E+0	-0.0000000E+0
-79.999998E-6	30.631956E-3	-84.965206E-6	0.0000000E+0	0.0000000E+0
-79.599995E-6	30.601131E-3	-50.839350E-6	0.0000000E+0	0.0000000E+0
-79.199999E-6	30.569455E-3	50.230188E-6	0.0000000E+0	-0.0000000E+0
-78.799996E-6	30.534502E-3	83.369407E-6	0.0000000E+0	-0.0000000E+0
-78.400000E-6	30.456359E-3	31.407486E-6	0.0000000E+0	-0.0000000E+0
-77.999997E-6	30.355051E-3	-40.321505E-6	0.0000000E+0	0.0000000E+0
-77.599994E-6	30.239936E-3	-86.510023E-6	0.0000000E+0	0.0000000E+0
-77.199998E-6	30.219600E-3	-28.293969E-6	0.0000000E+0	0.0000000E+0
-76.800003E-6	30.258993E-3	37.913986E-6	0.0000000E+0	-0.0000000E+0
-76.400000E-6	30.372906E-3	60.270260E-6	0.0000000E+0	-0.0000000E+0
-75.999997E-6	30.479880E-3	40.267481E-6	0.0000000E+0	-0.0000000E+0
-75.600001E-6	30.609442E-3	-33.696600E-6	0.0000000E+0	0.0000000E+0
-75.199998E-6	30.627262E-3	-57.663565E-6	0.0000000E+0	0.0000000E+0
-74.800002E-6	30.638158E-3	-35.078363E-6	0.0000000E+0	0.0000000E+0
-74.399999E-6	30.723419E-3	25.489968E-6	0.0000000E+0	-0.0000000E+0
-73.999996E-6	30.695086E-3	85.564425E-6	0.0000000E+0	-0.0000000E+0
-73.600000E-6	30.746654E-3	33.157157E-6	0.0000000E+0	-0.0000000E+0
-73.199997E-6	30.768374E-3	-24.983936E-6	0.0000000E+0	0.0000000E+0
-72.800001E-6	30.807238E-3	-74.769167E-6	0.0000000E+0	0.0000000E+0
-72.399998E-6	30.929411E-3	-77.009769E-6	0.0000000E+0	-0.0000000E+0
-71.999995E-6	31.022305E-3	21.304526E-6	0.0000000E+0	-0.0000000E+0
-71.600000E-6	31.025408E-3	55.523924E-6	0.0000000E+0	-0.0000000E+0
-71.200004E-6	30.974364E-3	42.751599E-6	0.0000000E+0	0.0000000E+0
-70.800001E-6	30.900683E-3	-18.467799E-6	0.0000000E+0	0.0000000E+0
-70.399998E-6	30.709591E-3	-62.551706E-6	0.0000000E+0	0.0000000E+0
-70.000002E-6	30.580105E-3	-63.486019E-6	0.0000000E+0	-0.0000000E+0
-69.599999E-6	30.512180E-3	-18.668094E-6	0.0000000E+0	-0.0000000E+0
-69.200003E-6	30.517988E-3	65.148270E-6	0.0000000E+0	-0.0000000E+0
-68.800000E-6	30.473141E-3	70.348360E-6	0.0000000E+0	0.0000000E+0
-68.399997E-6	30.504065E-3	4.9888877E-6	0.0000000E+0	0.0000000E+0
-68.000001E-6	30.491626E-3	-78.154546E-6	0.0000000E+0	-0.0000000E+0
-67.599998E-6	30.481016E-3	-61.931445E-6	0.0000000E+0	-0.0000000E+0
-67.200002E-6	30.459128E-3	-5.2483365E-6	0.0000000E+0	-0.0000000E+0
-66.799999E-6	30.381784E-3	61.131301E-6	0.0000000E+0	0.0000000E+0
-66.399996E-6	30.271709E-3	70.950664E-6	0.0000000E+0	0.0000000E+0
-66.000001E-6	30.156465E-3	20.804840E-6	0.0000000E+0	-0.0000000E+0
-65.600005E-6	30.113956E-3	-49.053702E-6	0.0000000E+0	-0.0000000E+0
-65.200002E-6	30.266816E-3	-85.148386E-6	0.0000000E+0	-0.0000000E+0
-64.799999E-6	30.471575E-3	-12.504976E-6	0.0000000E+0	0.0000000E+0
-64.399996E-6	30.573424E-3	67.104811E-6	0.0000000E+0	0.0000000E+0
-64.000000E-6	30.673048E-3	73.110787E-6	0.0000000E+0	0.0000000E+0
-63.600004E-6	30.670382E-3	23.822799E-6	0.0000000E+0	-0.0000000E+0
-63.200001E-6	30.668445E-3	-49.037902E-6	0.0000000E+0	-0.0000000E+0
-62.799998E-6	30.656314E-3	-102.17862E-6	0.0000000E+0	0.0000000E+0
-62.399995E-6	30.670300E-3	-34.640005E-6	0.0000000E+0	0.0000000E+0
-61.999999E-6	30.675288E-3	19.218924E-6	0.0000000E+0	0.0000000E+0
-61.600003E-6	30.737476E-3	61.622537E-6	0.0000000E+0	-0.0000000E+0
-61.200000E-6	30.830139E-3	55.171902E-6	0.0000000E+0	-0.0000000E+0
-60.800001E-6	30.966979E-3	-36.559672E-6	0.0000000E+0	-0.0000000E+0
-60.400002E-6	31.037308E-3	-92.107402E-6	0.0000000E+0	0.0000000E+0
-59.999998E-6	31.051205E-3	-37.037964E-6	0.0000000E+0	0.0000000E+0
-59.599999E-6	30.956317E-3	16.731827E-6	0.0000000E+0	-0.0000000E+0
-59.200000E-6	30.822344E-3	48.782600E-6	0.0000000E+0	-0.0000000E+0
-58.800000E-6	30.712549E-3	42.836062E-6	0.0000000E+0	-0.0000000E+0
-58.400001E-6	30.626118E-3	-22.130080E-6	0.0000000E+0	0.0000000E+0
-58.000001E-6	30.619720E-3	-84.972031E-6	0.0000000E+0	0.0000000E+0
-57.599998E-6	30.584527E-3	-50.820396E-6	0.0000000E+0	0.0000000E+0
-57.199999E-6	30.590286E-3	23.098035E-6	0.0000000E+0	-0.0000000E+0
-56.800000E-6	30.642815E-3	49.694034E-6	0.0000000E+0	-0.0000000E+0
-56.400000E-6	30.660463E-3	40.296862E-6	0.0000000E+0	0.0000000E+0
-56.000001E-6	30.674729E-3	-18.506880E-6	0.0000000E+0	0.0000000E+0
-55.600001E-6	30.607698E-3	-73.353949E-6	0.0000000E+0	0.0000000E+0
-55.199998E-6	30.534683E-3	-46.673998E-6	0.0000000E+0	-0.0000000E+0
-54.799999E-6	30.575253E-3	30.249394E-6	0.0000000E+0	-0.0000000E+0
-54.399999E-6	30.576266E-3	76.231707E-6	0.0000000E+0	-0.0000000E+0
-54.000000E-6	30.624157E-3	80.999176E-6	0.0000000E+0	0.0000000E+0
-53.600001E-6	30.672343E-3	-4.6626778E-6	0.0000000E+0	0.0000000E+0
-53.200001E-6	30.807465E-3	-70.861228E-6	0.0000000E+0	-0.0000000E+0
-52.800002E-6	30.949945E-3	-74.676391E-6	0.0000000E+0	-0.0000000E+0
-52.399999E-6	30.991258E-3	-23.095135E-6	0.0000000E+0	-0.0000000E+0
-51.999999E-6	31.000648E-3	33.321598E-6	0.0000000E+0	0.0000000E+0
-51.600000E-6	30.970147E-3	68.753798E-6	0.0000000E+0	0.0000000E+0
-51.200001E-6	30.916197E-3	-8.7592825E-6	0.0000000E+0	-0.0000000E+0
-50.800001E-6	30.910557E-3	-77.815013E-6	0.0000000E+0	-0.0000000E+0
-50.400002E-6	31.063072E-3	-67.634064E-6	0.0000000E+0	-0.0000000E+0
-49.999999E-6	31.082088E-3	-25.110330E-6	0.0000000E+0	-0.0000000E+0
-49.599999E-6	31.171272E-3	51.365882E-6	0.0000000E+0	0.0000000E+0
-49.200000E-6	31.332444E-3	75.172036E-6	0.0000000E+0	0.0000000E+0
-48.800001E-6	31.440258E-3	6.9172766E-6	0.0000000E+0	-0.0000000E+0
-48.400001E-6	31.364758E-3	-52.289743E-6	0.0000000E+0	-0.0000000E+0
-48.000002E-6	31.267125E-3	-81.260718E-6	0.0000000E+0	-0.0000000E+0
-47.600002E-6	30.979838E-3	-32.234162E-6	0.0000000E+0	0.0000000E+0
-47.199999E-6	30.864224E-3	33.932050E-6	0.0000000E+0	0.0000000E+0
-46.800000E-6	30.831035E-3	71.240138E-6	0.0000000E+0	-0.0000000E+0
-46.400000E-6	30.815082E-3	48.086386E-6	0.0000000E+0	-0.0000000E+0
-46.000001E-6	30.814748E-3	-33.187331E-6	0.0000000E+0	-0.0000000E+0
-45.600002E-6	30.826949E-3	-72.389499E-6	0.0000000E+0	0.0000000E+0
-45.200002E-6	30.796172E-3	-47.275087E-6	0.0000000E+0	0.0000000E+0
-44.799999E-6	30.737875E-3	32.476386E-6	0.0000000E+0	0.0000000E+0
-44.400000E-6	30.676454E-3	71.126880E-6	0.0000000E+0	-0.0000000E+0
-44.000000E-6	30.597188E-3	31.757929E-6	0.0000000E+0	-0.0000000E+0
-43.600001E-6	30.448930E-3	-25.587395E-6	0.0000000E+0	0.0000000E+0
-43.200002E-6	30.338949E-3	-58.306436E-6	0.0000000E+0	0.0000000E+0
-42.800002E-6	30.350877E-3	-69.367292E-6	0.0000000E+0	0.0000000E+0
-42.400003E-6	30.476656E-3	-12.394382E-6	0.0000000E+0	-0.0000000E+0
-42.000000E-6	30.624952E-3	65.776141E-6	0.0000000E+0	-0.0000000E+0
-41.600000E-6	30.713558E-3	69.001791E-6	0.0000000E+0	-0.0000000E+0
-41.200001E-6	30.762665E-3	3.9796696E-6	0.0000000E+0	0.0000000E+0
-40.800001E-6	30.733339E-3	-49.792296E-6	0.0000000E+0	0.0000000E+0
-40.400002E-6	30.766496E-3	-83.011597E-6	0.0000000E+0	-0.0000000E+0
-40.000003E-6	30.762684E-3	-7.3774208E-6	0.0000000E+0	-0.0000000E+0
-39.600000E-6	30.785941E-3	32.594795E-6	0.0000000E+0	-0.0000000E+0
-39.200000E-6	30.868826E-3	69.371672E-6	0.0000000E+0	0.0000000E+0
-38.800004E-6	31.156324E-3	13.505723E-6	0.0000000E+0	0.0000000E+0
-38.400001E-6	31.271573E-3	-44.319524E-6	0.0000000E+0	0.0000000E+0
-37.999998E-6	31.234555E-3	-68.637120E-6	0.0000000E+0	-0.0000000E+0
-37.600003E-6	31.093074E-3	-51.747869E-6	0.0000000E+0	-0.0000000E+0
-37.199999E-6	30.961175E-3	15.169655E-6	0.0000000E+0	0.0000000E+0
-36.800004E-6	30.842481E-3	50.805334E-6	0.0000000E+0	0.0000000E+0
-36.400001E-6	30.806219E-3	28.911238E-6	0.0000000E+0	0.0000000E+0
-36.000005E-6	30.768279E-3	-2.4808628E-6	0.0000000E+0	-0.0000000E+0
-35.600002E-6	30.787636E-3	-66.204113E-6	0.0000000E+0	-0.0000000E+0
-35.199999E-6	30.734897E-3	-65.531225E-6	0.0000000E+0	-0.0000000E+0
-34.800003E-6	30.728424E-3	-6.0411267E-6	0.0000000E+0	0.0000000E+0
-34.400000E-6	30.648546E-3	64.228938E-6	0.0000000E+0	0.0000000E+0
-34.000004E-6	30.491510E-3	68.429916E-6	0.0000000E+0	0.0000000E+0
-33.600001E-6	30.427467E-3	17.489880E-6	0.0000000E+0	-0.0000000E+0
-33.199998E-6	30.389814E-3	-43.099630E-6	0.0000000E+0	-0.0000000E+0
-32.800002E-6	30.564098E-3	-72.192117E-6	0.0000000E+0	0.0000000E+0
-32.399999E-6	30.681090E-3	-35.514480E-6	0.0000000E+0	0.0000000E+0
-32.000004E-6	30.849488E-3	38.346567E-6	0.0000000E+0	0.0000000E+0
-31.600001E-6	30.904189E-3	70.539078E-6	0.0000000E+0	-0.0000000E+0
-31.200005E-6	30.915717E-3	26.058451E-6	0.0000000E+0	-0.0000000E+0
-30.800002E-6	30.971713E-3	-45.510140E-6	0.0000000E+0	-0.0000000E+0
-30.399999E-6	30.960621E-3	-78.326964E-6	0.0000000E+0	0.0000000E+0
-30.000003E-6	30.949214E-3	-71.593320E-6	0.0000000E+0	0.0000000E+0
-29.600000E-6	30.988697E-3	13.049737E-6	0.0000000E+0	-0.0000000E+0
-29.200004E-6	31.121192E-3	63.234998E-6	0.0000000E+0	-0.0000000E+0
-28.800001E-6	31.216709E-3	64.058331E-6	0.0000000E+0	-0.0000000E+0
-28.400005E-6	31.229470E-3	-2.3578657E-6	0.0000000E+0	0.0000000E+0
-28.000002E-6	31.176323E-3	-74.705233E-6	0.0000000E+0	0.0000000E+0
-27.599999E-6	31.052165E-3	-79.522622E-6	0.0000000E+0	0.0000000E+0
-27.200003E-6	30.887023E-3	-20.256866E-6	0.0000000E+0	-0.0000000E+0
-26.800000E-6	30.822355E-3	49.060203E-6	0.0000000E+0	-0.0000000E+0
-26.400005E-6	30.777205E-3	53.681408E-6	0.0000000E+0	-0.0000000E+0
-26.000002E-6	30.760085E-3	6.3265388E-6	0.0000000E+0	0.0000000E+0
-25.599998E-6	30.758481E-3	-50.937200E-6	0.0000000E+0	0.0000000E+0
-25.200003E-6	30.714456E-3	-47.237274E-6	0.0000000E+0	-0.0000000E+0
-24.800000E-6	30.735062E-3	-59.751441E-6	0.0000000E+0	-0.0000000E+0
-24.400004E-6	30.679511E-3	36.556721E-6	0.0000000E+0	-0.0000000E+0
-24.000001E-6	30.564731E-3	81.608276E-6	0.0000000E+0	0.0000000E+0
-23.600005E-6	30.471336E-3	39.726954E-6	0.0000000E+0	0.0000000E+0
-23.200002E-6	30.390877E-3	-30.188703E-6	0.0000000E+0	0.0000000E+0
-22.799999E-6	30.436411E-3	-80.909318E-6	0.0000000E+0	-0.0000000E+0
-22.400003E-6	30.603010E-3	-65.112792E-6	0.0000000E+0	-0.0000000E+0
-22.000000E-6	30.690592E-3	20.814185E-6	0.0000000E+0	-0.0000000E+0
-21.600004E-6	30.835964E-3	78.427780E-6	0.0000000E+0	0.0000000E+0
-21.200001E-6	30.900285E-3	67.347079E-6	0.0000000E+0	0.0000000E+0
-20.800006E-6	30.882217E-3	-11.050935E-6	0.0000000E+0	-0.0000000E+0
-20.400003E-6	30.881405E-3	-91.856804E-6	0.0000000E+0	-0.0000000E+0
-19.999999E-6	30.877454E-3	-70.586961E-6	0.0000000E+0	-0.0000000E+0
-19.600004E-6	30.926708E-3	1.0692493E-6	0.0000000E+0	0.0000000E+0
-19.200001E-6	30.944752E-3	60.079343E-6	0.0000000E+0	0.0000000E+0
-18.800005E-6	31.012930E-3	56.648147E-6	0.0000000E+0	0.0000000E+0
-18.400002E-6	31.131053E-3	797.95620E-9	0.0000000E+0	-0.0000000E+0
-17.999999E-6	31.232154E-3	-64.254913E-6	0.0000000E+0	-0.0000000E+0
-17.600003E-6	31.254232E-3	-79.466918E-6	0.0000000E+0	-0.0000000E+0
-17.200000E-6	31.119987E-3	-26.939646E-6	0.0000000E+0	0.0000000E+0
-16.800004E-6	30.962139E-3	30.078882E-6	0.0000000E+0	0.0000000E+0
-16.400001E-6	30.847782E-3	69.553877E-6	0.0000000E+0	-0.0000000E+0
-16.000005E-6	30.783778E-3	38.775601E-6	0.0000000E+0	-0.0000000E+0
-15.600002E-6	30.762931E-3	-26.081496E-6	0.0000000E+0	-0.0000000E+0
-15.199999E-6	30.766819E-3	-76.686949E-6	0.0000000E+0	0.0000000E+0
-14.800004E-6	30.725474E-3	-54.598528E-6	0.0000000E+0	0.0000000E+0
-14.400001E-6	30.709792E-3	34.475699E-6	0.0000000E+0	0.0000000E+0
-14.000005E-6	30.619599E-3	61.425286E-6	0.0000000E+0	-0.0000000E+0
-13.600002E-6	30.521231E-3	51.750227E-6	0.0000000E+0	-0.0000000E+0
-13.200006E-6	30.397426E-3	-24.703681E-6	0.0000000E+0	-0.0000000E+0
-12.800003E-6	30.391049E-3	-69.879381E-6	0.0000000E+0	0.0000000E+0
-12.400000E-6	30.506238E-3	-64.518703E-6	0.0000000E+0	0.0000000E+0
-12.000004E-6	30.751824E-3	-16.533362E-6	0.0000000E+0	0.0000000E+0
-11.600001E-6	30.902697E-3	61.392901E-6	0.0000000E+0	-0.0000000E+0
-11.200005E-6	30.942772E-3	76.971832E-6	0.0000000E+0	-0.0000000E+0
-10.800002E-6	30.996451E-3	16.098538E-6	0.0000000E+0	0.0000000E+0
-10.399999E-6	30.969134E-3	-76.244069E-6	0.0000000E+0	0.0000000E+0
-10.000003E-6	30.995892E-3	-86.389111E-6	0.0000000E+0	0.0000000E+0
-9.6000003E-6	31.028105E-3	-49.848706E-6	0.0000000E+0	-0.0000000E+0
-9.2000046E-6	31.091863E-3	28.164162E-6	0.0000000E+0	-0.0000000E+0
-8.8000015E-6	31.250328E-3	69.743590E-6	0.0000000E+0	-0.0000000E+0
-8.4000058E-6	31.346329E-3	18.329882E-6	0.0000000E+0	0.0000000E+0
-8.0000027E-6	31.296317E-3	-31.026811E-6	0.0000000E+0	0.0000000E+0
-7.5999997E-6	31.193737E-3	-76.300596E-6	0.0000000E+0	0.0000000E+0
-7.2000039E-6	31.088747E-3	-57.345602E-6	0.0000000E+0	-0.0000000E+0
-6.8000008E-6	30.956762E-3	2.9413475E-6	0.0000000E+0	-0.0000000E+0
-6.4000051E-6	30.875614E-3	54.208023E-6	0.0000000E+0	-0.0000000E+0
-6.0000020E-6	30.894496E-3	79.568264E-6	0.0000000E+0	0.0000000E+0
-5.6000063E-6	30.852851E-3	-10.170083E-6	0.0000000E+0	0.0000000E+0
-5.2000032E-6	30.825058E-3	-82.164399E-6	0.0000000E+0	-0.0000000E+0
-4.8000002E-6	30.836739E-3	-89.475565E-6	0.0000000E+0	-0.0000000E+0
-4.4000044E-6	30.780271E-3	-26.688766E-6	0.0000000E+0	-0.0000000E+0
-4.0000014E-6	30.696213E-3	42.441858E-6	0.0000000E+0	0.0000000E+0
-3.6000056E-6	30.591654E-3	60.524580E-6	0.0000000E+0	0.0000000E+0
-3.2000025E-6	30.515278E-3	22.222512E-6	0.0000000E+0	0.0000000E+0
-2.8000068E-6	30.542834E-3	-60.832885E-6	0.0000000E+0	-0.0000000E+0
-2.4000037E-6	30.702578E-3	-72.416718E-6	0.0000000E+0	-0.0000000E+0
-2.0000007E-6	30.857861E-3	-48.749971E-6	0.0000000E+0	-0.0000000E+0
-1.6000049E-6	30.889813E-3	45.689074E-6	0.0000000E+0	0.0000000E+0
-1.2000019E-6	30.946916E-3	61.970037E-6	0.0000000E+0	0.0000000E+0
-800.00609E-9	30.956618E-3	66.008935E-6	0.0000000E+0	-0.0000000E+0
-400.00305E-9	30.948346E-3	-20.475916E-6	0.0000000E+0	-0.0000000E+0
0.0000000E+0	30.965040E-3	-62.476422E-6	0.0000000E+0	-0.0000000E+0
399.99577E-9	31.067546E-3	-60.644827E-6	0.0000000E+0	0.0000000E+0
799.99882E-9	31.167090E-3	-2.4318667E-6	0.0000000E+0	0.0000000E+0
1.1999946E-6	31.302955E-3	52.577063E-6	0.0000000E+0	0.0000000E+0
1.5999976E-6	31.353768E-3	43.549255E-6	0.0000000E+0	-0.0000000E+0
1.9999934E-6	31.249266E-3	26.316386E-6	0.0000000E+0	-0.0000000E+0
2.3999964E-6	31.067863E-3	-46.026598E-6	0.0000000E+0	0.0000000E+0
2.7999995E-6	30.946650E-3	-62.643543E-6	0.0000000E+0	0.0000000E+0
3.1999953E-6	30.807188E-3	-46.861907E-6	0.0000000E+0	0.0000000E+0
3.5999983E-6	30.761601E-3	47.945166E-6	0.0000000E+0	-0.0000000E+0
3.9999941E-6	30.762261E-3	52.779884E-6	0.0000000E+0	-0.0000000E+0
4.3999971E-6	30.784771E-3	50.622933E-6	0.0000000E+0	-0.0000000E+0
4.7999929E-6	30.794069E-3	-2.6931402E-6	0.0000000E+0	0.0000000E+0
5.1999959E-6	30.667059E-3	-70.894697E-6	0.0000000E+0	0.0000000E+0
5.5999990E-6	30.541655E-3	-48.232865E-6	0.0000000E+0	-0.0000000E+0
5.9999948E-6	30.477893E-3	-651.36527E-9	0.0000000E+0	-0.0000000E+0
6.3999978E-6	30.592792E-3	67.374058E-6	0.0000000E+0	-0.0000000E+0
6.7999936E-6	30.675855E-3	76.240452E-6	0.0000000E+0	0.0000000E+0
7.1999966E-6	30.799571E-3	52.804491E-6	0.0000000E+0	0.0000000E+0
7.5999997E-6	30.882921E-3	-28.674114E-6	0.0000000E+0	0.0000000E+0
7.9999954E-6	30.909026E-3	-68.387104E-6	0.0000000E+0	-0.0000000E+0
8.3999985E-6	30.912498E-3	-42.624109E-6	0.0000000E+0	-0.0000000E+0
8.7999942E-6	30.960165E-3	22.676782E-6	0.0000000E+0	0.0000000E+0
9.1999973E-6	30.950496E-3	53.643369E-6	0.0000000E+0	0.0000000E+0
9.5999931E-6	31.076154E-3	41.610434E-6	0.0000000E+0	0.0000000E+0
9.9999961E-6	31.182783E-3	-3.4070242E-6	0.0000000E+0	-0.0000000E+0
10.399999E-6	31.262781E-3	-72.169649E-6	0.0000000E+0	-0.0000000E+0
10.799995E-6	31.251218E-3	-65.764259E-6	0.0000000E+0	-0.0000000E+0
11.199998E-6	31.084279E-3	-43.101481E-6	0.0000000E+0	0.0000000E+0
11.599994E-6	30.963907E-3	50.800812E-6	0.0000000E+0	0.0000000E+0
11.999997E-6	30.908059E-3	75.279633E-6	0.0000000E+0	0.0000000E+0
12.399993E-6	30.891951E-3	40.147203E-6	0.0000000E+0	-0.0000000E+0
12.799996E-6	30.894957E-3	-28.784247E-6	0.0000000E+0	-0.0000000E+0
13.199999E-6	30.854521E-3	-90.059482E-6	0.0000000E+0	0.0000000E+0
13.599994E-6	30.864032E-3	-59.046673E-6	0.0000000E+0	0.0000000E+0
13.999997E-6	30.735543E-3	-16.554728E-6	0.0000000E+0	0.0000000E+0
14.399993E-6	30.602988E-3	68.394293E-6	0.0000000E+0	-0.0000000E+0
14.799996E-6	30.510226E-3	79.592653E-6	0.0000000E+0	-0.0000000E+0
15.199992E-6	30.635266E-3	23.950617E-6	0.0000000E+0	-0.0000000E+0
15.599995E-6	30.775113E-3	-55.633802E-6	0.0000000E+0	0.0000000E+0
15.999998E-6	30.869370E-3	-68.531146E-6	0.0000000E+0	0.0000000E+0
16.399994E-6	30.833121E-3	-29.115068E-6	0.0000000E+0	-0.0000000E+0
16.799997E-6	30.876653E-3	22.127721E-6	0.0000000E+0	-0.0000000E+0
17.199993E-6	31.283643E-3	63.642387E-6	0.0000000E+0	-0.0000000E+0
17.599996E-6	31.258974E-3	67.638364E-6	0.0000000E+0	0.0000000E+0
17.999999E-6	31.256549E-3	-35.401015E-6	0.0000000E+0	0.0000000E+0
18.399995E-6	31.501796E-3	-73.924231E-6	0.0000000E+0	0.0000000E+0
18.799998E-6	31.662226E-3	-71.946029E-6	0.0000000E+0	-0.0000000E+0
19.199993E-6	31.770732E-3	-1.3175342E-6	0.0000000E+0	-0.0000000E+0
19.599996E-6	31.735260E-3	54.176911E-6	0.0000000E+0	-0.0000000E+0
19.999992E-6	31.597026E-3	66.710396E-6	0.0000000E+0	0.0000000E+0
20.399995E-6	31.436641E-3	20.605845E-6	0.0000000E+0	0.0000000E+0
20.799998E-6	31.320069E-3	-85.805630E-6	0.0000000E+0	-0.0000000E+0
21.199994E-6	31.262893E-3	-90.799062E-6	0.0000000E+0	-0.0000000E+0
21.599997E-6	31.237962E-3	-46.039018E-6	0.0000000E+0	-0.0000000E+0
21.999993E-6	31.286735E-3	34.806610E-6	0.0000000E+0	0.0000000E+0
22.399989E-6	31.006573E-3	59.775040E-6	0.0000000E+0	0.0000000E+0
22.799992E-6	30.950584E-3	51.495779E-6	0.0000000E+0	0.0000000E+0
23.199995E-6	30.856639E-3	-16.585893E-6	0.0000000E+0	-0.0000000E+0
23.599998E-6	30.587343E-3	-69.255191E-6	0.0000000E+0	-0.0000000E+0
24.000001E-6	30.511990E-3	-73.214913E-6	0.0000000E+0	-0.0000000E+0
24.399989E-6	30.271249E-3	-5.8774995E-6	0.0000000E+0	0.0000000E+0
24.799992E-6	30.455031E-3	49.827748E-6	0.0000000E+0	0.0000000E+0
25.199995E-6	30.792881E-3	89.651527E-6	0.0000000E+0	-0.0000000E+0
25.599998E-6	30.934906E-3	9.4889238E-6	0.0000000E+0	-0.0000000E+0
26.000002E-6	30.950522E-3	-61.097839E-6	0.0000000E+0	-0.0000000E+0
26.399990E-6	30.994851E-3	-75.967087E-6	0.0000000E+0	0.0000000E+0
26.799993E-6	30.972835E-3	-24.214318E-6	0.0000000E+0	0.0000000E+0
27.199996E-6	30.954441E-3	29.177609E-6	0.0000000E+0	0.0000000E+0
27.599999E-6	31.031853E-3	74.868309E-6	0.0000000E+0	-0.0000000E+0
27.999988E-6	31.102682E-3	34.916149E-6	0.0000000E+0	-0.0000000E+0
28.399991E-6	31.257361E-3	-26.289747E-6	0.0000000E+0	-0.0000000E+0
28.799994E-6	31.338785E-3	-69.367699E-6	0.0000000E+0	0.0000000E+0
29.199997E-6	31.225940E-3	-38.524347E-6	0.0000000E+0	0.0000000E+0
29.600000E-6	31.106185E-3	12.532300E-6	0.0000000E+0	-0.0000000E+0
29.999988E-6	30.985681E-3	78.930978E-6	0.0000000E+0	-0.0000000E+0
30.399991E-6	30.866727E-3	64.982516E-6	0.0000000E+0	-0.0000000E+0
30.799994E-6	30.829627E-3	-4.8341217E-6	0.0000000E+0	0.0000000E+0
31.199997E-6	30.851062E-3	-66.189103E-6	0.0000000E+0	0.0000000E+0
31.600001E-6	30.835565E-3	-90.799433E-6	0.0000000E+0	0.0000000E+0
31.999989E-6	30.813579E-3	-33.023371E-6	0.0000000E+0	-0.0000000E+0
32.399992E-6	30.810537E-3	44.870823E-6	0.0000000E+0	-0.0000000E+0
32.799995E-6	30.709641E-3	76.492455E-6	0.0000000E+0	-0.0000000E+0
33.199998E-6	30.575711E-3	41.171610E-6	0.0000000E+0	0.0000000E+0
33.600001E-6	30.482288E-3	-43.995224E-6	0.0000000E+0	0.0000000E+0
33.999990E-6	30.582109E-3	-91.199712E-6	0.0000000E+0	-0.0000000E+0
34.399993E-6	30.746885E-3	-45.209581E-6	0.0000000E+0	-0.0000000E+0
34.799996E-6	30.922489E-3	19.315619E-6	0.0000000E+0	-0.0000000E+0
35.199999E-6	30.940678E-3	66.848726E-6	0.0000000E+0	0.0000000E+0
35.599987E-6	30.970879E-3	56.202833E-6	0.0000000E+0	0.0000000E+0
35.999990E-6	30.992527E-3	-11.934986E-6	0.0000000E+0	0.0000000E+0
36.399993E-6	31.035088E-3	-83.396910E-6	0.0000000E+0	-0.0000000E+0
36.799996E-6	31.023907E-3	-85.332445E-6	0.0000000E+0	-0.0000000E+0
37.199999E-6	31.065382E-3	-48.551592E-6	0.0000000E+0	-0.0000000E+0
37.599988E-6	31.210691E-3	51.652933E-6	0.0000000E+0	0.0000000E+0
37.999991E-6	31.322900E-3	75.068296E-6	0.0000000E+0	0.0000000E+0
38.399994E-6	31.290218E-3	47.414313E-6	0.0000000E+0	-0.0000000E+0
38.799997E-6	31.149780E-3	-19.967625E-6	0.0000000E+0	-0.0000000E+0
39.200000E-6	30.994186E-3	-105.00781E-6	0.0000000E+0	-0.0000000E+0
39.599989E-6	30.834151E-3	-45.066881E-6	0.0000000E+0	-0.0000000E+0
39.999992E-6	30.853329E-3	16.434831E-6	0.0000000E+0	0.0000000E+0
40.399995E-6	30.858196E-3	61.932529E-6	0.0000000E+0	0.0000000E+0
40.799998E-6	30.840978E-3	71.281262E-6	0.0000000E+0	-0.0000000E+0
41.200001E-6	30.806404E-3	3.7188340E-6	0.0000000E+0	-0.0000000E+0
41.599989E-6	30.746035E-3	-64.340427E-6	0.0000000E+0	-0.0000000E+0
41.999992E-6	30.649409E-3	-87.821318E-6	0.0000000E+0	0.0000000E+0
42.399995E-6	30.516140E-3	-22.871742E-6	0.0000000E+0	0.0000000E+0
42.799998E-6	30.513458E-3	46.208668E-6	0.0000000E+0	-0.0000000E+0
43.199987E-6	30.593146E-3	76.103250E-6	0.0000000E+0	-0.0000000E+0
43.599990E-6	30.801451E-3	42.350875E-6	0.0000000E+0	-0.0000000E+0
43.999993E-6	30.947061E-3	-35.241326E-6	0.0000000E+0	-0.0000000E+0
44.399996E-6	30.972973E-3	-71.704730E-6	0.0000000E+0	0.0000000E+0
44.799999E-6	30.995941E-3	-45.089051E-6	0.0000000E+0	0.0000000E+0
45.199988E-6	30.958338E-3	10.024353E-6	0.0000000E+0	-0.0000000E+0
45.599991E-6	31.007888E-3	59.085767E-6	0.0000000E+0	-0.0000000E+0
45.999994E-6	31.049864E-3	68.520596E-6	0.0000000E+0	-0.0000000E+0
46.399997E-6	31.295881E-3	9.3396347E-6	0.0000000E+0	0.0000000E+0
46.800000E-6	31.425714E-3	-39.001763E-6	0.0000000E+0	0.0000000E+0
47.199988E-6	31.477120E-3	-102.20864E-6	0.0000000E+0	-0.0000000E+0
47.599991E-6	31.295434E-3	-48.922386E-6	0.0000000E+0	-0.0000000E+0
47.999994E-6	31.129215E-3	5.6182398E-6	0.0000000E+0	-0.0000000E+0
48.399997E-6	30.985922E-3	70.937604E-6	0.0000000E+0	0.0000000E+0
48.800001E-6	30.825466E-3	52.477146E-6	0.0000000E+0	0.0000000E+0
49.199989E-6	30.833714E-3	-5.1757515E-6	0.0000000E+0	0.0000000E+0
49.599992E-6	30.808575E-3	-55.565586E-6	0.0000000E+0	-0.0000000E+0
49.999995E-6	30.830150E-3	-79.813886E-6	0.0000000E+0	-0.0000000E+0
50.399998E-6	30.686850E-3	-27.815824E-6	0.0000000E+0	-0.0000000E+0
50.799987E-6	30.544354E-3	45.509241E-6	0.0000000E+0	0.0000000E+0
51.199990E-6	30.487230E-3	70.682327E-6	0.0000000E+0	0.0000000E+0
51.599993E-6	30.591359E-3	36.151498E-6	0.0000000E+0	0.0000000E+0
51.999996E-6	30.830827E-3	-33.885590E-6	0.0000000E+0	-0.0000000E+0
52.399999E-6	30.910410E-3	-54.847056E-6	0.0000000E+0	-0.0000000E+0
52.799987E-6	30.992851E-3	-67.682930E-6	0.0000000E+0	-0.0000000E+0
53.199990E-6	30.991504E-3	-1.1593320E-6	0.0000000E+0	0.0000000E+0
53.599993E-6	31.058259E-3	76.493699E-6	0.0000000E+0	0.0000000E+0
53.999996E-6	31.050859E-3	72.308743E-6	0.0000000E+0	-0.0000000E+0
54.399999E-6	31.102134E-3	4.0091804E-6	0.0000000E+0	-0.0000000E+0
54.799988E-6	31.132776E-3	-66.450077E-6	0.0000000E+0	-0.0000000E+0
55.199991E-6	31.212024E-3	-71.586335E-6	0.0000000E+0	0.0000000E+0
55.599994E-6	31.164210E-3	-47.598700E-6	0.0000000E+0	0.0000000E+0
55.999997E-6	30.954966E-3	20.751224E-6	0.0000000E+0	0.0000000E+0
56.400000E-6	30.803075E-3	65.620319E-6	0.0000000E+0	-0.0000000E+0
56.799989E-6	30.730784E-3	58.100937E-6	0.0000000E+0	-0.0000000E+0
57.199992E-6	30.723305E-3	8.0765476E-6	0.0000000E+0	-0.0000000E+0
57.599995E-6	30.710639E-3	-57.315054E-6	0.0000000E+0	0.0000000E+0
57.999998E-6	30.706894E-3	-66.534594E-6	0.0000000E+0	0.0000000E+0
58.399986E-6	30.652409E-3	-14.262398E-6	0.0000000E+0	0.0000000E+0
58.799989E-6	30.465763E-3	12.636524E-6	0.0000000E+0	-0.0000000E+0
59.199992E-6	30.400053E-3	89.690184E-6	0.0000000E+0	-0.0000000E+0
59.599995E-6	30.422043E-3	44.431730E-6	0.0000000E+0	-0.0000000E+0
59.999998E-6	30.624140E-3	-9.1029115E-6	0.0000000E+0	0.0000000E+0
60.399987E-6	30.748947E-3	-51.713167E-6	0.0000000E+0	0.0000000E+0
60.799990E-6	30.819597E-3	-56.445755E-6	0.0000000E+0	-0.0000000E+0
61.199993E-6	30.810462E-3	-26.670026E-6	0.0000000E+0	-0.0000000E+0
61.599996E-6	30.811591E-3	40.903506E-6	0.0000000E+0	-0.0000000E+0
61.999999E-6	30.848084E-3	51.959643E-6	0.0000000E+0	0.0000000E+0
62.399988E-6	30.930318E-3	41.257823E-6	0.0000000E+0	0.0000000E+0
62.799991E-6	31.066356E-3	-26.874706E-6	0.0000000E+0	0.0000000E+0
63.199994E-6	31.168360E-3	-91.342205E-6	0.0000000E+0	-0.0000000E+0
63.599997E-6	31.083385E-3	-80.086822E-6	0.0000000E+0	-0.0000000E+0
64.000000E-6	30.948704E-3	-582.72565E-9	0.0000000E+0	0.0000000E+0
64.399988E-6	30.812651E-3	59.483547E-6	0.0000000E+0	0.0000000E+0
64.799991E-6	30.722016E-3	57.851161E-6	0.0000000E+0	0.0000000E+0
65.199994E-6	30.703627E-3	33.099863E-6	0.0000000E+0	-0.0000000E+0
65.599997E-6	30.711181E-3	-17.410166E-6	0.0000000E+0	-0.0000000E+0
65.999986E-6	30.723609E-3	-62.318366E-6	0.0000000E+0	-0.0000000E+0
66.399989E-6	30.687610E-3	-40.172246E-6	0.0000000E+0	0.0000000E+0
66.799992E-6	30.516312E-3	5.7710122E-6	0.0000000E+0	0.0000000E+0
67.199995E-6	30.414967E-3	69.520887E-6	0.0000000E+0	0.0000000E+0
67.599998E-6	30.378660E-3	63.330124E-6	0.0000000E+0	-0.0000000E+0
67.999987E-6	30.534174E-3	19.532798E-6	0.0000000E+0	-0.0000000E+0
68.399990E-6	30.697349E-3	-35.562793E-6	0.0000000E+0	0.0000000E+0
68.799993E-6	30.825531E-3	-82.165818E-6	0.0000000E+0	0.0000000E+0
69.199996E-6	30.866519E-3	-49.701088E-6	0.0000000E+0	0.0000000E+0
69.599999E-6	30.838704E-3	43.663138E-6	0.0000000E+0	-0.0000000E+0
69.999987E-6	30.857097E-3	82.026563E-6	0.0000000E+0	-0.0000000E+0
70.399990E-6	30.889081E-3	34.459539E-6	0.0000000E+0	-0.0000000E+0
70.799993E-6	31.026380E-3	-32.293581E-6	0.0000000E+0	0.0000000E+0
71.199996E-6	31.188870E-3	-79.077232E-6	0.0000000E+0	0.0000000E+0
71.600000E-6	31.210000E-3	-70.080088E-6	0.0000000E+0	-0.0000000E+0
71.999988E-6	31.096995E-3	-36.244874E-6	0.0000000E+0	-0.0000000E+0
72.399991E-6	30.897025E-3	42.347601E-6	0.0000000E+0	-0.0000000E+0
72.799994E-6	30.755343E-3	63.172978E-6	0.0000000E+0	0.0000000E+0
73.199997E-6	30.760810E-3	38.480281E-6	0.0000000E+0	0.0000000E+0
73.599986E-6	30.731980E-3	-41.929594E-6	0.0000000E+0	0.0000000E+0
73.999989E-6	30.726384E-3	-63.149062E-6	0.0000000E+0	-0.0000000E+0
74.399992E-6	30.686086E-3	-56.526540E-6	0.0000000E+0	-0.0000000E+0
74.799995E-6	30.591613E-3	-12.786595E-6	0.0000000E+0	-0.0000000E+0
75.199998E-6	30.440219E-3	40.105744E-6	0.0000000E+0	0.0000000E+0
75.599986E-6	30.396478E-3	74.262134E-6	0.0000000E+0	0.0000000E+0
75.999989E-6	30.482993E-3	33.745720E-6	0.0000000E+0	-0.0000000E+0
76.399992E-6	30.666195E-3	-22.435792E-6	0.0000000E+0	-0.0000000E+0
76.799995E-6	30.785833E-3	-65.216453E-6	0.0000000E+0	-0.0000000E+0
77.199998E-6	30.823609E-3	-33.469569E-6	0.0000000E+0	0.0000000E+0
77.599987E-6	30.845346E-3	34.271307E-6	0.0000000E+0	0.0000000E+0
77.999990E-6	30.868743E-3	63.135347E-6	0.0000000E+0	0.0000000E+0
78.399993E-6	30.862065E-3	52.344294E-6	0.0000000E+0	-0.0000000E+0
78.799996E-6	30.936802E-3	-12.485586E-6	0.0000000E+0	-0.0000000E+0
79.199999E-6	31.064773E-3	-59.512713E-6	0.0000000E+0	-0.0000000E+0
79.599988E-6	31.202920E-3	-79.015437E-6	0.0000000E+0	0.0000000E+0
79.999991E-6	31.190539E-3	-43.970595E-6	0.0000000E+0	0.0000000E+0
80.399994E-6	31.080844E-3	32.500575E-6	0.0000000E+0	-0.0000000E+0
80.799997E-6	30.919148E-3	70.361180E-6	0.0000000E+0	-0.0000000E+0
81.199985E-6	30.767960E-3	3.9816837E-6	0.0000000E+0	-0.0000000E+0
81.599988E-6	30.759327E-3	-46.668341E-6	0.0000000E+0	0.0000000E+0
81.999991E-6	30.781236E-3	-90.736503E-6	0.0000000E+0	0.0000000E+0
82.399994E-6	30.762438E-3	-72.266477E-6	0.0000000E+0	0.0000000E+0
82.799997E-6	30.737482E-3	-4.3774598E-6	0.0000000E+0	-0.0000000E+0
83.199986E-6	30.674577E-3	61.331230E-6	0.0000000E+0	-0.0000000E+0
83.599989E-6	30.480450E-3	81.192949E-6	0.0000000E+0	0.0000000E+0
83.999992E-6	30.345874E-3	-859.31043E-9	0.0000000E+0	0.0000000E+0
84.399995E-6	30.360578E-3	-53.418767E-6	0.0000000E+0	0.0000000E+0
84.799998E-6	30.513013E-3	-73.276569E-6	0.0000000E+0	-0.0000000E+0
85.199987E-6	30.636767E-3	-38.663136E-6	0.0000000E+0	-0.0000000E+0
85.599990E-6	30.744061E-3	33.998196E-6	0.0000000E+0	-0.0000000E+0
85.999993E-6	31.064380E-3	79.338672E-6	0.0000000E+0	0.0000000E+0
86.399996E-6	31.062705E-3	56.572469E-6	0.0000000E+0	0.0000000E+0
86.799984E-6	31.090479E-3	-3.3436716E-6	0.0000000E+0	-0.0000000E+0
87.199987E-6	31.086944E-3	-80.768936E-6	0.0000000E+0	-0.0000000E+0
87.599990E-6	31.177217E-3	-79.628982E-6	0.0000000E+0	-0.0000000E+0
87.999993E-6	31.289157E-3	12.455397E-6	0.0000000E+0	0.0000000E+0
88.399996E-6	31.142296E-3	48.559999E-6	0.0000000E+0	0.0000000E+0
88.799985E-6	31.116871E-3	64.150227E-6	0.0000000E+0	0.0000000E+0
89.199988E-6	30.974165E-3	33.187243E-6	0.0000000E+0	-0.0000000E+0
89.599991E-6	30.861398E-3	-62.816813E-6	0.0000000E+0	0.0000000E+0
89.999994E-6	30.785408E-3	-58.077654E-6	0.0000000E+0	0.0000000E+0
90.399997E-6	30.742275E-3	-56.046370E-6	0.0000000E+0	0.0000000E+0
90.799986E-6	30.738624E-3	20.993837E-6	0.0000000E+0	0.0000000E+0
91.199989E-6	30.676568E-3	61.341052E-6	0.0000000E+0	0.0000000E+0
91.599992E-6	30.696370E-3	49.498536E-6	0.0000000E+0	0.0000000E+0
91.999995E-6	30.660778E-3	-15.843138E-6	0.0000000E+0	-0.0000000E+0
92.399998E-6	30.556420E-3	-80.454127E-6	0.0000000E+0	0.0000000E+0
92.799986E-6	30.464943E-3	-62.556843E-6	0.0000000E+0	0.0000000E+0
93.199989E-6	30.379459E-3	-9.4569195E-6	0.0000000E+0	0.0000000E+0
93.599992E-6	30.402932E-3	64.369946E-6	0.0000000E+0	0.0000000E+0
93.999995E-6	30.511416E-3	75.852120E-6	0.0000000E+0	0.0000000E+0
94.399984E-6	30.696500E-3	-8.9945033E-6	0.0000000E+0	0.0000000E+0
94.799987E-6	30.771468E-3	-55.663200E-6	0.0000000E+0	0.0000000E+0
95.199990E-6	31.685546E-3	344.84765E-6	0.0000000E+0	0.0000000E+0
95.599993E-6	32.033645E-3	1.6126421E-3	0.0000000E+0	0.0000000E+0
95.999996E-6	31.043287E-3	1.1716030E-3	0.0000000E+0	0.0000000E+0
96.399985E-6	30.928677E-3	72.628995E-6	31.656958E-3	680.85466E-6
96.799988E-6	30.902311E-3	849.24471E-6	31.773064E-3	746.53141E-6
97.199991E-6	30.929999E-3	-29.655028E-6	30.860925E-3	-58.756199E-6
97.599994E-6	32.838184E-3	857.35659E-6	31.562869E-3	-63.475840E-6
97.999997E-6	31.186378E-3	-43.855816E-6	30.556235E-3	19.259962E-6
98.399985E-6	31.246366E-3	4.1716899E-6	30.441534E-3	68.219088E-6
98.799988E-6	31.209784E-3	858.43314E-6	30.455155E-3	52.249386E-6
99.199991E-6	31.586003E-3	59.030961E-6	30.540330E-3	-43.350567E-6
99.599994E-6	31.519525E-3	41.393356E-6	32.219142E-3	638.55998E-6
99.999997E-6	31.654976E-3	-63.881402E-6	31.650260E-3	534.80355E-6
