Experiment	Sweeper	
Saved Date	01.07.2023 11:14:45	
User		
Date		
Start time	01.07.2023 11:11:28	
Sweep channel: Name	Output 2 (V)	
Sweep channel: Start (V)	-200E-6	
Sweep channel: Stop (V)	1E-3	
Sweep channel: Points	601	
Sweep channel: Max slew rate (V/s)	Inf	
Sweep channel: Initial settling time (s)	20E+3	
Sweep channel: End settling time (s)	2E+0	
Sweep channel: Backward sweep	TRUE	
Sweep channel: Number of sweeps	50	
Sweep channel: Reset	FALSE	
Step channel 1: Name	Output 3 (V)	
Step channel 1: Start (V)	50E-3	
Step channel 1: Stop (V)	50E-3	
Step channel 1: Points	50	
Step channel 1: Max slew rate (V/s)	10E+0	
Step channel 1:  Initial settling time (s)	2E+0	
Step channel 1: End settling time (s)	2E+0	
Step channel 1: Backward sweep	FALSE	
Step channel 1: Reset	FALSE	
Sweep Type	2D-Both RT	
Acquire channels	Input 1 (V);LI Demod 3 X (V)	
Filter type	None	
Order		
Cutoff frq		

[DATA]
Output 2 Setp. (V)	Input 1 [00001] (V)	LI Demod 3 X [00001] (V)	Input 1 [00001] [bwd] (V)	LI Demod 3 X [00001] [bwd] (V)
-199.99999E-6	40.077660E-3	1.1625269E-3	0.0000000E+0	0.0000000E+0
-197.99999E-6	40.326934E-3	1.1594245E-3	0.0000000E+0	0.0000000E+0
-195.99999E-6	40.272269E-3	1.3476609E-3	0.0000000E+0	0.0000000E+0
-193.99999E-6	40.795442E-3	1.0925276E-3	0.0000000E+0	0.0000000E+0
-191.99999E-6	40.407307E-3	1.0908152E-3	0.0000000E+0	0.0000000E+0
-189.99999E-6	40.887017E-3	834.88354E-6	0.0000000E+0	0.0000000E+0
-187.99999E-6	40.930934E-3	906.86162E-6	0.0000000E+0	0.0000000E+0
-185.99999E-6	40.953800E-3	909.42072E-6	0.0000000E+0	0.0000000E+0
-183.99999E-6	40.997308E-3	883.27454E-6	0.0000000E+0	0.0000000E+0
-181.99999E-6	41.000247E-3	792.38025E-6	0.0000000E+0	0.0000000E+0
-180.00000E-6	41.057330E-3	781.07079E-6	0.0000000E+0	0.0000000E+0
-177.99999E-6	41.139368E-3	831.47944E-6	0.0000000E+0	0.0000000E+0
-176.00000E-6	41.202191E-3	915.00831E-6	0.0000000E+0	0.0000000E+0
-174.00000E-6	41.233070E-3	909.95396E-6	0.0000000E+0	0.0000000E+0
-172.00000E-6	41.376676E-3	822.40853E-6	0.0000000E+0	0.0000000E+0
-170.00000E-6	41.395832E-3	769.75947E-6	0.0000000E+0	0.0000000E+0
-168.00000E-6	41.338556E-3	758.36870E-6	0.0000000E+0	0.0000000E+0
-166.00000E-6	41.301996E-3	842.14145E-6	0.0000000E+0	0.0000000E+0
-164.00000E-6	41.207992E-3	894.09301E-6	0.0000000E+0	0.0000000E+0
-162.00000E-6	41.114721E-3	878.09283E-6	0.0000000E+0	0.0000000E+0
-160.00000E-6	41.026145E-3	825.55402E-6	0.0000000E+0	0.0000000E+0
-158.00000E-6	40.990908E-3	757.13714E-6	0.0000000E+0	0.0000000E+0
-155.99999E-6	40.953204E-3	771.18835E-6	0.0000000E+0	0.0000000E+0
-153.99999E-6	40.968720E-3	854.32269E-6	0.0000000E+0	0.0000000E+0
-151.99999E-6	40.986344E-3	896.37452E-6	0.0000000E+0	0.0000000E+0
-149.99999E-6	40.976319E-3	872.81642E-6	0.0000000E+0	0.0000000E+0
-147.99999E-6	40.992051E-3	786.47415E-6	0.0000000E+0	0.0000000E+0
-145.99999E-6	40.998377E-3	754.44113E-6	0.0000000E+0	0.0000000E+0
-143.99999E-6	41.030042E-3	814.98548E-6	0.0000000E+0	0.0000000E+0
-141.99999E-6	40.976338E-3	869.56104E-6	0.0000000E+0	0.0000000E+0
-139.99999E-6	40.931571E-3	873.99920E-6	0.0000000E+0	0.0000000E+0
-138.00000E-6	40.805891E-3	848.66973E-6	0.0000000E+0	0.0000000E+0
-135.99999E-6	40.728897E-3	794.21554E-6	0.0000000E+0	0.0000000E+0
-134.00000E-6	40.598091E-3	767.44775E-6	0.0000000E+0	0.0000000E+0
-131.99999E-6	40.607776E-3	819.33441E-6	0.0000000E+0	0.0000000E+0
-130.00000E-6	40.587790E-3	888.69856E-6	0.0000000E+0	0.0000000E+0
-127.99999E-6	40.687885E-3	904.73751E-6	0.0000000E+0	0.0000000E+0
-126.00000E-6	40.774427E-3	836.74316E-6	0.0000000E+0	0.0000000E+0
-124.00000E-6	40.844526E-3	744.38896E-6	0.0000000E+0	0.0000000E+0
-122.00000E-6	40.921330E-3	754.30941E-6	0.0000000E+0	0.0000000E+0
-120.00000E-6	40.955085E-3	870.01728E-6	0.0000000E+0	0.0000000E+0
-118.00000E-6	40.953711E-3	902.16263E-6	0.0000000E+0	0.0000000E+0
-116.00000E-6	41.003257E-3	901.83073E-6	0.0000000E+0	0.0000000E+0
-113.99999E-6	40.223062E-3	984.97106E-6	0.0000000E+0	0.0000000E+0
-111.99999E-6	39.993968E-3	1.3134743E-3	0.0000000E+0	-0.0000000E+0
-109.99999E-6	40.291466E-3	1.5642712E-3	0.0000000E+0	-0.0000000E+0
-107.99999E-6	40.459480E-3	1.4674669E-3	0.0000000E+0	-0.0000000E+0
-105.99999E-6	40.543236E-3	1.2673232E-3	0.0000000E+0	0.0000000E+0
-103.99999E-6	40.123083E-3	1.0998101E-3	0.0000000E+0	0.0000000E+0
-102.00000E-6	39.867695E-3	1.1320333E-3	0.0000000E+0	-0.0000000E+0
-99.999997E-6	40.737953E-3	913.99514E-6	0.0000000E+0	-0.0000000E+0
-97.999997E-6	40.807556E-3	1.0639556E-3	0.0000000E+0	0.0000000E+0
-95.999996E-6	40.966187E-3	1.1464803E-3	0.0000000E+0	0.0000000E+0
-93.999995E-6	36.879264E-3	2.9290621E-3	0.0000000E+0	0.0000000E+0
-91.999995E-6	38.028684E-3	3.1989075E-3	0.0000000E+0	-0.0000000E+0
-89.999994E-6	38.654618E-3	2.9190874E-3	0.0000000E+0	-0.0000000E+0
-87.999993E-6	36.354583E-3	2.5693628E-3	0.0000000E+0	0.0000000E+0
-85.999993E-6	34.530189E-3	1.7402625E-3	0.0000000E+0	0.0000000E+0
-83.999992E-6	35.078902E-3	1.8877623E-3	0.0000000E+0	-0.0000000E+0
-81.999999E-6	35.175797E-3	3.1392153E-3	0.0000000E+0	-0.0000000E+0
-79.999998E-6	34.551986E-3	3.1934471E-3	0.0000000E+0	-0.0000000E+0
-77.999997E-6	34.592088E-3	2.7757396E-3	0.0000000E+0	0.0000000E+0
-75.999997E-6	31.261679E-3	-64.542262E-6	0.0000000E+0	0.0000000E+0
-73.999996E-6	31.261615E-3	-28.512164E-6	0.0000000E+0	-0.0000000E+0
-71.999995E-6	31.255923E-3	50.557926E-6	0.0000000E+0	-0.0000000E+0
-69.999995E-6	31.183377E-3	86.544453E-6	0.0000000E+0	0.0000000E+0
-67.999994E-6	31.138357E-3	15.109190E-6	0.0000000E+0	0.0000000E+0
-65.999993E-6	31.171381E-3	-67.394882E-6	0.0000000E+0	-0.0000000E+0
-63.999993E-6	31.099088E-3	-84.846208E-6	0.0000000E+0	-0.0000000E+0
-61.999992E-6	31.071825E-3	-7.2215062E-6	0.0000000E+0	-0.0000000E+0
-59.999991E-6	30.962242E-3	53.776523E-6	0.0000000E+0	0.0000000E+0
-57.999991E-6	30.921368E-3	48.238886E-6	0.0000000E+0	0.0000000E+0
-55.999990E-6	30.796140E-3	2.3357068E-6	0.0000000E+0	-0.0000000E+0
-53.999989E-6	30.764639E-3	-79.153673E-6	0.0000000E+0	-0.0000000E+0
-51.999989E-6	30.848514E-3	-80.317201E-6	0.0000000E+0	0.0000000E+0
-50.000002E-6	30.945694E-3	-27.869903E-6	0.0000000E+0	0.0000000E+0
-48.000002E-6	31.063648E-3	63.633212E-6	0.0000000E+0	0.0000000E+0
-46.000001E-6	31.171657E-3	61.334118E-6	0.0000000E+0	-0.0000000E+0
-44.000000E-6	31.243628E-3	13.158099E-6	0.0000000E+0	-0.0000000E+0
-42.000000E-6	31.262103E-3	-75.525226E-6	0.0000000E+0	0.0000000E+0
-39.999999E-6	31.177357E-3	-81.970145E-6	0.0000000E+0	0.0000000E+0
-37.999998E-6	31.313542E-3	8.2979068E-6	0.0000000E+0	0.0000000E+0
-35.999998E-6	31.344447E-3	72.628769E-6	0.0000000E+0	-0.0000000E+0
-33.999997E-6	31.360812E-3	62.924999E-6	0.0000000E+0	0.0000000E+0
-31.999996E-6	31.409018E-3	3.3438766E-6	0.0000000E+0	0.0000000E+0
-29.999996E-6	31.413373E-3	-64.085289E-6	0.0000000E+0	0.0000000E+0
-27.999995E-6	31.389989E-3	-41.514253E-6	0.0000000E+0	-0.0000000E+0
-25.999994E-6	31.531271E-3	-7.5775001E-6	0.0000000E+0	-0.0000000E+0
-23.999994E-6	31.566471E-3	69.164555E-6	0.0000000E+0	0.0000000E+0
-21.999993E-6	31.664778E-3	72.936047E-6	0.0000000E+0	0.0000000E+0
-19.999992E-6	31.683467E-3	-8.5067759E-6	0.0000000E+0	-0.0000000E+0
-17.999992E-6	31.651169E-3	-81.081736E-6	0.0000000E+0	-0.0000000E+0
-15.999991E-6	31.580046E-3	-65.757173E-6	0.0000000E+0	-0.0000000E+0
-13.999990E-6	31.466413E-3	5.5002702E-6	0.0000000E+0	0.0000000E+0
-11.999990E-6	31.400818E-3	61.825471E-6	0.0000000E+0	0.0000000E+0
-9.9999888E-6	31.325389E-3	67.432738E-6	0.0000000E+0	-0.0000000E+0
-7.9999882E-6	31.271204E-3	-15.064850E-6	0.0000000E+0	-0.0000000E+0
-6.0000020E-6	31.295475E-3	-79.200167E-6	0.0000000E+0	-0.0000000E+0
-4.0000014E-6	31.227987E-3	-56.696183E-6	0.0000000E+0	0.0000000E+0
-2.0000007E-6	31.427365E-3	-4.7626577E-6	0.0000000E+0	0.0000000E+0
0.0000000E+0	31.427827E-3	61.252882E-6	0.0000000E+0	-0.0000000E+0
2.0000007E-6	31.362448E-3	42.030013E-6	0.0000000E+0	-0.0000000E+0
4.0000014E-6	31.369351E-3	-4.0248769E-6	0.0000000E+0	0.0000000E+0
6.0000020E-6	31.159082E-3	-67.866073E-6	0.0000000E+0	0.0000000E+0
8.0000027E-6	31.109205E-3	-74.185235E-6	0.0000000E+0	0.0000000E+0
10.000003E-6	30.985979E-3	29.741648E-6	0.0000000E+0	-0.0000000E+0
12.000004E-6	30.868670E-3	62.153158E-6	0.0000000E+0	-0.0000000E+0
14.000005E-6	30.887440E-3	41.706662E-6	0.0000000E+0	0.0000000E+0
16.000005E-6	30.932674E-3	-20.831645E-6	0.0000000E+0	0.0000000E+0
18.000006E-6	30.970281E-3	-93.049559E-6	0.0000000E+0	-0.0000000E+0
20.000007E-6	31.140750E-3	-49.700837E-6	0.0000000E+0	-0.0000000E+0
22.000007E-6	31.254590E-3	-2.4161766E-6	0.0000000E+0	-0.0000000E+0
24.000008E-6	31.584240E-3	71.874885E-6	0.0000000E+0	0.0000000E+0
26.000009E-6	31.599235E-3	52.740994E-6	0.0000000E+0	0.0000000E+0
28.000009E-6	31.617306E-3	3.7248974E-6	0.0000000E+0	-0.0000000E+0
30.000010E-6	31.661589E-3	-72.409042E-6	0.0000000E+0	-0.0000000E+0
32.000011E-6	31.637102E-3	-65.416003E-6	0.0000000E+0	0.0000000E+0
34.000012E-6	31.308211E-3	-2.0659647E-6	0.0000000E+0	0.0000000E+0
35.999998E-6	31.390440E-3	79.287733E-6	0.0000000E+0	0.0000000E+0
37.999998E-6	31.413950E-3	69.363377E-6	0.0000000E+0	-0.0000000E+0
39.999999E-6	31.509794E-3	-15.218375E-6	0.0000000E+0	-0.0000000E+0
42.000000E-6	31.601831E-3	-71.970251E-6	0.0000000E+0	0.0000000E+0
44.000000E-6	31.670477E-3	-64.962856E-6	0.0000000E+0	0.0000000E+0
46.000016E-6	31.686768E-3	-12.795525E-6	0.0000000E+0	-0.0000000E+0
48.000002E-6	31.605955E-3	57.630408E-6	0.0000000E+0	-0.0000000E+0
50.000017E-6	31.517956E-3	51.567757E-6	0.0000000E+0	-0.0000000E+0
52.000003E-6	31.368412E-3	10.830061E-6	0.0000000E+0	0.0000000E+0
54.000018E-6	31.276975E-3	-96.833865E-6	0.0000000E+0	0.0000000E+0
56.000004E-6	31.248614E-3	-79.413185E-6	0.0000000E+0	-0.0000000E+0
57.999991E-6	31.217135E-3	-13.451543E-6	0.0000000E+0	-0.0000000E+0
60.000006E-6	31.210739E-3	64.777741E-6	0.0000000E+0	0.0000000E+0
61.999992E-6	31.205988E-3	84.881533E-6	0.0000000E+0	0.0000000E+0
64.000007E-6	31.207332E-3	4.5506195E-6	0.0000000E+0	0.0000000E+0
65.999993E-6	31.212145E-3	-53.874894E-6	0.0000000E+0	-0.0000000E+0
68.000008E-6	31.137452E-3	-82.475723E-6	0.0000000E+0	-0.0000000E+0
69.999995E-6	31.029008E-3	-27.492764E-6	0.0000000E+0	0.0000000E+0
72.000010E-6	30.910436E-3	65.050852E-6	0.0000000E+0	0.0000000E+0
73.999996E-6	30.892268E-3	68.087735E-6	0.0000000E+0	-0.0000000E+0
76.000011E-6	30.910626E-3	23.461393E-6	0.0000000E+0	0.0000000E+0
77.999997E-6	31.052100E-3	-45.674693E-6	0.0000000E+0	-0.0000000E+0
80.000013E-6	31.193357E-3	-58.596394E-6	0.0000000E+0	0.0000000E+0
81.999999E-6	31.275995E-3	-56.898880E-6	0.0000000E+0	0.0000000E+0
84.000014E-6	31.348497E-3	48.120604E-6	0.0000000E+0	0.0000000E+0
86.000000E-6	31.344283E-3	75.749354E-6	0.0000000E+0	0.0000000E+0
88.000015E-6	31.347919E-3	33.809687E-6	0.0000000E+0	0.0000000E+0
90.000001E-6	31.349447E-3	-55.240074E-6	0.0000000E+0	0.0000000E+0
92.000017E-6	31.397969E-3	-70.227528E-6	0.0000000E+0	0.0000000E+0
94.000003E-6	31.399600E-3	-38.587954E-6	0.0000000E+0	0.0000000E+0
96.000018E-6	31.490874E-3	12.726547E-6	0.0000000E+0	0.0000000E+0
98.000004E-6	31.563021E-3	68.712237E-6	0.0000000E+0	0.0000000E+0
99.999990E-6	31.702768E-3	36.776273E-6	0.0000000E+0	0.0000000E+0
102.00001E-6	31.723339E-3	-20.750031E-6	0.0000000E+0	0.0000000E+0
103.99999E-6	31.681899E-3	-68.414702E-6	0.0000000E+0	0.0000000E+0
106.00001E-6	31.545714E-3	-81.189777E-6	0.0000000E+0	0.0000000E+0
107.99999E-6	31.384788E-3	11.730564E-6	0.0000000E+0	0.0000000E+0
110.00001E-6	31.304728E-3	60.070368E-6	0.0000000E+0	0.0000000E+0
111.99999E-6	31.283513E-3	52.952510E-6	0.0000000E+0	0.0000000E+0
114.00001E-6	31.225674E-3	-15.538128E-6	0.0000000E+0	0.0000000E+0
116.00000E-6	31.250499E-3	-75.579694E-6	0.0000000E+0	0.0000000E+0
118.00001E-6	31.217979E-3	-53.686545E-6	0.0000000E+0	0.0000000E+0
120.00000E-6	31.243701E-3	11.094044E-6	0.0000000E+0	0.0000000E+0
122.00001E-6	31.278718E-3	69.633963E-6	0.0000000E+0	0.0000000E+0
124.00000E-6	31.189745E-3	53.735264E-6	0.0000000E+0	0.0000000E+0
126.00001E-6	31.036340E-3	3.6890654E-6	0.0000000E+0	0.0000000E+0
128.00000E-6	30.965857E-3	-49.843737E-6	0.0000000E+0	0.0000000E+0
130.00001E-6	30.863265E-3	-72.746567E-6	0.0000000E+0	0.0000000E+0
132.00000E-6	30.914823E-3	-7.2655102E-6	0.0000000E+0	0.0000000E+0
134.00002E-6	31.030256E-3	47.936344E-6	0.0000000E+0	0.0000000E+0
136.00000E-6	31.098973E-3	725.69051E-6	0.0000000E+0	0.0000000E+0
138.00002E-6	31.217849E-3	13.939120E-6	0.0000000E+0	0.0000000E+0
140.00000E-6	32.147504E-3	-60.586204E-6	0.0000000E+0	0.0000000E+0
141.99999E-6	31.337861E-3	-77.198478E-6	0.0000000E+0	0.0000000E+0
144.00001E-6	31.351734E-3	-3.1864074E-6	0.0000000E+0	0.0000000E+0
145.99999E-6	31.240743E-3	67.150002E-6	0.0000000E+0	0.0000000E+0
148.00001E-6	31.265583E-3	70.560811E-6	0.0000000E+0	0.0000000E+0
149.99999E-6	31.288795E-3	10.580770E-6	0.0000000E+0	0.0000000E+0
152.00001E-6	36.565490E-3	2.7084094E-3	0.0000000E+0	0.0000000E+0
153.99999E-6	36.208518E-3	3.1441594E-3	0.0000000E+0	0.0000000E+0
156.00001E-6	37.083752E-3	3.3014759E-3	0.0000000E+0	0.0000000E+0
158.00000E-6	37.736766E-3	3.2033247E-3	0.0000000E+0	0.0000000E+0
160.00001E-6	38.760748E-3	3.0173175E-3	0.0000000E+0	0.0000000E+0
162.00000E-6	37.757318E-3	2.5621392E-3	0.0000000E+0	0.0000000E+0
164.00001E-6	36.923401E-3	2.7868443E-3	0.0000000E+0	0.0000000E+0
166.00000E-6	35.860006E-3	2.9509105E-3	0.0000000E+0	0.0000000E+0
168.00001E-6	36.432721E-3	3.2695003E-3	0.0000000E+0	0.0000000E+0
170.00000E-6	35.444357E-3	3.1097797E-3	0.0000000E+0	0.0000000E+0
172.00001E-6	40.097751E-3	1.2430163E-3	0.0000000E+0	0.0000000E+0
174.00000E-6	40.363327E-3	1.3568079E-3	0.0000000E+0	0.0000000E+0
176.00002E-6	40.457133E-3	1.2505356E-3	0.0000000E+0	0.0000000E+0
178.00000E-6	40.389258E-3	1.0702668E-3	0.0000000E+0	0.0000000E+0
180.00002E-6	40.315516E-3	860.41028E-6	0.0000000E+0	0.0000000E+0
182.00000E-6	40.123634E-3	978.20000E-6	0.0000000E+0	0.0000000E+0
184.00002E-6	40.140346E-3	1.0677946E-3	0.0000000E+0	0.0000000E+0
186.00000E-6	39.971277E-3	1.2851079E-3	0.0000000E+0	0.0000000E+0
187.99999E-6	40.273935E-3	1.1537664E-3	0.0000000E+0	0.0000000E+0
190.00001E-6	40.221751E-3	1.0612622E-3	0.0000000E+0	0.0000000E+0
191.99999E-6	40.790830E-3	801.33363E-6	0.0000000E+0	0.0000000E+0
194.00001E-6	40.894501E-3	828.71842E-6	0.0000000E+0	0.0000000E+0
195.99999E-6	41.047379E-3	905.37255E-6	0.0000000E+0	0.0000000E+0
198.00001E-6	41.017134E-3	921.73170E-6	0.0000000E+0	0.0000000E+0
199.99999E-6	41.055065E-3	860.01650E-6	0.0000000E+0	0.0000000E+0
202.00001E-6	40.984523E-3	816.74260E-6	0.0000000E+0	0.0000000E+0
204.00000E-6	41.020364E-3	781.49361E-6	0.0000000E+0	0.0000000E+0
206.00001E-6	41.033041E-3	808.18770E-6	0.0000000E+0	0.0000000E+0
208.00000E-6	41.103859E-3	888.28465E-6	0.0000000E+0	0.0000000E+0
210.00001E-6	41.264582E-3	891.68176E-6	0.0000000E+0	0.0000000E+0
212.00000E-6	41.370783E-3	860.40242E-6	0.0000000E+0	0.0000000E+0
214.00001E-6	41.400734E-3	801.18200E-6	0.0000000E+0	0.0000000E+0
216.00000E-6	41.333213E-3	742.00996E-6	0.0000000E+0	0.0000000E+0
218.00002E-6	41.171618E-3	780.44971E-6	0.0000000E+0	0.0000000E+0
220.00000E-6	41.071925E-3	837.87978E-6	0.0000000E+0	0.0000000E+0
222.00002E-6	40.977746E-3	864.41229E-6	0.0000000E+0	0.0000000E+0
224.00000E-6	40.964000E-3	859.57395E-6	0.0000000E+0	0.0000000E+0
226.00002E-6	40.931135E-3	807.08542E-6	0.0000000E+0	0.0000000E+0
228.00000E-6	40.927779E-3	766.92301E-6	0.0000000E+0	0.0000000E+0
229.99999E-6	40.864281E-3	772.44180E-6	0.0000000E+0	0.0000000E+0
232.00001E-6	40.833671E-3	797.06474E-6	0.0000000E+0	0.0000000E+0
233.99999E-6	40.733967E-3	893.38113E-6	0.0000000E+0	0.0000000E+0
236.00001E-6	40.628538E-3	888.45409E-6	0.0000000E+0	0.0000000E+0
237.99999E-6	40.544279E-3	840.82008E-6	0.0000000E+0	0.0000000E+0
240.00001E-6	40.629897E-3	779.34674E-6	0.0000000E+0	0.0000000E+0
241.99999E-6	40.786337E-3	766.24978E-6	0.0000000E+0	-0.0000000E+0
244.00001E-6	40.896188E-3	806.34234E-6	0.0000000E+0	0.0000000E+0
246.00001E-6	40.965140E-3	876.79288E-6	0.0000000E+0	0.0000000E+0
248.00003E-6	40.940285E-3	917.10949E-6	0.0000000E+0	-0.0000000E+0
249.99998E-6	40.932350E-3	897.61417E-6	0.0000000E+0	-0.0000000E+0
252.00000E-6	40.884420E-3	822.83700E-6	0.0000000E+0	0.0000000E+0
254.00001E-6	40.933385E-3	761.70807E-6	0.0000000E+0	0.0000000E+0
256.00003E-6	40.921807E-3	791.78979E-6	0.0000000E+0	-0.0000000E+0
257.99999E-6	41.009091E-3	882.20974E-6	0.0000000E+0	-0.0000000E+0
260.00000E-6	41.124575E-3	920.18320E-6	0.0000000E+0	-0.0000000E+0
262.00002E-6	41.246690E-3	903.67405E-6	0.0000000E+0	0.0000000E+0
264.00003E-6	41.327100E-3	829.96587E-6	0.0000000E+0	0.0000000E+0
265.99999E-6	41.240145E-3	779.49691E-6	0.0000000E+0	-0.0000000E+0
268.00000E-6	39.986905E-3	1.5460404E-3	0.0000000E+0	-0.0000000E+0
270.00002E-6	39.385986E-3	2.0347068E-3	0.0000000E+0	0.0000000E+0
271.99998E-6	40.071446E-3	1.7655676E-3	0.0000000E+0	0.0000000E+0
273.99999E-6	39.217707E-3	1.7394207E-3	0.0000000E+0	-0.0000000E+0
276.00001E-6	39.310995E-3	1.2762771E-3	0.0000000E+0	-0.0000000E+0
278.00002E-6	39.247751E-3	1.3183561E-3	0.0000000E+0	-0.0000000E+0
279.99998E-6	39.118733E-3	1.8085571E-3	0.0000000E+0	0.0000000E+0
281.99999E-6	39.160099E-3	1.9615637E-3	0.0000000E+0	0.0000000E+0
284.00001E-6	39.307170E-3	2.3574028E-3	0.0000000E+0	-0.0000000E+0
286.00002E-6	34.696553E-3	3.1516708E-3	0.0000000E+0	-0.0000000E+0
287.99998E-6	33.645056E-3	3.1827525E-3	0.0000000E+0	0.0000000E+0
290.00000E-6	34.277655E-3	2.7818992E-3	0.0000000E+0	0.0000000E+0
292.00001E-6	34.610357E-3	2.1513924E-3	0.0000000E+0	0.0000000E+0
293.99997E-6	33.797696E-3	1.6524661E-3	0.0000000E+0	-0.0000000E+0
295.99998E-6	36.185347E-3	2.2790697E-3	0.0000000E+0	-0.0000000E+0
298.00000E-6	35.352290E-3	2.1839621E-3	0.0000000E+0	0.0000000E+0
300.00001E-6	34.930032E-3	2.6650592E-3	0.0000000E+0	0.0000000E+0
301.99997E-6	33.603221E-3	2.8214629E-3	0.0000000E+0	-0.0000000E+0
303.99999E-6	33.470828E-3	2.1635338E-3	0.0000000E+0	-0.0000000E+0
306.00000E-6	31.320035E-3	-30.722997E-6	0.0000000E+0	0.0000000E+0
308.00002E-6	31.338297E-3	27.812579E-6	0.0000000E+0	0.0000000E+0
309.99997E-6	31.389657E-3	90.323549E-6	0.0000000E+0	0.0000000E+0
311.99999E-6	31.428792E-3	44.793880E-6	0.0000000E+0	-0.0000000E+0
314.00000E-6	31.489227E-3	-31.570449E-6	0.0000000E+0	-0.0000000E+0
315.99996E-6	31.621862E-3	-62.817409E-6	0.0000000E+0	0.0000000E+0
317.99998E-6	31.751432E-3	-54.286993E-6	0.0000000E+0	0.0000000E+0
319.99999E-6	31.717859E-3	14.350675E-6	0.0000000E+0	-0.0000000E+0
322.00001E-6	31.582423E-3	56.923320E-6	0.0000000E+0	-0.0000000E+0
323.99996E-6	31.488743E-3	61.679006E-6	0.0000000E+0	-0.0000000E+0
325.99998E-6	31.376764E-3	-10.185540E-6	0.0000000E+0	0.0000000E+0
327.99999E-6	31.310432E-3	-69.857117E-6	0.0000000E+0	0.0000000E+0
330.00001E-6	31.297252E-3	-65.107139E-6	0.0000000E+0	-0.0000000E+0
331.99997E-6	31.271052E-3	13.230342E-6	0.0000000E+0	-0.0000000E+0
333.99998E-6	31.284489E-3	55.213095E-6	0.0000000E+0	0.0000000E+0
336.00000E-6	31.238366E-3	54.521275E-6	0.0000000E+0	0.0000000E+0
338.00001E-6	31.224633E-3	2.9365867E-6	0.0000000E+0	-0.0000000E+0
339.99997E-6	31.158017E-3	-70.097500E-6	0.0000000E+0	-0.0000000E+0
341.99998E-6	31.111784E-3	-62.356499E-6	0.0000000E+0	-0.0000000E+0
344.00000E-6	30.971311E-3	-29.922165E-6	0.0000000E+0	0.0000000E+0
346.00002E-6	30.888434E-3	47.522790E-6	0.0000000E+0	0.0000000E+0
347.99997E-6	30.870577E-3	68.570480E-6	0.0000000E+0	-0.0000000E+0
349.99999E-6	30.900713E-3	9.6524709E-6	0.0000000E+0	-0.0000000E+0
352.00000E-6	31.026311E-3	-57.993329E-6	0.0000000E+0	0.0000000E+0
354.00002E-6	31.037027E-3	-74.778953E-6	0.0000000E+0	0.0000000E+0
355.99997E-6	31.157812E-3	-21.426800E-6	0.0000000E+0	0.0000000E+0
357.99999E-6	31.207012E-3	61.116254E-6	0.0000000E+0	-0.0000000E+0
360.00001E-6	31.254303E-3	69.555703E-6	0.0000000E+0	-0.0000000E+0
361.99996E-6	31.287029E-3	26.953345E-6	0.0000000E+0	0.0000000E+0
363.99998E-6	31.294569E-3	-62.248022E-6	0.0000000E+0	0.0000000E+0
365.99999E-6	31.292677E-3	-87.393295E-6	0.0000000E+0	-0.0000000E+0
368.00001E-6	31.269919E-3	-13.829379E-6	0.0000000E+0	-0.0000000E+0
369.99997E-6	31.280283E-3	50.803410E-6	0.0000000E+0	-0.0000000E+0
371.99998E-6	31.349670E-3	59.297763E-6	0.0000000E+0	0.0000000E+0
374.00000E-6	31.465445E-3	26.445352E-6	0.0000000E+0	-0.0000000E+0
376.00001E-6	31.550851E-3	-38.616079E-6	0.0000000E+0	-0.0000000E+0
377.99997E-6	31.662513E-3	-69.522641E-6	0.0000000E+0	-0.0000000E+0
379.99998E-6	31.593248E-3	-20.123594E-6	0.0000000E+0	0.0000000E+0
382.00000E-6	31.522196E-3	58.269339E-6	0.0000000E+0	0.0000000E+0
384.00001E-6	31.272143E-3	69.710492E-6	0.0000000E+0	-0.0000000E+0
385.99997E-6	31.180406E-3	20.796810E-6	0.0000000E+0	-0.0000000E+0
387.99999E-6	31.082835E-3	-46.127145E-6	0.0000000E+0	0.0000000E+0
390.00000E-6	31.055346E-3	-84.118677E-6	0.0000000E+0	0.0000000E+0
392.00002E-6	31.039003E-3	-54.762044E-6	0.0000000E+0	0.0000000E+0
393.99997E-6	31.035496E-3	28.814289E-6	0.0000000E+0	-0.0000000E+0
395.99999E-6	31.014960E-3	65.634820E-6	0.0000000E+0	-0.0000000E+0
398.00000E-6	30.975131E-3	10.473100E-6	0.0000000E+0	0.0000000E+0
399.99996E-6	30.965133E-3	-37.178968E-6	0.0000000E+0	0.0000000E+0
401.99998E-6	31.034194E-3	-81.764156E-6	0.0000000E+0	-0.0000000E+0
403.99999E-6	30.995071E-3	-16.864202E-6	0.0000000E+0	-0.0000000E+0
406.00001E-6	30.857885E-3	23.358793E-6	0.0000000E+0	-0.0000000E+0
407.99996E-6	30.719515E-3	68.302150E-6	0.0000000E+0	0.0000000E+0
409.99998E-6	30.770682E-3	44.605255E-6	0.0000000E+0	0.0000000E+0
411.99999E-6	30.814242E-3	-57.412992E-6	0.0000000E+0	-0.0000000E+0
414.00001E-6	30.941393E-3	-63.870408E-6	0.0000000E+0	-0.0000000E+0
415.99997E-6	31.064283E-3	-47.388239E-6	0.0000000E+0	0.0000000E+0
417.99998E-6	31.183371E-3	5.6744530E-6	0.0000000E+0	0.0000000E+0
420.00000E-6	31.219229E-3	73.930743E-6	0.0000000E+0	-0.0000000E+0
422.00001E-6	31.276189E-3	40.065061E-6	0.0000000E+0	-0.0000000E+0
423.99997E-6	31.462774E-3	-32.074357E-6	0.0000000E+0	0.0000000E+0
425.99998E-6	31.454701E-3	-65.307613E-6	0.0000000E+0	0.0000000E+0
428.00000E-6	31.502858E-3	-74.843301E-6	0.0000000E+0	-0.0000000E+0
430.00001E-6	31.518798E-3	11.071615E-6	0.0000000E+0	-0.0000000E+0
431.99997E-6	31.590659E-3	51.640785E-6	0.0000000E+0	-0.0000000E+0
433.99999E-6	31.703200E-3	51.464653E-6	0.0000000E+0	0.0000000E+0
436.00000E-6	31.820554E-3	-11.825280E-6	0.0000000E+0	0.0000000E+0
438.00002E-6	31.856056E-3	-55.932360E-6	0.0000000E+0	-0.0000000E+0
439.99997E-6	31.788863E-3	-73.294192E-6	0.0000000E+0	0.0000000E+0
441.99999E-6	31.677678E-3	10.379135E-6	0.0000000E+0	0.0000000E+0
444.00000E-6	31.541664E-3	39.791768E-6	0.0000000E+0	0.0000000E+0
445.99996E-6	31.408567E-3	73.967785E-6	0.0000000E+0	0.0000000E+0
447.99998E-6	31.374410E-3	15.232138E-6	0.0000000E+0	0.0000000E+0
449.99999E-6	31.343374E-3	-74.444979E-6	0.0000000E+0	0.0000000E+0
452.00001E-6	31.343061E-3	-78.922283E-6	0.0000000E+0	0.0000000E+0
453.99996E-6	31.129578E-3	-44.284305E-6	0.0000000E+0	0.0000000E+0
455.99998E-6	31.127997E-3	23.268276E-6	0.0000000E+0	0.0000000E+0
457.99999E-6	31.129885E-3	49.510712E-6	0.0000000E+0	0.0000000E+0
460.00001E-6	31.054657E-3	22.398535E-6	0.0000000E+0	0.0000000E+0
461.99997E-6	30.930918E-3	-46.791487E-6	0.0000000E+0	0.0000000E+0
463.99998E-6	30.841779E-3	-53.628552E-6	0.0000000E+0	0.0000000E+0
466.00000E-6	30.830676E-3	-30.501398E-6	0.0000000E+0	0.0000000E+0
468.00001E-6	30.880405E-3	27.536787E-6	0.0000000E+0	0.0000000E+0
469.99997E-6	31.017922E-3	74.784002E-6	0.0000000E+0	0.0000000E+0
471.99999E-6	31.167107E-3	43.672902E-6	0.0000000E+0	0.0000000E+0
474.00000E-6	31.252000E-3	-36.851652E-6	0.0000000E+0	0.0000000E+0
476.00002E-6	31.324055E-3	-60.888684E-6	0.0000000E+0	0.0000000E+0
477.99997E-6	31.233307E-3	-41.019084E-6	0.0000000E+0	0.0000000E+0
479.99999E-6	31.258989E-3	28.657139E-6	0.0000000E+0	0.0000000E+0
482.00000E-6	31.252328E-3	69.164140E-6	0.0000000E+0	0.0000000E+0
483.99996E-6	31.299595E-3	18.929661E-6	0.0000000E+0	0.0000000E+0
485.99998E-6	31.308778E-3	-28.528626E-6	0.0000000E+0	0.0000000E+0
487.99999E-6	31.351883E-3	-91.724178E-6	0.0000000E+0	0.0000000E+0
490.00001E-6	31.471103E-3	-30.860432E-6	0.0000000E+0	0.0000000E+0
491.99996E-6	31.560589E-3	11.956811E-6	0.0000000E+0	0.0000000E+0
493.99998E-6	31.582270E-3	68.481786E-6	0.0000000E+0	0.0000000E+0
495.99999E-6	31.553060E-3	26.450645E-6	0.0000000E+0	0.0000000E+0
498.00001E-6	31.452186E-3	-12.273853E-6	0.0000000E+0	0.0000000E+0
499.99997E-6	31.323221E-3	-63.896499E-6	0.0000000E+0	0.0000000E+0
501.99998E-6	32.243691E-3	779.31798E-6	0.0000000E+0	0.0000000E+0
504.00000E-6	31.189978E-3	17.937915E-6	0.0000000E+0	0.0000000E+0
506.00001E-6	31.127373E-3	856.84785E-6	0.0000000E+0	0.0000000E+0
507.99997E-6	31.105481E-3	32.851669E-6	0.0000000E+0	0.0000000E+0
509.99998E-6	31.098200E-3	-14.561862E-6	0.0000000E+0	0.0000000E+0
512.00000E-6	31.070082E-3	-77.318189E-6	0.0000000E+0	0.0000000E+0
514.00001E-6	31.127881E-3	-68.984860E-6	0.0000000E+0	0.0000000E+0
515.99997E-6	36.956709E-3	3.3748338E-3	0.0000000E+0	0.0000000E+0
517.99999E-6	38.846556E-3	2.6195063E-3	0.0000000E+0	0.0000000E+0
520.00000E-6	38.007155E-3	2.4660954E-3	0.0000000E+0	0.0000000E+0
522.00002E-6	36.809418E-3	2.8554965E-3	0.0000000E+0	0.0000000E+0
523.99997E-6	38.824625E-3	2.2390576E-3	0.0000000E+0	0.0000000E+0
525.99999E-6	38.469400E-3	2.6533683E-3	0.0000000E+0	0.0000000E+0
528.00000E-6	38.866241E-3	2.4456861E-3	0.0000000E+0	0.0000000E+0
529.99996E-6	38.974807E-3	2.1378156E-3	0.0000000E+0	0.0000000E+0
531.99998E-6	39.615206E-3	1.7463146E-3	0.0000000E+0	0.0000000E+0
533.99999E-6	40.649146E-3	883.92477E-6	0.0000000E+0	0.0000000E+0
536.00001E-6	40.674362E-3	820.13744E-6	0.0000000E+0	0.0000000E+0
537.99996E-6	40.671743E-3	824.14830E-6	0.0000000E+0	0.0000000E+0
539.99998E-6	40.710744E-3	857.11508E-6	0.0000000E+0	0.0000000E+0
541.99999E-6	40.763862E-3	923.48474E-6	0.0000000E+0	0.0000000E+0
544.00001E-6	40.835708E-3	907.38153E-6	0.0000000E+0	0.0000000E+0
545.99997E-6	40.883671E-3	873.18744E-6	0.0000000E+0	0.0000000E+0
547.99998E-6	40.952988E-3	800.45610E-6	0.0000000E+0	0.0000000E+0
550.00000E-6	40.848244E-3	796.85374E-6	0.0000000E+0	0.0000000E+0
552.00001E-6	40.749688E-3	869.95971E-6	0.0000000E+0	0.0000000E+0
553.99997E-6	41.031543E-3	870.23474E-6	0.0000000E+0	0.0000000E+0
555.99998E-6	40.926132E-3	903.39390E-6	0.0000000E+0	0.0000000E+0
558.00000E-6	40.803354E-3	863.39551E-6	0.0000000E+0	0.0000000E+0
560.00001E-6	40.740591E-3	795.20477E-6	0.0000000E+0	0.0000000E+0
561.99997E-6	40.684659E-3	764.44540E-6	0.0000000E+0	0.0000000E+0
563.99999E-6	40.664650E-3	802.02962E-6	0.0000000E+0	0.0000000E+0
566.00000E-6	40.642649E-3	859.54770E-6	0.0000000E+0	0.0000000E+0
568.00002E-6	40.651631E-3	892.12798E-6	0.0000000E+0	0.0000000E+0
569.99997E-6	40.654067E-3	890.65178E-6	0.0000000E+0	0.0000000E+0
571.99999E-6	40.663313E-3	822.43199E-6	0.0000000E+0	0.0000000E+0
574.00001E-6	40.567972E-3	759.13814E-6	0.0000000E+0	0.0000000E+0
575.99996E-6	40.428326E-3	778.19056E-6	0.0000000E+0	0.0000000E+0
577.99998E-6	40.325217E-3	823.40615E-6	0.0000000E+0	0.0000000E+0
579.99999E-6	40.363651E-3	888.34582E-6	0.0000000E+0	0.0000000E+0
582.00001E-6	40.522512E-3	873.15281E-6	0.0000000E+0	0.0000000E+0
583.99996E-6	40.652782E-3	819.25257E-6	0.0000000E+0	0.0000000E+0
585.99998E-6	40.818114E-3	779.55192E-6	0.0000000E+0	0.0000000E+0
588.00000E-6	40.927369E-3	763.37525E-6	0.0000000E+0	0.0000000E+0
590.00001E-6	40.889114E-3	818.69692E-6	0.0000000E+0	0.0000000E+0
591.99997E-6	40.906791E-3	882.88030E-6	0.0000000E+0	0.0000000E+0
593.99998E-6	40.872071E-3	900.96623E-6	0.0000000E+0	0.0000000E+0
596.00000E-6	40.862337E-3	827.85595E-6	0.0000000E+0	0.0000000E+0
598.00001E-6	40.868174E-3	768.46679E-6	0.0000000E+0	0.0000000E+0
599.99997E-6	40.917307E-3	749.41141E-6	0.0000000E+0	0.0000000E+0
601.99999E-6	41.050225E-3	799.72268E-6	0.0000000E+0	0.0000000E+0
604.00000E-6	41.167662E-3	875.47861E-6	0.0000000E+0	0.0000000E+0
606.00002E-6	41.252259E-3	910.57923E-6	0.0000000E+0	0.0000000E+0
607.99997E-6	41.222721E-3	865.02376E-6	0.0000000E+0	0.0000000E+0
609.99999E-6	40.623993E-3	929.84544E-6	0.0000000E+0	0.0000000E+0
612.00000E-6	40.304352E-3	1.0839569E-3	0.0000000E+0	0.0000000E+0
613.99996E-6	40.665559E-3	800.66919E-6	0.0000000E+0	-0.0000000E+0
615.99998E-6	40.603757E-3	883.15993E-6	0.0000000E+0	-0.0000000E+0
617.99999E-6	40.628802E-3	939.61688E-6	0.0000000E+0	0.0000000E+0
620.00001E-6	40.528741E-3	918.79320E-6	0.0000000E+0	0.0000000E+0
621.99996E-6	40.592495E-3	843.95055E-6	0.0000000E+0	-0.0000000E+0
623.99998E-6	40.598094E-3	780.99029E-6	0.0000000E+0	-0.0000000E+0
625.99999E-6	40.545672E-3	778.08287E-6	0.0000000E+0	0.0000000E+0
628.00001E-6	40.470306E-3	842.90776E-6	0.0000000E+0	0.0000000E+0
629.99997E-6	38.932960E-3	2.3290559E-3	0.0000000E+0	0.0000000E+0
631.99998E-6	38.734995E-3	2.4896436E-3	0.0000000E+0	-0.0000000E+0
634.00000E-6	39.189309E-3	1.1558856E-3	0.0000000E+0	-0.0000000E+0
636.00001E-6	39.024085E-3	1.2880174E-3	0.0000000E+0	0.0000000E+0
637.99997E-6	39.187439E-3	1.6286204E-3	0.0000000E+0	0.0000000E+0
639.99998E-6	37.084561E-3	2.7340855E-3	0.0000000E+0	-0.0000000E+0
642.00000E-6	36.897115E-3	2.9343385E-3	0.0000000E+0	-0.0000000E+0
644.00001E-6	36.304537E-3	2.9993623E-3	0.0000000E+0	0.0000000E+0
645.99997E-6	38.364347E-3	2.8313135E-3	0.0000000E+0	0.0000000E+0
647.99999E-6	32.608509E-3	2.6055926E-3	0.0000000E+0	-0.0000000E+0
650.00000E-6	31.155694E-3	-89.839399E-6	0.0000000E+0	-0.0000000E+0
652.00002E-6	31.265467E-3	-30.739175E-6	0.0000000E+0	-0.0000000E+0
653.99997E-6	31.285405E-3	247.18282E-6	0.0000000E+0	0.0000000E+0
655.99999E-6	31.544197E-3	68.570058E-6	0.0000000E+0	0.0000000E+0
658.00000E-6	31.471521E-3	39.142029E-6	0.0000000E+0	-0.0000000E+0
659.99996E-6	31.746905E-3	70.022244E-6	0.0000000E+0	-0.0000000E+0
661.99998E-6	31.175982E-3	-62.296356E-6	0.0000000E+0	0.0000000E+0
663.99999E-6	31.056618E-3	-76.440920E-6	0.0000000E+0	0.0000000E+0
666.00001E-6	31.104369E-3	-5.0306076E-6	0.0000000E+0	-0.0000000E+0
667.99996E-6	31.152982E-3	51.417643E-6	0.0000000E+0	-0.0000000E+0
669.99998E-6	31.156758E-3	64.975713E-6	0.0000000E+0	0.0000000E+0
671.99999E-6	31.133790E-3	12.105113E-6	0.0000000E+0	0.0000000E+0
674.00001E-6	31.113671E-3	-48.840855E-6	0.0000000E+0	-0.0000000E+0
675.99997E-6	31.096878E-3	-65.611552E-6	0.0000000E+0	-0.0000000E+0
677.99998E-6	30.993136E-3	-39.021419E-6	0.0000000E+0	-0.0000000E+0
680.00000E-6	30.843591E-3	37.897451E-6	0.0000000E+0	0.0000000E+0
682.00001E-6	30.784667E-3	69.400754E-6	0.0000000E+0	0.0000000E+0
683.99997E-6	30.832756E-3	66.974448E-6	0.0000000E+0	-0.0000000E+0
685.99998E-6	30.973697E-3	-27.416543E-6	0.0000000E+0	-0.0000000E+0
688.00000E-6	31.108618E-3	-80.892387E-6	0.0000000E+0	0.0000000E+0
690.00002E-6	31.211352E-3	-58.634567E-6	0.0000000E+0	0.0000000E+0
691.99997E-6	31.244883E-3	12.300054E-6	0.0000000E+0	-0.0000000E+0
693.99999E-6	31.281527E-3	73.641881E-6	0.0000000E+0	-0.0000000E+0
696.00000E-6	31.264693E-3	58.161455E-6	0.0000000E+0	0.0000000E+0
697.99996E-6	31.263966E-3	-16.227801E-6	0.0000000E+0	0.0000000E+0
699.99998E-6	31.304993E-3	-71.006398E-6	0.0000000E+0	-0.0000000E+0
701.99999E-6	31.383812E-3	-80.792728E-6	0.0000000E+0	-0.0000000E+0
704.00001E-6	31.475544E-3	-11.160059E-6	0.0000000E+0	-0.0000000E+0
705.99996E-6	31.558465E-3	40.929939E-6	0.0000000E+0	0.0000000E+0
707.99998E-6	31.611983E-3	71.233510E-6	0.0000000E+0	0.0000000E+0
709.99999E-6	31.543065E-3	-2.9581013E-6	0.0000000E+0	-0.0000000E+0
712.00001E-6	31.447392E-3	-66.676403E-6	0.0000000E+0	-0.0000000E+0
713.99997E-6	31.303212E-3	-84.460356E-6	0.0000000E+0	0.0000000E+0
715.99998E-6	31.218190E-3	-24.374838E-6	0.0000000E+0	0.0000000E+0
718.00000E-6	31.144857E-3	62.024679E-6	0.0000000E+0	-0.0000000E+0
720.00001E-6	31.160967E-3	57.186127E-6	0.0000000E+0	-0.0000000E+0
721.99997E-6	31.136749E-3	24.285111E-6	0.0000000E+0	0.0000000E+0
723.99998E-6	31.116171E-3	-39.175866E-6	0.0000000E+0	0.0000000E+0
726.00000E-6	31.116705E-3	-56.713285E-6	0.0000000E+0	-0.0000000E+0
728.00001E-6	31.081896E-3	-14.922042E-6	0.0000000E+0	-0.0000000E+0
729.99997E-6	30.995611E-3	47.229776E-6	0.0000000E+0	-0.0000000E+0
731.99999E-6	30.855451E-3	85.584797E-6	0.0000000E+0	0.0000000E+0
734.00000E-6	30.797880E-3	30.952218E-6	0.0000000E+0	0.0000000E+0
736.00002E-6	30.793793E-3	-43.965898E-6	0.0000000E+0	-0.0000000E+0
737.99997E-6	30.866047E-3	-89.512774E-6	0.0000000E+0	-0.0000000E+0
739.99999E-6	31.004330E-3	-36.450318E-6	0.0000000E+0	0.0000000E+0
742.00000E-6	31.156424E-3	26.634892E-6	0.0000000E+0	0.0000000E+0
743.99996E-6	31.226590E-3	54.744833E-6	0.0000000E+0	-0.0000000E+0
745.99998E-6	31.279236E-3	20.649093E-6	0.0000000E+0	-0.0000000E+0
747.99999E-6	31.273533E-3	-17.857494E-6	0.0000000E+0	0.0000000E+0
750.00001E-6	31.311490E-3	-85.901891E-6	0.0000000E+0	0.0000000E+0
751.99996E-6	31.288035E-3	-68.519395E-6	0.0000000E+0	-0.0000000E+0
753.99998E-6	31.289041E-3	9.9736917E-6	0.0000000E+0	-0.0000000E+0
755.99999E-6	31.307910E-3	62.893225E-6	0.0000000E+0	-0.0000000E+0
758.00001E-6	31.359531E-3	57.981379E-6	0.0000000E+0	0.0000000E+0
759.99997E-6	31.704571E-3	-24.494739E-6	0.0000000E+0	0.0000000E+0
761.99998E-6	31.810883E-3	-105.97270E-6	0.0000000E+0	-0.0000000E+0
764.00000E-6	31.901378E-3	-50.925715E-6	0.0000000E+0	-0.0000000E+0
766.00001E-6	31.591177E-3	8.3398882E-6	0.0000000E+0	0.0000000E+0
767.99997E-6	31.538449E-3	64.833141E-6	0.0000000E+0	0.0000000E+0
769.99998E-6	31.399880E-3	46.369791E-6	0.0000000E+0	-0.0000000E+0
772.00000E-6	31.355709E-3	-34.818760E-6	0.0000000E+0	-0.0000000E+0
774.00001E-6	31.223817E-3	-72.366805E-6	0.0000000E+0	0.0000000E+0
775.99997E-6	31.148972E-3	-66.586777E-6	0.0000000E+0	0.0000000E+0
777.99999E-6	31.130308E-3	-17.649971E-6	0.0000000E+0	0.0000000E+0
780.00000E-6	31.127660E-3	63.755462E-6	0.0000000E+0	-0.0000000E+0
782.00002E-6	31.136286E-3	51.984814E-6	0.0000000E+0	-0.0000000E+0
784.00003E-6	31.130247E-3	-11.340668E-6	0.0000000E+0	0.0000000E+0
785.99993E-6	31.118691E-3	-47.592654E-6	0.0000000E+0	0.0000000E+0
787.99995E-6	31.068465E-3	-62.194042E-6	0.0000000E+0	-0.0000000E+0
789.99996E-6	30.992225E-3	6.5070381E-6	0.0000000E+0	-0.0000000E+0
791.99998E-6	30.868046E-3	70.650698E-6	0.0000000E+0	0.0000000E+0
793.99999E-6	30.800795E-3	72.370924E-6	0.0000000E+0	0.0000000E+0
796.00001E-6	30.824283E-3	7.9418669E-6	0.0000000E+0	-0.0000000E+0
798.00002E-6	30.891867E-3	-61.406703E-6	0.0000000E+0	-0.0000000E+0
800.00004E-6	31.084379E-3	-77.906399E-6	0.0000000E+0	0.0000000E+0
801.99994E-6	31.157279E-3	-20.874413E-6	0.0000000E+0	0.0000000E+0
803.99995E-6	31.197138E-3	27.513444E-6	0.0000000E+0	-0.0000000E+0
805.99997E-6	31.263646E-3	68.429974E-6	0.0000000E+0	-0.0000000E+0
807.99998E-6	31.258557E-3	28.668121E-6	0.0000000E+0	-0.0000000E+0
810.00000E-6	31.275664E-3	-60.916129E-6	0.0000000E+0	0.0000000E+0
812.00001E-6	31.319641E-3	-81.594910E-6	0.0000000E+0	0.0000000E+0
814.00003E-6	31.331692E-3	-47.522110E-6	0.0000000E+0	-0.0000000E+0
816.00004E-6	31.446908E-3	28.891172E-6	0.0000000E+0	-0.0000000E+0
817.99994E-6	31.583577E-3	83.121886E-6	0.0000000E+0	0.0000000E+0
819.99996E-6	31.654119E-3	55.435288E-6	0.0000000E+0	0.0000000E+0
821.99997E-6	31.672612E-3	-18.200748E-6	0.0000000E+0	0.0000000E+0
823.99999E-6	31.518333E-3	-62.634332E-6	0.0000000E+0	0.0000000E+0
826.00000E-6	31.372685E-3	-50.359169E-6	0.0000000E+0	0.0000000E+0
828.00002E-6	31.262726E-3	667.71230E-9	0.0000000E+0	0.0000000E+0
830.00003E-6	31.237893E-3	60.405040E-6	0.0000000E+0	0.0000000E+0
831.99993E-6	31.237451E-3	73.238189E-6	0.0000000E+0	0.0000000E+0
833.99995E-6	31.091832E-3	-4.4836675E-6	0.0000000E+0	0.0000000E+0
835.99996E-6	31.039706E-3	-53.440603E-6	0.0000000E+0	0.0000000E+0
837.99998E-6	31.022023E-3	-52.263524E-6	0.0000000E+0	0.0000000E+0
839.99999E-6	30.981835E-3	-25.670424E-6	0.0000000E+0	0.0000000E+0
842.00001E-6	30.889500E-3	32.618693E-6	0.0000000E+0	0.0000000E+0
844.00002E-6	30.863959E-3	61.407023E-6	0.0000000E+0	0.0000000E+0
846.00004E-6	30.857643E-3	36.858124E-6	0.0000000E+0	0.0000000E+0
847.99994E-6	30.962685E-3	-31.230451E-6	0.0000000E+0	0.0000000E+0
849.99995E-6	31.072000E-3	-85.804008E-6	0.0000000E+0	0.0000000E+0
851.99997E-6	31.197468E-3	-60.149017E-6	0.0000000E+0	0.0000000E+0
853.99998E-6	31.255469E-3	17.443486E-6	0.0000000E+0	0.0000000E+0
856.00000E-6	31.270035E-3	73.756979E-6	0.0000000E+0	0.0000000E+0
858.00001E-6	31.322181E-3	44.002507E-6	0.0000000E+0	0.0000000E+0
860.00003E-6	31.279370E-3	-9.6973026E-6	0.0000000E+0	0.0000000E+0
862.00004E-6	31.305991E-3	-81.291881E-6	0.0000000E+0	0.0000000E+0
863.99994E-6	31.380922E-3	-77.480290E-6	0.0000000E+0	0.0000000E+0
865.99996E-6	31.431608E-3	-12.765460E-6	0.0000000E+0	0.0000000E+0
867.99997E-6	31.546578E-3	65.002547E-6	0.0000000E+0	0.0000000E+0
869.99999E-6	31.619135E-3	72.998468E-6	0.0000000E+0	0.0000000E+0
872.00000E-6	31.625256E-3	25.271311E-6	0.0000000E+0	0.0000000E+0
874.00002E-6	31.511784E-3	-49.429211E-6	0.0000000E+0	0.0000000E+0
876.00003E-6	31.350404E-3	-81.933846E-6	0.0000000E+0	0.0000000E+0
877.99993E-6	34.154523E-3	2.9686559E-3	0.0000000E+0	0.0000000E+0
879.99995E-6	33.135023E-3	2.8459595E-3	0.0000000E+0	0.0000000E+0
881.99996E-6	33.706453E-3	2.1937871E-3	0.0000000E+0	0.0000000E+0
883.99998E-6	36.074951E-3	2.3761415E-3	0.0000000E+0	0.0000000E+0
885.99999E-6	36.415558E-3	2.6542342E-3	0.0000000E+0	0.0000000E+0
888.00001E-6	35.403199E-3	2.9648570E-3	0.0000000E+0	0.0000000E+0
890.00002E-6	34.436587E-3	3.2235859E-3	0.0000000E+0	0.0000000E+0
892.00004E-6	34.734920E-3	3.0775457E-3	0.0000000E+0	0.0000000E+0
893.99994E-6	35.245165E-3	2.5659499E-3	0.0000000E+0	0.0000000E+0
895.99995E-6	39.838061E-3	1.4863514E-3	0.0000000E+0	0.0000000E+0
897.99997E-6	39.928187E-3	1.1776703E-3	0.0000000E+0	0.0000000E+0
899.99998E-6	40.063668E-3	891.14654E-6	0.0000000E+0	0.0000000E+0
902.00000E-6	40.126905E-3	933.31590E-6	0.0000000E+0	0.0000000E+0
904.00001E-6	39.858442E-3	1.1479966E-3	0.0000000E+0	0.0000000E+0
906.00003E-6	39.981171E-3	1.1424454E-3	0.0000000E+0	0.0000000E+0
908.00005E-6	40.095717E-3	1.6869470E-3	0.0000000E+0	0.0000000E+0
909.99994E-6	40.341981E-3	1.6695587E-3	0.0000000E+0	0.0000000E+0
911.99996E-6	40.686775E-3	1.0260473E-3	0.0000000E+0	0.0000000E+0
913.99997E-6	40.322028E-3	935.67674E-6	0.0000000E+0	0.0000000E+0
915.99999E-6	40.881444E-3	851.09757E-6	0.0000000E+0	0.0000000E+0
918.00001E-6	41.010369E-3	918.23348E-6	0.0000000E+0	0.0000000E+0
920.00002E-6	41.154563E-3	907.94638E-6	0.0000000E+0	0.0000000E+0
922.00004E-6	41.289173E-3	859.45032E-6	41.097365E-3	811.26852E-6
923.99993E-6	41.327387E-3	799.86703E-6	41.182864E-3	765.35472E-6
925.99995E-6	41.267551E-3	780.05559E-6	41.140933E-3	776.73385E-6
927.99996E-6	41.160349E-3	813.80352E-6	41.051667E-3	832.20913E-6
929.99998E-6	40.954817E-3	901.69441E-6	40.983766E-3	878.70623E-6
932.00000E-6	40.911123E-3	910.65885E-6	40.887769E-3	885.85768E-6
934.00001E-6	41.102756E-3	890.69497E-6	40.855240E-3	834.71538E-6
936.00003E-6	41.218400E-3	793.36489E-6	40.825989E-3	759.20206E-6
938.00004E-6	41.206785E-3	748.90919E-6	40.792439E-3	759.69246E-6
939.99994E-6	41.166164E-3	774.35997E-6	40.761881E-3	787.82305E-6
941.99996E-6	41.120846E-3	832.38725E-6	40.773097E-3	878.68160E-6
943.99997E-6	40.854394E-3	894.10628E-6	40.739495E-3	908.43532E-6
945.99999E-6	40.749054E-3	863.08311E-6	40.618248E-3	842.02044E-6
948.00000E-6	40.646791E-3	807.74032E-6	40.516116E-3	784.97780E-6
950.00002E-6	40.575866E-3	755.84662E-6	40.397249E-3	751.49734E-6
952.00003E-6	40.637784E-3	758.87772E-6	40.372305E-3	768.96680E-6
953.99993E-6	40.734801E-3	828.26294E-6	40.358059E-3	849.43214E-6
955.99995E-6	40.826816E-3	905.70463E-6	40.472433E-3	912.48995E-6
957.99996E-6	40.906843E-3	882.58012E-6	40.564161E-3	913.05113E-6
959.99998E-6	40.924303E-3	849.54844E-6	40.540528E-3	830.09835E-6
961.99999E-6	41.023258E-3	762.67502E-6	40.565841E-3	758.27795E-6
964.00001E-6	40.992215E-3	771.15587E-6	40.599126E-3	782.74071E-6
966.00002E-6	40.993087E-3	832.65261E-6	40.608730E-3	870.38643E-6
968.00004E-6	40.930420E-3	890.93490E-6	40.652230E-3	922.69410E-6
969.99994E-6	40.937405E-3	901.64348E-6	40.750530E-3	901.83731E-6
971.99995E-6	41.089069E-3	849.32818E-6	40.815093E-3	861.34207E-6
973.99997E-6	40.489145E-3	954.80855E-6	40.087648E-3	1.5980917E-3
975.99998E-6	39.847836E-3	1.4204700E-3	39.888207E-3	1.3525831E-3
978.00000E-6	40.400643E-3	1.4946886E-3	39.998315E-3	1.3024405E-3
980.00001E-6	40.020868E-3	1.7438257E-3	40.276498E-3	1.4926537E-3
982.00003E-6	39.983705E-3	1.5219572E-3	40.161639E-3	1.8077501E-3
984.00004E-6	39.465368E-3	1.1928841E-3	40.200010E-3	1.8689811E-3
985.99994E-6	39.440833E-3	1.1596644E-3	39.783053E-3	1.6534914E-3
987.99996E-6	39.771389E-3	1.3675977E-3	39.939389E-3	1.2641759E-3
989.99997E-6	40.147830E-3	1.5509733E-3	39.440338E-3	1.2171962E-3
991.99999E-6	36.292769E-3	2.8634160E-3	35.395373E-3	3.2234828E-3
994.00000E-6	36.750298E-3	2.5747835E-3	35.610404E-3	2.9479549E-3
996.00002E-6	34.243584E-3	3.2986656E-3	36.358245E-3	2.2258069E-3
998.00003E-6	32.818254E-3	2.8744421E-3	32.101106E-3	1.2515510E-3
999.99993E-6	31.993799E-3	2.3694213E-3	33.508163E-3	2.1636810E-3
