Experiment	Sweeper	
Saved Date	30.06.2023 19:54:07	
User		
Date		
Start time	30.06.2023 19:42:02	
Sweep channel: Name	Output 2 (V)	
Sweep channel: Start (V)	-100E-6	
Sweep channel: Stop (V)	400E-6	
Sweep channel: Points	601	
Sweep channel: Max slew rate (V/s)	Inf	
Sweep channel: Initial settling time (s)	20E+3	
Sweep channel: End settling time (s)	2E+0	
Sweep channel: Backward sweep	TRUE	
Sweep channel: Number of sweeps	2	
Sweep channel: Reset	FALSE	
Step channel 1: Name	Output 3 (V)	
Step channel 1: Start (V)	50E-3	
Step channel 1: Stop (V)	50E-3	
Step channel 1: Points	2	
Step channel 1: Max slew rate (V/s)	10E+0	
Step channel 1:  Initial settling time (s)	2E+0	
Step channel 1: End settling time (s)	2E+0	
Step channel 1: Backward sweep	FALSE	
Step channel 1: Reset	FALSE	
Sweep Type	2D-Both RT	
Acquire channels	Input 1 (V);LI Demod 3 X (V)	
Filter type	None	
Order		
Cutoff frq		

[DATA]
Output 2 Setp. (V)	Input 1 [00001] (V)	LI Demod 3 X [00001] (V)	Input 1 [00002] (V)	LI Demod 3 X [00002] (V)	Input 1 [00001] [bwd] (V)	LI Demod 3 X [00001] [bwd] (V)	Input 1 [00002] [bwd] (V)	LI Demod 3 X [00002] [bwd] (V)
-99.999997E-6	30.990155E-3	47.366480E-6	31.699285E-3	16.457141E-6	31.637501E-3	52.549309E-6	30.797446E-3	42.516444E-6
-99.166667E-6	30.989753E-3	47.358229E-6	31.700235E-3	-59.232294E-6	31.560387E-3	63.993357E-6	30.726973E-3	69.434485E-6
-98.333330E-6	30.994523E-3	-4.8142779E-6	31.608149E-3	-60.309627E-6	31.513344E-3	-16.843351E-6	30.700639E-3	-52.518746E-6
-97.500000E-6	30.917814E-3	-99.917241E-6	31.574834E-3	-7.2563989E-6	31.445917E-3	-96.791737E-6	30.703742E-3	-76.177246E-6
-96.666663E-6	30.943347E-3	-66.475106E-6	31.392723E-3	72.785871E-6	31.434998E-3	-41.276406E-6	30.640380E-3	15.771731E-6
-95.833333E-6	31.007824E-3	30.678584E-6	31.364869E-3	61.620500E-6	31.310949E-3	30.864292E-6	30.684078E-3	46.173627E-6
-94.999996E-6	30.968497E-3	69.978581E-6	31.306315E-3	-32.662745E-6	31.347722E-3	66.404689E-6	30.656561E-3	22.959577E-6
-94.166666E-6	30.944752E-3	31.866730E-6	31.323817E-3	-85.877298E-6	31.314664E-3	19.910000E-6	30.617287E-3	-73.007795E-6
-93.333329E-6	30.985055E-3	-46.250225E-6	31.340819E-3	-20.444413E-6	31.303592E-3	-64.515232E-6	30.638684E-3	-65.701111E-6
-92.499999E-6	30.986369E-3	-61.445775E-6	31.294830E-3	27.599481E-6	31.285409E-3	-68.818517E-6	30.651061E-3	50.568473E-6
-91.666661E-6	30.963385E-3	-46.269091E-6	31.283509E-3	69.573027E-6	31.293202E-3	-26.196931E-6	30.649576E-3	59.911148E-6
-90.833331E-6	30.931134E-3	44.128774E-6	31.286698E-3	28.393537E-6	31.263247E-3	67.667512E-6	30.635852E-3	-26.829952E-6
-90.000001E-6	30.937597E-3	71.296265E-6	31.280197E-3	-64.848187E-6	31.316683E-3	54.702505E-6	30.630192E-3	-76.711731E-6
-89.166664E-6	30.922204E-3	-5.1389302E-6	31.312533E-3	-75.396289E-6	31.331234E-3	6.7458654E-6	30.626280E-3	-19.827678E-6
-88.333334E-6	30.877128E-3	-66.613175E-6	31.281915E-3	-28.670267E-6	31.318214E-3	-68.519941E-6	30.567635E-3	92.133138E-6
-87.499997E-6	30.676864E-3	-46.115772E-6	31.319756E-3	69.901333E-6	31.278640E-3	-45.268072E-6	30.535126E-3	53.328182E-6
-86.666667E-6	30.701032E-3	3.0581664E-6	31.269312E-3	38.995357E-6	31.249188E-3	14.025237E-6	30.454010E-3	-64.254935E-6
-85.833330E-6	30.682644E-3	76.756274E-6	31.252924E-3	-42.247644E-6	31.213114E-3	68.710622E-6	30.381847E-3	-66.256733E-6
-85.000000E-6	30.715894E-3	71.905502E-6	31.212760E-3	-67.366775E-6	31.160876E-3	60.393351E-6	30.321043E-3	40.174637E-6
-84.166662E-6	30.706363E-3	-41.116789E-6	31.228593E-3	-19.401163E-6	31.119125E-3	-50.585208E-6	30.371217E-3	81.483107E-6
-83.333332E-6	30.767938E-3	-66.365428E-6	31.233205E-3	54.372060E-6	31.032693E-3	-64.656975E-6	30.297076E-3	27.239706E-6
-82.500002E-6	30.772224E-3	-34.512461E-6	31.197505E-3	65.810673E-6	31.009573E-3	-44.311771E-6	30.290002E-3	-87.358792E-6
-81.666665E-6	30.849045E-3	51.334617E-6	31.168742E-3	-2.5166066E-6	30.941132E-3	43.102242E-6	30.367652E-3	-34.953158E-6
-80.833328E-6	30.889889E-3	81.509905E-6	31.145843E-3	-82.719016E-6	30.882649E-3	62.496576E-6	30.431533E-3	64.400876E-6
-79.999998E-6	30.996794E-3	5.9957611E-6	31.099366E-3	-67.099434E-6	30.857669E-3	16.605807E-6	30.547433E-3	46.908437E-6
-79.166668E-6	30.977672E-3	-65.830005E-6	31.015500E-3	1.8336294E-6	30.832937E-3	-51.560626E-6	30.636556E-3	-22.971901E-6
-78.333331E-6	31.024175E-3	-78.606172E-6	30.900151E-3	60.976869E-6	30.904494E-3	-63.957152E-6	30.738221E-3	-75.667413E-6
-77.500001E-6	31.938788E-3	11.967883E-6	30.827936E-3	59.494847E-6	30.989533E-3	-5.8249680E-6	30.801777E-3	16.967939E-6
-76.666664E-6	31.077949E-3	52.089326E-6	30.844115E-3	-21.537218E-6	30.992530E-3	62.381194E-6	30.810485E-3	70.143811E-6
-75.833334E-6	31.070802E-3	53.099866E-6	30.839564E-3	-59.051010E-6	31.063801E-3	59.944447E-6	30.855428E-3	29.597564E-6
-75.000004E-6	31.112157E-3	-1.8760995E-6	30.811381E-3	-28.233426E-6	31.125566E-3	9.3601475E-6	30.891249E-3	-91.380454E-6
-74.166666E-6	31.102955E-3	-70.837690E-6	30.660549E-3	40.514766E-6	31.153861E-3	-58.817724E-6	30.931314E-3	-54.577740E-6
-73.333329E-6	31.116532E-3	-41.273292E-6	30.603359E-3	65.850974E-6	31.181524E-3	-46.890174E-6	30.944645E-3	31.327327E-6
-72.499999E-6	30.960768E-3	13.448092E-6	30.524055E-3	29.848376E-6	31.191275E-3	2.4705373E-6	30.951185E-3	55.414468E-6
-71.666669E-6	30.952062E-3	61.062288E-6	30.579485E-3	-83.603496E-6	31.195268E-3	66.333341E-6	30.941376E-3	-2.0223456E-6
-70.833332E-6	31.028444E-3	24.092129E-6	30.627372E-3	-72.920790E-6	31.179002E-3	44.938475E-6	30.906068E-3	-89.222282E-6
-70.000002E-6	31.031352E-3	-54.919321E-6	30.834837E-3	-6.7756387E-6	31.210355E-3	-41.370356E-6	30.950978E-3	-22.173916E-6
-69.166665E-6	31.036727E-3	-89.862828E-6	30.968122E-3	60.559727E-6	31.195173E-3	-83.098384E-6	30.964978E-3	65.020555E-6
-68.333335E-6	31.067615E-3	-20.460744E-6	30.972449E-3	51.146901E-6	31.239342E-3	-31.909207E-6	30.983312E-3	52.640797E-6
-67.500005E-6	31.122329E-3	44.888478E-6	31.028148E-3	-7.2795515E-6	31.208832E-3	60.738086E-6	30.962685E-3	-40.830899E-6
-66.666667E-6	31.148493E-3	56.497614E-6	31.056132E-3	-65.722808E-6	31.212553E-3	65.770742E-6	30.987393E-3	-54.639084E-6
-65.833330E-6	31.281058E-3	14.261587E-6	31.103540E-3	-74.931595E-6	31.239128E-3	18.918221E-6	30.996159E-3	3.5595885E-6
-65.000000E-6	31.376123E-3	-64.098153E-6	31.131877E-3	32.428881E-6	31.248687E-3	-56.766014E-6	31.034358E-3	94.451134E-6
-64.166670E-6	31.362396E-3	-54.849159E-6	31.121828E-3	56.526202E-6	31.308472E-3	-68.662775E-6	31.046694E-3	17.738557E-6
-63.333333E-6	31.408414E-3	9.4743436E-6	31.174762E-3	28.215791E-6	31.366777E-3	6.3767352E-6	31.168325E-3	-58.341317E-6
-62.499996E-6	31.368453E-3	45.062330E-6	31.155972E-3	-48.491256E-6	31.444818E-3	57.387788E-6	31.302683E-3	-66.100205E-6
-61.666666E-6	31.336851E-3	53.297525E-6	31.163627E-3	-77.306438E-6	31.501558E-3	49.975155E-6	31.386748E-3	16.386310E-6
-60.833332E-6	31.218518E-3	-5.5001460E-6	31.192360E-3	-32.451786E-6	31.558204E-3	-21.657494E-6	31.436462E-3	73.866417E-6
-59.999998E-6	31.193713E-3	-66.077075E-6	31.190902E-3	49.321116E-6	31.597432E-3	-83.067112E-6	31.437207E-3	1.1045613E-6
-59.166669E-6	31.227347E-3	-80.102938E-6	31.205896E-3	69.281748E-6	31.650137E-3	-61.175619E-6	31.446934E-3	-65.819178E-6
-58.333335E-6	30.993626E-3	7.2109583E-6	31.196877E-3	-7.4036325E-6	31.581283E-3	26.675603E-6	31.459074E-3	-50.841714E-6
-57.500001E-6	30.967195E-3	65.586093E-6	31.249307E-3	-60.376264E-6	31.553842E-3	65.503031E-6	31.423647E-3	41.606108E-6
-56.666668E-6	30.930754E-3	38.391914E-6	31.277038E-3	-52.140036E-6	31.501561E-3	23.231256E-6	31.384028E-3	51.990373E-6
-55.833334E-6	30.896334E-3	-28.202283E-6	31.360392E-3	19.902787E-6	31.494144E-3	-85.368571E-6	31.344105E-3	-34.862947E-6
-55.000000E-6	30.911526E-3	-81.120401E-6	31.396180E-3	53.354906E-6	31.447627E-3	-63.446147E-6	31.230351E-3	-93.685405E-6
-54.166667E-6	30.893896E-3	-48.070477E-6	31.463303E-3	44.817472E-6	31.416807E-3	-9.7217981E-6	31.012809E-3	-30.943742E-6
-53.333333E-6	30.889776E-3	18.082637E-6	31.481851E-3	-51.469029E-6	31.350918E-3	75.338532E-6	30.934023E-3	60.834023E-6
-52.500000E-6	30.932264E-3	76.350203E-6	31.492721E-3	-77.175784E-6	31.304907E-3	48.742393E-6	30.865513E-3	29.495943E-6
-51.666666E-6	30.949412E-3	27.189544E-6	31.503472E-3	-26.851627E-6	31.278320E-3	-47.219277E-6	30.797308E-3	-55.895016E-6
-50.833336E-6	30.918755E-3	-40.750321E-6	31.458937E-3	36.751939E-6	31.241663E-3	-74.430573E-6	30.777425E-3	-82.838000E-6
-50.000002E-6	30.814245E-3	-77.779026E-6	31.514745E-3	69.109927E-6	31.154165E-3	-18.851302E-6	30.740300E-3	-14.402450E-6
-49.166669E-6	30.749576E-3	-23.774137E-6	31.408407E-3	4.9037594E-6	31.191003E-3	38.768922E-6	30.770235E-3	85.764521E-6
-48.333335E-6	30.660309E-3	27.710365E-6	31.346001E-3	-52.525040E-6	31.189222E-3	64.358828E-6	30.753165E-3	24.947345E-6
-47.500002E-6	30.591018E-3	63.184096E-6	31.307314E-3	-68.223293E-6	31.173846E-3	5.1447391E-6	30.711846E-3	-79.923113E-6
-46.666668E-6	30.543575E-3	-4.5245088E-6	31.235579E-3	19.634812E-6	31.166805E-3	-49.838876E-6	30.719642E-3	-64.128908E-6
-45.833334E-6	30.626502E-3	-89.109410E-6	31.231131E-3	66.142522E-6	31.202976E-3	-67.457251E-6	30.716328E-3	35.465651E-6
-45.000001E-6	30.681981E-3	-70.128939E-6	31.160958E-3	15.596201E-6	31.162312E-3	21.469214E-6	30.728482E-3	66.688961E-6
-44.166667E-6	30.780898E-3	12.664425E-6	31.084899E-3	-42.837521E-6	31.183468E-3	67.060966E-6	30.676909E-3	-4.5881129E-6
-43.333333E-6	30.845050E-3	82.671053E-6	31.075448E-3	-56.244266E-6	31.176930E-3	61.026014E-6	30.745395E-3	-85.112471E-6
-42.500000E-6	30.952144E-3	67.201305E-6	31.059591E-3	-40.202933E-6	31.222388E-3	-28.388982E-6	30.753866E-3	-24.485218E-6
-41.666670E-6	31.017154E-3	-20.001915E-6	31.026201E-3	54.428114E-6	31.171536E-3	-76.686032E-6	30.730868E-3	49.348371E-6
-40.833336E-6	31.052470E-3	-72.687799E-6	31.038478E-3	74.015421E-6	31.232288E-3	-27.916965E-6	30.677656E-3	45.397461E-6
-40.000003E-6	31.137601E-3	-22.376842E-6	31.039443E-3	16.506272E-6	31.165913E-3	34.902914E-6	30.685151E-3	-21.523956E-6
-39.166669E-6	31.147392E-3	18.331568E-6	30.993540E-3	-55.744822E-6	31.137442E-3	74.782409E-6	30.608844E-3	-71.061848E-6
-38.333332E-6	31.187858E-3	70.978371E-6	31.017298E-3	-71.060764E-6	31.175204E-3	12.090363E-6	30.665144E-3	-15.758576E-6
-37.500002E-6	31.153198E-3	38.467399E-6	31.057771E-3	16.080830E-6	31.103702E-3	-64.317923E-6	30.625127E-3	63.269144E-6
-36.666672E-6	31.154780E-3	-50.120630E-6	31.004298E-3	63.695465E-6	31.050688E-3	-87.546105E-6	30.657575E-3	27.370261E-6
-35.833335E-6	31.167580E-3	-81.418548E-6	31.007055E-3	41.508065E-6	31.022096E-3	5.4901002E-6	30.608306E-3	-52.221174E-6
-35.000005E-6	31.181082E-3	-36.925358E-6	31.021541E-3	-26.156240E-6	30.971101E-3	83.602805E-6	30.626114E-3	-39.451446E-6
-34.166667E-6	31.224696E-3	55.185024E-6	31.005746E-3	-75.788441E-6	30.922204E-3	22.880648E-6	30.609213E-3	19.251233E-6
-33.333337E-6	31.220498E-3	81.107879E-6	30.973546E-3	-35.541307E-6	30.888237E-3	-54.110784E-6	30.506281E-3	80.131736E-6
-32.500000E-6	31.425748E-3	-10.262119E-6	30.943433E-3	44.155939E-6	30.816063E-3	-77.043966E-6	30.438589E-3	-12.095321E-6
-31.666670E-6	31.399347E-3	-57.346595E-6	30.887160E-3	79.714351E-6	30.745121E-3	-37.578786E-6	30.396182E-3	-75.689379E-6
-30.833333E-6	31.393629E-3	-64.109125E-6	30.877946E-3	7.3716046E-6	30.709730E-3	46.476587E-6	30.365082E-3	-37.351827E-6
-30.000003E-6	31.477910E-3	2.7851902E-6	30.806329E-3	-73.025731E-6	30.673809E-3	68.169829E-6	30.355902E-3	55.455024E-6
-29.166666E-6	31.296097E-3	52.834639E-6	30.689275E-3	-75.865129E-6	30.650940E-3	-11.030075E-6	30.388789E-3	59.741003E-6
-28.333336E-6	31.344362E-3	24.836720E-6	30.684520E-3	-18.224131E-6	30.661305E-3	-65.069165E-6	30.403560E-3	-23.917401E-6
-27.500006E-6	31.381886E-3	-37.122678E-6	30.646788E-3	55.544388E-6	30.665444E-3	-57.525423E-6	30.470718E-3	-68.501264E-6
-26.666668E-6	31.411637E-3	-84.516279E-6	30.764444E-3	71.216469E-6	30.673144E-3	2.2526920E-6	30.503394E-3	-48.312537E-6
-25.833338E-6	31.411868E-3	-45.145051E-6	30.863322E-3	-13.701746E-6	30.741261E-3	86.137137E-6	30.603256E-3	61.683670E-6
-25.000001E-6	31.464517E-3	38.700044E-6	30.947434E-3	-80.905273E-6	30.807605E-3	34.153160E-6	30.598642E-3	45.093177E-6
-24.166671E-6	31.562712E-3	65.074746E-6	31.027207E-3	-62.480765E-6	30.842107E-3	-41.867490E-6	30.694464E-3	-79.480211E-6
-23.333334E-6	31.553518E-3	9.2970058E-6	31.148480E-3	20.824202E-6	30.877443E-3	-74.562027E-6	30.748421E-3	-58.674988E-6
-22.500004E-6	31.576589E-3	-70.260896E-6	31.213928E-3	70.373280E-6	30.948833E-3	-26.163954E-6	30.782791E-3	15.571382E-6
-21.666667E-6	31.497851E-3	-54.200773E-6	31.259496E-3	60.413910E-6	30.975280E-3	46.814814E-6	30.811312E-3	78.313758E-6
-20.833337E-6	31.416140E-3	8.2557317E-6	31.277403E-3	-26.387248E-6	30.949427E-3	64.155523E-6	30.847818E-3	-2.4888811E-6
-19.999999E-6	31.229394E-3	76.737902E-6	31.239623E-3	-86.280270E-6	30.966202E-3	694.56974E-9	30.838549E-3	-66.967019E-6
-19.166670E-6	31.168161E-3	47.233752E-6	31.284176E-3	-48.958158E-6	30.981844E-3	-60.906819E-6	30.837245E-3	-40.531988E-6
-18.333340E-6	31.115875E-3	-16.090522E-6	31.258710E-3	20.218149E-6	30.992286E-3	-71.797709E-6	30.835327E-3	51.238534E-6
-17.500002E-6	31.053528E-3	-63.875632E-6	31.238874E-3	67.387824E-6	30.999627E-3	23.966024E-6	30.798769E-3	59.574730E-6
-16.666672E-6	30.993776E-3	-71.697170E-6	31.258468E-3	23.524995E-6	30.984601E-3	99.438090E-6	30.849196E-3	-25.342766E-6
-15.833335E-6	30.999076E-3	40.752497E-6	31.235825E-3	-66.314249E-6	30.997049E-3	41.748171E-6	30.845931E-3	-68.202447E-6
-15.000005E-6	30.991700E-3	105.80465E-6	31.241402E-3	-70.762726E-6	30.988663E-3	-18.074379E-6	31.097345E-3	2.8060028E-6
-14.166668E-6	30.996956E-3	15.421721E-6	31.270929E-3	-20.885896E-6	31.012682E-3	-82.284598E-6	31.128328E-3	77.802448E-6
-13.333338E-6	30.954916E-3	-47.157271E-6	31.335872E-3	59.946080E-6	31.048190E-3	-24.232781E-6	31.132715E-3	38.725560E-6
-12.500001E-6	31.036740E-3	-78.602541E-6	31.400979E-3	77.019875E-6	31.045645E-3	28.143628E-6	31.178327E-3	-67.644090E-6
-11.666671E-6	31.107318E-3	-16.908945E-6	31.445913E-3	-12.906590E-6	31.071184E-3	47.852580E-6	31.217303E-3	-69.691443E-6
-10.833341E-6	31.097896E-3	43.092870E-6	31.463929E-3	-66.494096E-6	31.068133E-3	8.2672086E-6	31.267416E-3	36.998626E-6
-10.000003E-6	31.063663E-3	85.520594E-6	31.550229E-3	-60.412760E-6	31.069370E-3	-84.015766E-6	31.289637E-3	66.757471E-6
-9.1666734E-6	31.060658E-3	2.5326292E-6	31.575147E-3	9.0926524E-6	31.067913E-3	-54.785265E-6	31.329677E-3	-14.704005E-6
-8.3333362E-6	31.056663E-3	-73.372081E-6	31.575449E-3	70.643902E-6	31.104850E-3	36.727863E-6	31.400844E-3	-50.621584E-6
-7.5000062E-6	31.050878E-3	-69.403592E-6	31.552825E-3	50.046139E-6	31.159125E-3	75.313787E-6	31.412233E-3	-30.060117E-6
-6.6666689E-6	30.988764E-3	7.0893243E-6	31.469110E-3	-11.749407E-6	31.125786E-3	29.212653E-6	31.439923E-3	61.079576E-6
-5.8333389E-6	30.990386E-3	64.889922E-6	31.393554E-3	-96.779557E-6	31.184729E-3	-49.844555E-6	31.362947E-3	58.525366E-6
-5.0000017E-6	30.945957E-3	27.582682E-6	31.264383E-3	-56.469908E-6	31.217335E-3	-87.069442E-6	31.349037E-3	-49.976483E-6
-4.1666717E-6	30.909808E-3	-30.844905E-6	31.221781E-3	30.765412E-6	31.257052E-3	-3.6183808E-6	31.250559E-3	-77.328499E-6
-3.3333345E-6	30.815000E-3	-78.179233E-6	31.150986E-3	75.193922E-6	31.285640E-3	86.378823E-6	31.227930E-3	-5.7037173E-6
-2.5000045E-6	30.750830E-3	-36.204019E-6	31.101948E-3	32.259144E-6	31.306636E-3	36.937468E-6	31.105580E-3	72.988827E-6
-1.6666745E-6	30.699350E-3	44.754532E-6	31.122304E-3	-50.959508E-6	31.342704E-3	-54.198143E-6	31.071359E-3	18.854555E-6
-833.33725E-9	30.738385E-3	55.533608E-6	31.141497E-3	-86.219392E-6	31.418409E-3	-76.339216E-6	31.016393E-3	-53.689524E-6
-7.2759576E-12	30.766675E-3	1.7296622E-6	31.079147E-3	-34.102250E-6	31.431902E-3	-30.810155E-6	30.964937E-3	-64.013897E-6
833.32998E-9	30.752597E-3	-65.836910E-6	31.113377E-3	31.062264E-6	31.446286E-3	43.816897E-6	30.920329E-3	35.709578E-6
1.6666600E-6	30.767687E-3	-68.710840E-6	31.116622E-3	72.458039E-6	31.483389E-3	75.323645E-6	30.959206E-3	59.172962E-6
2.4999972E-6	30.822242E-3	7.8769581E-6	31.143382E-3	39.975232E-6	31.500179E-3	1.9056508E-6	30.935049E-3	-16.879629E-6
3.3333272E-6	30.894067E-3	66.527944E-6	31.097727E-3	-40.072162E-6	31.511221E-3	-69.457368E-6	30.935630E-3	-92.361945E-6
4.1666644E-6	30.928019E-3	47.589485E-6	31.042211E-3	-82.512051E-6	31.495873E-3	-27.886257E-6	30.944763E-3	-21.910477E-6
4.9999944E-6	30.980431E-3	-44.912791E-6	30.967807E-3	-18.714274E-6	31.475678E-3	21.403523E-6	30.958178E-3	59.949987E-6
5.8333317E-6	31.077312E-3	-95.119030E-6	30.869927E-3	40.062303E-6	31.480793E-3	71.871662E-6	30.945564E-3	30.223711E-6
6.6666616E-6	31.095255E-3	-23.945984E-6	30.808454E-3	76.809381E-6	31.472851E-3	40.531675E-6	30.919034E-3	-73.712508E-6
7.4999916E-6	31.137822E-3	53.487372E-6	30.765919E-3	-3.9700926E-6	31.437669E-3	-63.380219E-6	30.907560E-3	-71.980729E-6
8.3333289E-6	31.131523E-3	58.817470E-6	30.788295E-3	-42.857035E-6	31.403854E-3	-73.362280E-6	30.874871E-3	30.169187E-6
9.1666589E-6	31.162895E-3	10.125746E-6	30.883417E-3	-85.211577E-6	31.378690E-3	4.7428248E-6	30.791642E-3	75.512624E-6
9.9999961E-6	31.139253E-3	-56.388693E-6	31.010928E-3	-11.056611E-6	31.353291E-3	59.151993E-6	30.760964E-3	-18.586381E-6
10.833326E-6	31.157184E-3	-74.515199E-6	31.081464E-3	32.183758E-6	31.333167E-3	39.714203E-6	30.630168E-3	-59.586699E-6
11.666663E-6	31.182643E-3	19.979543E-6	31.141812E-3	79.334008E-6	31.294338E-3	-20.023408E-6	30.605128E-3	-3.7430193E-6
12.499993E-6	31.178046E-3	74.578886E-6	31.201473E-3	30.362617E-6	31.243728E-3	-80.627200E-6	30.595364E-3	61.809267E-6
13.333331E-6	31.211995E-3	32.371532E-6	31.223936E-3	-51.214189E-6	31.189322E-3	-51.772015E-6	30.556491E-3	61.528655E-6
14.166661E-6	31.174358E-3	-47.572175E-6	31.248340E-3	-79.698548E-6	31.196842E-3	54.387296E-6	30.637717E-3	-39.165912E-6
14.999998E-6	31.202000E-3	-70.212911E-6	31.239232E-3	-5.7178891E-6	31.155242E-3	62.875697E-6	30.704862E-3	-62.224310E-6
15.833328E-6	31.157352E-3	-1.0483745E-6	31.250011E-3	45.150424E-6	31.099206E-3	-80.525709E-9	30.803036E-3	39.977502E-6
16.666658E-6	31.339817E-3	70.488917E-6	31.257316E-3	63.721644E-6	31.121075E-3	-67.256384E-6	30.880982E-3	68.086461E-6
17.499995E-6	31.342898E-3	62.836982E-6	31.279296E-3	10.021481E-6	31.134354E-3	-60.159990E-6	30.950010E-3	11.030914E-6
18.333325E-6	31.153142E-3	-6.2757804E-6	31.337284E-3	-53.869062E-6	31.156108E-3	29.064255E-6	30.979913E-3	-70.725582E-6
19.166662E-6	31.210950E-3	-75.797630E-6	31.404380E-3	-93.017792E-6	31.145500E-3	57.200796E-6	31.010842E-3	-22.490527E-6
19.999992E-6	31.217234E-3	-70.501446E-6	31.473484E-3	1.1067801E-6	31.137319E-3	23.943228E-6	31.028189E-3	70.872760E-6
20.833329E-6	31.269129E-3	9.5802861E-6	31.562552E-3	70.947266E-6	31.139271E-3	-63.854022E-6	31.045150E-3	54.305288E-6
21.666659E-6	31.292334E-3	70.373928E-6	31.622540E-3	64.174230E-6	31.144271E-3	-65.405184E-6	31.064570E-3	-35.285266E-6
22.499989E-6	31.311747E-3	46.454348E-6	31.607281E-3	-32.225380E-6	31.138049E-3	-10.558620E-6	31.076821E-3	-68.837879E-6
23.333334E-6	31.364758E-3	-54.845244E-6	31.611506E-3	-72.346236E-6	31.125262E-3	47.720107E-6	31.064974E-3	-25.651989E-6
24.166664E-6	31.409986E-3	-86.176326E-6	31.541944E-3	-80.433492E-6	31.108212E-3	44.079912E-6	31.026086E-3	75.936827E-6
24.999994E-6	31.439502E-3	-24.394067E-6	31.372759E-3	8.7807912E-6	31.141015E-3	-6.2054578E-6	31.062292E-3	-18.499639E-6
25.833324E-6	31.472236E-3	51.058756E-6	31.260565E-3	61.228246E-6	31.132217E-3	-73.005183E-6	31.134719E-3	-31.179403E-6
26.666654E-6	31.463601E-3	81.564336E-6	31.170968E-3	59.480477E-6	31.087743E-3	-44.526223E-6	31.174371E-3	-66.480621E-6
27.499998E-6	31.500511E-3	5.1695843E-6	31.116264E-3	-20.610591E-6	31.036505E-3	34.767083E-6	31.149376E-3	39.899965E-6
28.333328E-6	31.510599E-3	-65.600136E-6	31.098951E-3	-61.006740E-6	31.109076E-3	62.324536E-6	31.186575E-3	78.327845E-6
29.166658E-6	31.451039E-3	-41.967985E-6	31.084834E-3	-69.730020E-6	31.092592E-3	12.595587E-6	31.246470E-3	-12.054305E-6
29.999988E-6	31.413432E-3	11.379142E-6	31.069901E-3	27.986312E-6	30.926134E-3	-75.096345E-6	31.310432E-3	-98.066317E-6
30.833333E-6	31.360269E-3	67.628054E-6	31.032054E-3	61.130537E-6	30.899994E-3	-88.292509E-6	31.391580E-3	-11.948137E-6
31.666663E-6	31.345282E-3	31.701198E-6	31.012287E-3	35.317069E-6	31.043734E-3	-10.931338E-6	31.399794E-3	74.929187E-6
32.499993E-6	31.271841E-3	-59.550377E-6	31.023569E-3	-26.280515E-6	30.973071E-3	75.863078E-6	31.475496E-3	53.426138E-6
33.333323E-6	31.212553E-3	-72.020906E-6	31.037714E-3	-80.044694E-6	30.916492E-3	62.154533E-6	31.437017E-3	-47.630867E-6
34.166653E-6	31.184241E-3	-34.735825E-6	31.050853E-3	-25.560630E-6	30.837014E-3	-36.917336E-6	31.358093E-3	-59.025024E-6
34.999997E-6	31.126224E-3	47.556328E-6	30.972285E-3	19.871930E-6	30.802364E-3	-73.900701E-6	31.320598E-3	23.690804E-6
35.833327E-6	31.080494E-3	51.493476E-6	30.942276E-3	80.546306E-6	30.752691E-3	-67.912719E-6	31.209884E-3	77.221281E-6
36.666657E-6	31.041021E-3	-15.090927E-6	30.843178E-3	24.849451E-6	30.776259E-3	34.771772E-6	31.146260E-3	987.99228E-9
37.499987E-6	31.090068E-3	-79.839476E-6	30.771507E-3	-21.882841E-6	30.765621E-3	77.147160E-6	31.083612E-3	-63.208892E-6
38.333332E-6	31.006806E-3	-47.269587E-6	30.687874E-3	-88.223860E-6	30.788591E-3	6.7780193E-6	32.509681E-3	300.75869E-6
39.166662E-6	31.030133E-3	23.577730E-6	30.727236E-3	-18.823797E-6	30.790100E-3	-65.827284E-6	31.664386E-3	1.1732123E-3
39.999992E-6	31.021407E-3	70.932438E-6	30.757895E-3	57.974150E-6	30.871086E-3	-63.833366E-6	32.557316E-3	2.4857861E-3
40.833322E-6	31.010179E-3	31.790598E-6	30.834937E-3	67.586960E-6	30.805022E-3	-10.428588E-6	33.636946E-3	1.8058821E-3
41.666666E-6	31.018237E-3	-52.030515E-6	30.923309E-3	36.155059E-6	30.766416E-3	54.518841E-6	33.730403E-3	1.1194233E-3
42.499996E-6	31.033959E-3	-84.224208E-6	30.992731E-3	-47.578418E-6	30.820062E-3	73.346615E-6	31.874593E-3	680.10815E-6
43.333326E-6	31.025581E-3	-36.473601E-6	31.099614E-3	-57.523852E-6	30.901944E-3	1.4697009E-6	31.586900E-3	2.0273363E-3
44.166656E-6	31.003384E-3	63.891704E-6	31.121274E-3	-28.843529E-6	30.929098E-3	-65.571890E-6	32.477163E-3	2.7971405E-3
44.999986E-6	31.047361E-3	44.232900E-6	31.119144E-3	61.551720E-6	30.895296E-3	-44.321256E-6	33.612933E-3	1.4799291E-3
45.833331E-6	31.046053E-3	-50.081162E-6	31.137533E-3	65.694127E-6	30.908700E-3	26.158159E-6	33.719879E-3	877.34126E-6
46.666661E-6	31.075582E-3	-65.229397E-6	31.185415E-3	-2.8535751E-6	30.940080E-3	68.070010E-6	31.815421E-3	1.1326504E-3
47.499991E-6	31.138999E-3	-51.182946E-6	31.240869E-3	-67.699315E-6	31.000299E-3	14.170088E-6	32.222971E-3	2.4993443E-3
48.333321E-6	31.075157E-3	29.809469E-6	31.216152E-3	-52.257143E-6	31.020736E-3	-45.240515E-6	33.078693E-3	2.4367045E-3
49.166665E-6	31.065933E-3	70.028575E-6	31.207446E-3	-7.8119065E-6	31.049153E-3	-80.113219E-6	33.463053E-3	1.1716629E-3
49.999995E-6	31.060889E-3	4.8585803E-6	31.230982E-3	63.846543E-6	31.022117E-3	5.5162664E-6	31.665172E-3	536.32562E-6
50.833325E-6	31.010745E-3	-58.835023E-6	31.228604E-3	38.994516E-6	31.050850E-3	78.518104E-6	32.757014E-3	1.9331453E-3
51.666655E-6	30.956807E-3	-55.821900E-6	31.321265E-3	-25.345047E-6	31.051036E-3	64.696229E-6	32.113526E-3	2.6965849E-3
52.499985E-6	30.910620E-3	3.9474380E-6	31.399183E-3	-80.028782E-6	31.037472E-3	-28.184961E-6	33.210032E-3	1.5228757E-3
53.333330E-6	30.871224E-3	58.992631E-6	31.529304E-3	-87.865876E-6	31.049246E-3	-77.013727E-6	33.327311E-3	902.43074E-6
54.166660E-6	30.826284E-3	28.859868E-6	31.595536E-3	3.3856354E-6	31.064222E-3	-40.158637E-6	34.323335E-3	2.0225777E-3
54.999990E-6	30.759761E-3	-55.218999E-6	31.629648E-3	61.263396E-6	31.015960E-3	27.526019E-6	32.822534E-3	2.3285735E-3
55.833319E-6	30.741934E-3	-76.641016E-6	31.766605E-3	59.034151E-6	31.038666E-3	72.952622E-6	32.572430E-3	2.9688722E-3
56.666664E-6	30.727744E-3	-27.686992E-6	31.682819E-3	-22.736926E-6	31.103671E-3	19.564439E-6	39.242849E-3	1.4019740E-3
57.499994E-6	30.716134E-3	55.178381E-6	31.526297E-3	-75.470613E-6	31.092595E-3	-55.408749E-6	39.382737E-3	1.6819813E-3
58.333324E-6	30.661086E-3	62.174571E-6	31.234391E-3	-40.335559E-6	32.444403E-3	171.37126E-6	39.332166E-3	1.7779157E-3
59.166654E-6	30.670963E-3	-22.410810E-6	31.190919E-3	-6.8821305E-6	31.705450E-3	22.183394E-6	39.062262E-3	1.4498858E-3
59.999998E-6	30.604323E-3	-61.222352E-6	31.160640E-3	76.892939E-6	31.767938E-3	67.404217E-6	38.617536E-3	2.3196095E-3
60.833328E-6	30.591212E-3	-23.766339E-6	31.143237E-3	43.597443E-6	31.266700E-3	44.062966E-6	38.986661E-3	1.9360763E-3
61.666658E-6	30.554891E-3	31.612453E-6	31.109653E-3	-42.261501E-6	31.275604E-3	-39.493276E-6	39.017562E-3	1.8889960E-3
62.499988E-6	30.576240E-3	84.327483E-6	31.131612E-3	-80.590980E-6	31.349126E-3	-87.105676E-6	39.009668E-3	1.6176981E-3
63.333318E-6	30.588057E-3	6.9573848E-6	31.158971E-3	-58.527152E-6	31.418499E-3	-23.171877E-6	39.397538E-3	1.7924831E-3
64.166663E-6	30.617436E-3	-58.556918E-6	31.131377E-3	15.606776E-6	31.451151E-3	29.095279E-6	39.687842E-3	1.5058153E-3
64.999993E-6	30.623447E-3	-72.592637E-6	31.090466E-3	57.401932E-6	32.214634E-3	1.3265916E-3	39.376128E-3	1.9287509E-3
65.833323E-6	30.645197E-3	4.0803588E-6	31.018199E-3	66.189321E-6	31.509906E-3	-11.739409E-6	39.400190E-3	2.0069610E-3
66.666653E-6	30.732106E-3	74.110721E-6	30.924750E-3	945.11228E-9	32.282475E-3	-52.689156E-6	39.727744E-3	1.7924843E-3
67.499997E-6	30.764572E-3	48.922149E-6	30.828919E-3	-76.463766E-6	31.501222E-3	-53.312597E-6	39.434597E-3	1.2995405E-3
68.333327E-6	30.817635E-3	-49.469167E-6	30.797385E-3	-44.940753E-6	31.512789E-3	29.818346E-6	39.306439E-3	1.8081585E-3
69.166657E-6	30.943647E-3	-76.706936E-6	30.819878E-3	22.423743E-6	31.444658E-3	58.471021E-6	39.044142E-3	2.0260913E-3
69.999987E-6	30.985329E-3	-41.245828E-6	30.917931E-3	67.008725E-6	31.432349E-3	38.536877E-6	39.878793E-3	1.6665668E-3
70.833317E-6	31.019390E-3	50.784223E-6	31.002367E-3	66.226254E-6	31.380031E-3	-43.821772E-6	39.246157E-3	1.4270369E-3
71.666662E-6	31.070007E-3	51.115385E-6	31.124188E-3	-29.644958E-6	32.976832E-3	188.98648E-6	39.612152E-3	1.0992929E-3
72.499992E-6	31.106232E-3	-13.626966E-6	31.229410E-3	-69.971531E-6	31.340916E-3	10.985485E-6	40.020116E-3	1.4513632E-3
73.333322E-6	31.107506E-3	-75.919568E-6	31.205233E-3	-38.846734E-6	32.346725E-3	52.356718E-6	39.712399E-3	1.8474230E-3
74.166652E-6	31.079292E-3	-62.395382E-6	31.261884E-3	4.4731310E-6	31.288948E-3	32.762124E-6	39.794046E-3	1.7105326E-3
74.999996E-6	31.100744E-3	25.073876E-6	31.262919E-3	58.995141E-6	33.566911E-3	2.0690132E-3	39.815649E-3	1.6372941E-3
75.833326E-6	31.141894E-3	79.405567E-6	31.289384E-3	1.0528552E-3	36.440950E-3	3.0880421E-3	40.814672E-3	839.17013E-6
76.666656E-6	31.193841E-3	28.489121E-6	32.888118E-3	924.84173E-6	36.455087E-3	2.7376828E-3	40.763732E-3	809.97183E-6
77.499986E-6	31.170746E-3	-70.537892E-6	33.330996E-3	717.43689E-6	35.085388E-3	2.1709418E-3	40.753026E-3	860.30870E-6
78.333316E-6	31.125266E-3	-59.259160E-6	34.039233E-3	2.0474875E-3	38.617723E-3	2.9193410E-3	40.746242E-3	936.18932E-6
79.166661E-6	31.003268E-3	-21.203887E-6	32.218896E-3	1.5686852E-3	37.353680E-3	3.2801004E-3	40.843420E-3	911.84571E-6
79.999991E-6	30.989463E-3	41.823077E-6	32.264322E-3	2.1170608E-3	35.502858E-3	3.1208305E-3	40.844630E-3	858.51341E-6
80.833321E-6	30.990196E-3	42.812830E-6	31.635296E-3	1.4837679E-3	36.203511E-3	2.8884588E-3	40.905200E-3	778.52543E-6
81.666651E-6	31.011637E-3	-16.804252E-6	33.567943E-3	889.88419E-6	37.239723E-3	2.7681370E-3	40.901083E-3	858.52254E-6
82.499995E-6	31.043570E-3	-64.702639E-6	34.149222E-3	1.2503426E-3	38.512051E-3	2.1925126E-3	40.904537E-3	927.71108E-6
83.333325E-6	31.025058E-3	-53.470958E-6	34.765393E-3	1.7247647E-3	37.893936E-3	2.9552500E-3	40.906835E-3	924.51065E-6
84.166655E-6	31.066990E-3	43.737506E-6	33.758067E-3	1.6831156E-3	36.050215E-3	3.2875903E-3	40.939882E-3	830.03636E-6
84.999985E-6	30.988686E-3	69.252652E-6	31.114807E-3	873.61701E-6	35.290740E-3	3.0047863E-3	40.899940E-3	808.36302E-6
85.833330E-6	30.963080E-3	29.424993E-6	31.125503E-3	52.650888E-6	36.542252E-3	2.7097459E-3	40.902406E-3	857.90746E-6
86.666660E-6	31.035269E-3	-54.858585E-6	32.054827E-3	36.165002E-6	37.189409E-3	2.7530952E-3	40.907726E-3	928.81953E-6
87.499990E-6	31.067407E-3	-86.264030E-6	32.062538E-3	16.526774E-6	36.729742E-3	3.0481277E-3	40.908705E-3	912.02959E-6
88.333320E-6	31.110164E-3	550.05484E-9	33.798810E-3	1.3977244E-3	36.203973E-3	3.3415172E-3	40.888656E-3	823.70266E-6
89.166650E-6	31.290241E-3	68.140980E-6	31.928409E-3	1.6162914E-3	35.620760E-3	3.1034190E-3	40.927202E-3	801.62374E-6
89.999994E-6	31.329494E-3	66.093889E-6	31.784844E-3	2.2290340E-3	37.297666E-3	2.3711873E-3	40.964201E-3	850.87842E-6
90.833324E-6	31.345543E-3	-26.966116E-6	32.090910E-3	1.3141636E-3	37.940018E-3	2.4499665E-3	40.903263E-3	898.19095E-6
91.666654E-6	31.314809E-3	-81.433573E-6	32.998700E-3	477.23061E-6	37.353702E-3	3.0126097E-3	40.891804E-3	918.63191E-6
92.499984E-6	31.335298E-3	-42.276770E-6	33.748645E-3	1.0860772E-3	35.554182E-3	3.1965482E-3	40.900163E-3	855.80832E-6
93.333329E-6	31.275947E-3	33.822515E-6	33.955298E-3	1.8622633E-3	37.600268E-3	3.1483544E-3	40.872525E-3	799.54736E-6
94.166659E-6	31.263586E-3	65.930195E-6	32.834448E-3	1.8593422E-3	36.415484E-3	2.6839944E-3	40.836141E-3	825.98481E-6
94.999989E-6	33.924032E-3	1.6206542E-3	38.812418E-3	2.7653812E-3	40.626157E-3	958.49182E-6	40.951584E-3	859.85748E-6
95.833318E-6	34.514520E-3	1.4313522E-3	37.816659E-3	1.9466969E-3	40.243141E-3	1.2028187E-3	40.923510E-3	898.77285E-6
96.666648E-6	34.764774E-3	2.5070226E-3	39.438110E-3	1.8899371E-3	40.027902E-3	975.49008E-6	40.746786E-3	829.86749E-6
97.499993E-6	34.158573E-3	2.9755523E-3	36.899872E-3	2.4058288E-3	39.968062E-3	955.26298E-6	40.729467E-3	770.17298E-6
98.333323E-6	33.420559E-3	2.7340045E-3	36.907796E-3	2.7573279E-3	40.117167E-3	1.1009227E-3	40.734489E-3	774.97045E-6
99.166653E-6	35.546508E-3	2.3251162E-3	39.275013E-3	1.6018634E-3	40.118244E-3	1.1372773E-3	40.711444E-3	855.92852E-6
99.999983E-6	35.898931E-3	2.2608617E-3	39.287005E-3	2.2451691E-3	39.914344E-3	1.2709483E-3	40.633149E-3	886.22945E-6
100.83333E-6	35.105847E-3	3.0137177E-3	39.711185E-3	1.8740660E-3	39.997961E-3	1.0583841E-3	40.648714E-3	854.15319E-6
101.66666E-6	34.224544E-3	3.1213954E-3	37.778310E-3	2.2111242E-3	40.059455E-3	905.29583E-6	40.623788E-3	785.57653E-6
102.49999E-6	34.817599E-3	2.9939117E-3	38.595557E-3	2.5552576E-3	39.964762E-3	950.79030E-6	40.600773E-3	758.22009E-6
103.33332E-6	35.404187E-3	2.6053630E-3	38.027730E-3	2.9914789E-3	39.971143E-3	1.0153929E-3	40.609725E-3	830.69981E-6
104.16666E-6	35.254858E-3	2.3928706E-3	38.553100E-3	2.7140169E-3	39.972056E-3	1.0281941E-3	40.578704E-3	900.39877E-6
104.99999E-6	34.359936E-3	1.7229537E-3	39.411388E-3	1.8376078E-3	39.739419E-3	1.0835844E-3	40.754192E-3	862.18305E-6
105.83332E-6	35.035610E-3	2.8905333E-3	39.252363E-3	2.1898367E-3	39.376110E-3	947.85332E-6	40.771063E-3	792.90895E-6
106.66665E-6	34.870684E-3	2.5745525E-3	39.280541E-3	2.0919058E-3	39.614670E-3	1.0491465E-3	40.782161E-3	765.45787E-6
107.49998E-6	35.594281E-3	2.8020120E-3	37.475146E-3	2.5738126E-3	39.744560E-3	1.1450028E-3	40.769823E-3	825.05256E-6
108.33333E-6	36.105514E-3	2.4618625E-3	36.696266E-3	3.1179748E-3	39.792798E-3	1.1106271E-3	40.738363E-3	890.88973E-6
109.16666E-6	35.942256E-3	2.3613551E-3	39.366841E-3	2.4494648E-3	39.443072E-3	1.2080411E-3	40.720537E-3	881.37976E-6
109.99999E-6	35.142668E-3	2.6465873E-3	39.210912E-3	1.5636263E-3	39.752763E-3	991.81151E-6	40.831041E-3	827.49710E-6
110.83332E-6	34.102455E-3	3.1169779E-3	38.373217E-3	1.9330257E-3	39.734427E-3	891.23403E-6	40.836364E-3	780.00390E-6
111.66666E-6	33.350926E-3	3.1998395E-3	38.462505E-3	2.0349273E-3	39.802849E-3	1.0921585E-3	40.891953E-3	796.08051E-6
112.49999E-6	35.226353E-3	2.6390254E-3	39.338905E-3	2.1397201E-3	39.959278E-3	1.0246147E-3	40.896595E-3	869.72379E-6
113.33332E-6	35.346009E-3	2.5437861E-3	39.642617E-3	1.5363392E-3	39.869647E-3	1.0708126E-3	40.962718E-3	887.16927E-6
114.16665E-6	39.642617E-3	1.4506236E-3	40.410712E-3	849.98296E-6	40.175796E-3	883.49904E-6	41.009199E-3	840.35436E-6
114.99998E-6	39.619543E-3	1.2891054E-3	40.442672E-3	907.35545E-6	40.246487E-3	838.49940E-6	40.976174E-3	765.50822E-6
115.83333E-6	39.447572E-3	979.23679E-6	40.399380E-3	951.84043E-6	40.319551E-3	771.10669E-6	40.972255E-3	766.24827E-6
116.66666E-6	39.084509E-3	1.1365442E-3	40.328600E-3	1.0195472E-3	40.330034E-3	806.94951E-6	40.993843E-3	820.45724E-6
117.49999E-6	38.966738E-3	1.5411407E-3	40.327307E-3	988.83046E-6	40.341124E-3	912.34047E-6	40.987961E-3	902.75356E-6
118.33332E-6	39.434623E-3	1.4632621E-3	40.257141E-3	820.36020E-6	40.391978E-3	911.07975E-6	40.976059E-3	857.12865E-6
119.16666E-6	39.383102E-3	1.4003034E-3	40.121917E-3	847.09906E-6	40.396482E-3	867.96109E-6	40.946815E-3	767.00171E-6
119.99999E-6	39.138652E-3	993.90512E-6	40.034957E-3	896.56934E-6	40.385775E-3	805.52191E-6	40.948715E-3	755.90913E-6
120.83332E-6	39.493155E-3	1.1863501E-3	40.045556E-3	944.80423E-6	40.364064E-3	786.86635E-6	40.924348E-3	784.54101E-6
121.66665E-6	39.835632E-3	1.2137821E-3	40.029455E-3	979.90839E-6	40.369648E-3	873.91393E-6	40.896624E-3	888.63104E-6
122.49997E-6	39.856423E-3	1.5529154E-3	40.216606E-3	817.96548E-6	40.325612E-3	895.61235E-6	40.865857E-3	897.74694E-6
123.33333E-6	40.160939E-3	1.5305207E-3	40.185556E-3	808.11174E-6	40.275078E-3	860.97617E-6	40.829644E-3	810.17672E-6
124.16666E-6	39.805766E-3	1.6341544E-3	40.267218E-3	861.72565E-6	40.346641E-3	796.84204E-6	40.818043E-3	761.40190E-6
124.99999E-6	39.642125E-3	1.1592403E-3	40.233742E-3	955.54587E-6	40.351275E-3	779.93178E-6	40.733468E-3	764.23760E-6
125.83332E-6	39.378468E-3	1.2261213E-3	40.305633E-3	1.0207732E-3	40.366832E-3	843.96690E-6	40.687449E-3	839.58777E-6
126.66665E-6	39.680902E-3	1.4704590E-3	40.496502E-3	934.59937E-6	40.389396E-3	899.82705E-6	40.649667E-3	880.42970E-6
127.49998E-6	39.713819E-3	1.6237772E-3	40.482007E-3	1.0377442E-3	40.414203E-3	885.63783E-6	40.588941E-3	827.46294E-6
128.33331E-6	39.529845E-3	1.4113089E-3	40.489521E-3	807.79818E-6	40.439315E-3	800.03904E-6	40.547661E-3	779.15163E-6
129.16664E-6	39.997149E-3	1.2207181E-3	40.272254E-3	881.30892E-6	40.466413E-3	761.36837E-6	40.495355E-3	773.59157E-6
130.00000E-6	39.397955E-3	1.2538225E-3	40.489383E-3	897.35899E-6	40.443406E-3	813.09228E-6	40.492546E-3	826.44221E-6
130.83333E-6	39.679725E-3	1.4285849E-3	40.502537E-3	937.12867E-6	40.425655E-3	901.15803E-6	40.524852E-3	923.63218E-6
131.66666E-6	40.035490E-3	1.4838101E-3	40.569764E-3	973.02860E-6	40.424809E-3	897.67366E-6	40.607806E-3	881.49833E-6
132.49999E-6	40.087171E-3	1.4656828E-3	40.629126E-3	856.40966E-6	40.362030E-3	842.08796E-6	40.651754E-3	819.91794E-6
133.33332E-6	40.689178E-3	815.92228E-6	40.954147E-3	770.04696E-6	40.499929E-3	756.15355E-6	40.624347E-3	761.49241E-6
134.16665E-6	40.652305E-3	809.27869E-6	41.122183E-3	806.15008E-6	40.523268E-3	756.64773E-6	40.678076E-3	794.95611E-6
134.99998E-6	40.626898E-3	916.36408E-6	41.082516E-3	880.78337E-6	40.624212E-3	809.62438E-6	40.698498E-3	860.11813E-6
135.83331E-6	40.601887E-3	920.41027E-6	40.961582E-3	898.46738E-6	40.724665E-3	873.11416E-6	40.704899E-3	898.03326E-6
136.66664E-6	40.640388E-3	879.86235E-6	40.853169E-3	848.89942E-6	40.743187E-3	865.28959E-6	40.765684E-3	861.29666E-6
137.50000E-6	40.705048E-3	786.95099E-6	40.746480E-3	787.83935E-6	40.738646E-3	772.05675E-6	40.738773E-3	759.05334E-6
138.33333E-6	40.728334E-3	805.66492E-6	40.649682E-3	763.14528E-6	40.749125E-3	753.28018E-6	40.835835E-3	749.90664E-6
139.16666E-6	40.922657E-3	855.07031E-6	40.594403E-3	806.92931E-6	40.810551E-3	805.10066E-6	40.838819E-3	812.90310E-6
139.99999E-6	40.892977E-3	935.97360E-6	40.612973E-3	882.93670E-6	40.810093E-3	889.26364E-6	40.912621E-3	892.63590E-6
140.83332E-6	40.996417E-3	909.65425E-6	40.640805E-3	893.65017E-6	40.859237E-3	878.05896E-6	40.890660E-3	887.88412E-6
141.66665E-6	41.031182E-3	837.24700E-6	40.640645E-3	853.04969E-6	40.837530E-3	826.04901E-6	40.909130E-3	796.51852E-6
142.49998E-6	41.026358E-3	794.78073E-6	40.666793E-3	797.32412E-6	40.958308E-3	760.17511E-6	40.891867E-3	736.79112E-6
143.33331E-6	41.057236E-3	817.30075E-6	40.622439E-3	775.78198E-6	41.006666E-3	758.88407E-6	40.914070E-3	804.49722E-6
144.16664E-6	41.076168E-3	901.21734E-6	40.638972E-3	822.67198E-6	41.070461E-3	842.30676E-6	40.898778E-3	865.31910E-6
144.99997E-6	41.005511E-3	916.20983E-6	40.582329E-3	857.14011E-6	41.093554E-3	907.44649E-6	40.895581E-3	909.92422E-6
145.83330E-6	41.024767E-3	874.42569E-6	40.528774E-3	905.45084E-6	41.044552E-3	856.28283E-6	40.868521E-3	826.85944E-6
146.66666E-6	40.953055E-3	804.39128E-6	40.371224E-3	847.63963E-6	40.969223E-3	790.22750E-6	40.862374E-3	765.25752E-6
147.49999E-6	40.930405E-3	785.27053E-6	40.258087E-3	760.72279E-6	40.923156E-3	752.41766E-6	40.880349E-3	750.57155E-6
148.33332E-6	40.930316E-3	874.48925E-6	40.256035E-3	758.23389E-6	40.821198E-3	781.90368E-6	40.911756E-3	857.81136E-6
149.16665E-6	40.739320E-3	916.70890E-6	40.363610E-3	818.55309E-6	40.630367E-3	888.43436E-6	40.936667E-3	903.73924E-6
149.99998E-6	40.761415E-3	921.49584E-6	40.491458E-3	896.96352E-6	40.606868E-3	889.76684E-6	40.941183E-3	869.20202E-6
150.83331E-6	40.631767E-3	845.36610E-6	40.625218E-3	890.73158E-6	40.579408E-3	832.35314E-6	40.974319E-3	789.18831E-6
151.66664E-6	40.674265E-3	783.43693E-6	40.723879E-3	856.89023E-6	40.581532E-3	760.65090E-6	40.980369E-3	750.81940E-6
152.49997E-6	40.759362E-3	783.01219E-6	40.813025E-3	772.15425E-6	40.771812E-3	741.56461E-6	40.826000E-3	861.86745E-6
153.33330E-6	40.728692E-3	861.85907E-6	40.814932E-3	742.15181E-6	40.734466E-3	823.41337E-6	40.800199E-3	934.50351E-6
154.16666E-6	40.718812E-3	887.81089E-6	40.820375E-3	795.82329E-6	40.681142E-3	885.49714E-6	40.823471E-3	917.75844E-6
154.99999E-6	40.700614E-3	850.82842E-6	40.738445E-3	864.70251E-6	40.541064E-3	873.48925E-6	40.833194E-3	870.76268E-6
155.83332E-6	40.747371E-3	771.41641E-6	40.744007E-3	893.77933E-6	40.507518E-3	805.70992E-6	40.787999E-3	780.02410E-6
156.66665E-6	40.813986E-3	744.27365E-6	40.776134E-3	859.79549E-6	40.482689E-3	749.38795E-6	40.955383E-3	821.08012E-6
157.49998E-6	40.778156E-3	815.90575E-6	40.817425E-3	778.86943E-6	40.487997E-3	780.02544E-6	41.014895E-3	874.32744E-6
158.33331E-6	40.741384E-3	876.26145E-6	40.918443E-3	746.52140E-6	40.471952E-3	854.06814E-6	41.147865E-3	948.60658E-6
159.16664E-6	40.741604E-3	889.11469E-6	40.832851E-3	796.77114E-6	40.510528E-3	901.63096E-6	41.123260E-3	969.69632E-6
159.99997E-6	40.720139E-3	809.80576E-6	40.930726E-3	859.43541E-6	40.470105E-3	835.01666E-6	41.127913E-3	874.00549E-6
160.83330E-6	40.702920E-3	759.45695E-6	40.952668E-3	915.01436E-6	40.480427E-3	778.07833E-6	41.144349E-3	803.51642E-6
161.66666E-6	40.574968E-3	754.81663E-6	40.838107E-3	848.62858E-6	40.443037E-3	733.61851E-6	41.047826E-3	866.85224E-6
162.49999E-6	40.582586E-3	829.71680E-6	40.695865E-3	793.95610E-6	40.398810E-3	825.53551E-6	41.138209E-3	947.15814E-6
163.33332E-6	40.549863E-3	897.51335E-6	40.564738E-3	735.68529E-6	40.359661E-3	880.32859E-6	41.154545E-3	1.0195725E-3
164.16665E-6	40.513013E-3	869.27303E-6	40.439975E-3	798.22663E-6	40.292434E-3	869.80494E-6	41.170623E-3	891.10137E-6
164.99998E-6	40.486552E-3	773.14285E-6	40.428683E-3	840.05372E-6	40.195383E-3	813.42756E-6	41.054852E-3	868.41430E-6
165.83331E-6	40.452302E-3	772.10681E-6	40.428936E-3	889.22982E-6	40.191963E-3	767.62668E-6	40.907163E-3	865.28133E-6
166.66664E-6	40.388547E-3	802.65861E-6	40.415965E-3	866.92028E-6	40.080562E-3	792.17163E-6	40.884558E-3	902.23970E-6
167.49997E-6	40.385842E-3	890.04479E-6	40.444296E-3	818.64645E-6	40.060811E-3	871.68853E-6	40.901199E-3	1.0357503E-3
168.33330E-6	40.428367E-3	906.84905E-6	40.456802E-3	756.88871E-6	40.075533E-3	917.12526E-6	40.863443E-3	928.21580E-6
169.16665E-6	40.444087E-3	818.69267E-6	40.439345E-3	785.54725E-6	40.023234E-3	842.12236E-6	40.803239E-3	790.14443E-6
169.99998E-6	40.453855E-3	782.73600E-6	40.328357E-3	838.82763E-6	40.052831E-3	780.90007E-6	40.719949E-3	792.86232E-6
170.83331E-6	40.533602E-3	767.42441E-6	40.003534E-3	880.15816E-6	40.064082E-3	767.03593E-6	40.659413E-3	896.74199E-6
171.66664E-6	40.609967E-3	849.28633E-6	39.967582E-3	879.07829E-6	39.958972E-3	876.04276E-6	40.019840E-3	1.6177894E-3
172.49997E-6	40.705979E-3	899.29072E-6	39.908741E-3	806.00526E-6	40.005684E-3	921.85475E-6	39.647561E-3	2.3308625E-3
173.33330E-6	40.747155E-3	856.66782E-6	39.903626E-3	753.64637E-6	39.988741E-3	920.91318E-6	38.565401E-3	1.9754134E-3
174.16663E-6	40.821958E-3	789.38511E-6	40.035751E-3	753.26371E-6	40.054288E-3	831.57537E-6	39.276097E-3	1.4776022E-3
174.99996E-6	40.852241E-3	769.19282E-6	40.203810E-3	814.69730E-6	40.118050E-3	758.68051E-6	39.436582E-3	1.2501087E-3
175.83329E-6	40.808134E-3	777.16412E-6	40.291160E-3	881.64298E-6	40.164120E-3	824.99452E-6	39.827112E-3	1.5708718E-3
176.66665E-6	40.794142E-3	854.91233E-6	40.368926E-3	869.73666E-6	40.174719E-3	897.23559E-6	38.914964E-3	2.6417165E-3
177.49998E-6	40.803131E-3	897.91627E-6	40.418211E-3	806.25701E-6	40.173464E-3	927.61318E-6	39.449789E-3	2.2235708E-3
178.33331E-6	40.799934E-3	808.28788E-6	40.419053E-3	751.89368E-6	40.251154E-3	868.98118E-6	38.952284E-3	1.6505618E-3
179.16664E-6	40.685259E-3	749.15675E-6	40.395502E-3	738.12524E-6	40.214974E-3	785.52350E-6	39.506402E-3	2.1817833E-3
179.99997E-6	40.712968E-3	757.23883E-6	40.335126E-3	801.65273E-6	40.240962E-3	795.18300E-6	39.626487E-3	1.4679371E-3
180.83330E-6	40.729996E-3	842.60502E-6	40.407922E-3	884.54835E-6	40.207975E-3	897.35270E-6	38.583811E-3	2.7375661E-3
181.66663E-6	40.734518E-3	896.93558E-6	40.563762E-3	880.93022E-6	40.264484E-3	918.98174E-6	38.737334E-3	2.4082959E-3
182.49996E-6	40.784150E-3	859.70317E-6	40.642377E-3	822.38729E-6	40.214520E-3	880.08796E-6	38.531203E-3	1.9976213E-3
183.33332E-6	40.784128E-3	764.80390E-6	40.797129E-3	775.50049E-6	40.218335E-3	820.76713E-6	38.920552E-3	2.0639605E-3
184.16665E-6	40.750682E-3	727.45839E-6	40.892590E-3	750.41497E-6	40.244129E-3	795.42922E-6	39.346412E-3	2.3857763E-3
184.99998E-6	40.737674E-3	827.59798E-6	40.844090E-3	797.98046E-6	40.281523E-3	833.35501E-6	38.912077E-3	2.7088912E-3
185.83331E-6	40.705837E-3	871.27689E-6	40.911917E-3	900.84411E-6	40.338919E-3	924.95431E-6	38.826518E-3	2.7475932E-3
186.66664E-6	40.710252E-3	895.16910E-6	40.810384E-3	897.21277E-6	40.320989E-3	912.84513E-6	38.706318E-3	2.0728263E-3
187.49997E-6	40.751532E-3	829.83414E-6	40.676963E-3	855.17362E-6	40.420085E-3	815.85377E-6	39.301325E-3	1.7809009E-3
188.33330E-6	40.744767E-3	750.37312E-6	40.644001E-3	780.45158E-6	40.278587E-3	812.20124E-6	39.505463E-3	1.1901110E-3
189.16663E-6	40.825244E-3	772.85944E-6	40.417649E-3	732.49196E-6	40.363759E-3	844.31621E-6	38.237512E-3	3.1144242E-3
189.99996E-6	40.937543E-3	846.42484E-6	40.420994E-3	795.75373E-6	40.334452E-3	927.01346E-6	39.044730E-3	2.4716943E-3
190.83332E-6	40.915590E-3	904.09827E-6	40.374693E-3	879.22637E-6	39.683428E-3	1.5035603E-3	32.749012E-3	811.45932E-6
191.66665E-6	41.003987E-3	877.01232E-6	40.327203E-3	913.97279E-6	38.650699E-3	1.9366040E-3	32.310661E-3	849.87143E-6
192.49998E-6	41.000880E-3	799.16377E-6	40.331196E-3	891.05987E-6	39.204415E-3	1.3891393E-3	32.506570E-3	2.0255225E-3
193.33331E-6	40.969152E-3	740.77473E-6	40.164459E-3	768.61621E-6	39.250746E-3	1.1411342E-3	33.577383E-3	2.5959648E-3
194.16664E-6	40.977295E-3	824.54807E-6	40.045071E-3	761.48217E-6	39.610978E-3	1.2922876E-3	33.515014E-3	1.2086104E-3
194.99997E-6	41.024301E-3	902.85350E-6	39.992187E-3	787.88254E-6	39.905310E-3	1.4702076E-3	34.284286E-3	1.1682468E-3
195.83330E-6	41.030493E-3	895.37038E-6	40.002115E-3	843.66713E-6	39.931968E-3	1.5866956E-3	31.816225E-3	1.2945589E-3
196.66663E-6	41.028667E-3	823.70016E-6	40.092010E-3	919.34402E-6	39.240818E-3	1.5309145E-3	31.302150E-3	2.0209383E-3
197.49996E-6	40.972386E-3	773.54448E-6	40.195007E-3	890.00684E-6	38.924772E-3	1.2153733E-3	32.106280E-3	2.5721882E-3
198.33332E-6	40.960483E-3	801.40051E-6	40.288314E-3	808.94009E-6	39.342951E-3	1.4965443E-3	33.424042E-3	1.4632000E-3
199.16665E-6	40.914834E-3	859.59519E-6	40.360767E-3	766.67208E-6	39.667699E-3	1.4105540E-3	32.859709E-3	864.69180E-6
199.99998E-6	40.879957E-3	919.36032E-6	40.398926E-3	781.36183E-6	38.173925E-3	2.4201216E-3	33.336110E-3	1.6658412E-3
200.83331E-6	40.798962E-3	872.39454E-6	40.415529E-3	833.20279E-6	39.262168E-3	1.6191006E-3	31.317454E-3	1.6974949E-3
201.66664E-6	40.591143E-3	792.61261E-6	40.457185E-3	892.93276E-6	38.982861E-3	2.3263218E-3	32.258738E-3	1.2385804E-3
202.49997E-6	40.571280E-3	750.62149E-6	40.456694E-3	904.02842E-6	39.370969E-3	1.4157316E-3	33.375558E-3	2.3954695E-3
203.33330E-6	40.491343E-3	837.09048E-6	40.555056E-3	808.39032E-6	39.182827E-3	2.1647180E-3	33.404790E-3	1.1559229E-3
204.16663E-6	40.474880E-3	915.66297E-6	40.551696E-3	770.99440E-6	39.756969E-3	1.7966634E-3	32.606483E-3	466.52753E-6
204.99996E-6	40.471844E-3	904.15089E-6	40.616013E-3	764.23993E-6	39.764751E-3	1.5572396E-3	31.790089E-3	587.88701E-6
205.83332E-6	40.482517E-3	834.22964E-6	40.697444E-3	830.99533E-6	39.748602E-3	1.2251637E-3	31.504754E-3	2.2967071E-3
206.66665E-6	40.471110E-3	783.49700E-6	40.727958E-3	909.95984E-6	39.484400E-3	1.2020989E-3	32.462582E-3	1.1832473E-3
207.49998E-6	40.484551E-3	783.76877E-6	40.686365E-3	914.40917E-6	39.881881E-3	1.1710888E-3	33.761173E-3	2.1356952E-3
208.33331E-6	40.566958E-3	865.35618E-6	40.560488E-3	863.84354E-6	40.085804E-3	1.1548836E-3	32.914627E-3	569.99380E-6
209.16664E-6	40.580075E-3	908.57758E-6	40.398970E-3	818.69832E-6	39.666303E-3	1.6369681E-3	31.117359E-3	497.57177E-6
209.99997E-6	40.098079E-3	984.09795E-6	40.260397E-3	821.87797E-6	36.949672E-3	2.6320103E-3	30.948665E-3	-72.936877E-6
210.83330E-6	39.968185E-3	958.10037E-6	40.051635E-3	929.00608E-6	36.124211E-3	3.0346673E-3	30.955464E-3	-53.290521E-6
211.66663E-6	40.175740E-3	907.43770E-6	40.169667E-3	957.59507E-6	34.586541E-3	3.2967662E-3	30.993052E-3	43.645407E-6
212.49996E-6	40.212069E-3	1.0877182E-3	39.798696E-3	959.60358E-6	35.794053E-3	3.0461363E-3	31.001164E-3	78.929115E-6
213.33332E-6	39.984476E-3	1.3396406E-3	39.901018E-3	919.97394E-6	36.683876E-3	2.6940627E-3	30.985329E-3	-15.040671E-6
214.16665E-6	39.761707E-3	1.1282341E-3	39.690085E-3	1.0022650E-3	35.355136E-3	2.4266336E-3	30.965701E-3	-77.011973E-6
214.99998E-6	39.346408E-3	1.1939494E-3	39.395541E-3	1.1051318E-3	34.690324E-3	2.7443264E-3	30.997433E-3	-83.801948E-6
215.83331E-6	39.547760E-3	1.1976805E-3	39.626572E-3	1.1789777E-3	34.242019E-3	3.2634137E-3	30.965643E-3	35.698631E-6
216.66664E-6	39.720170E-3	1.3919397E-3	39.692100E-3	1.0541804E-3	35.417534E-3	2.8904816E-3	30.993305E-3	75.626289E-6
217.49997E-6	39.974462E-3	1.5833253E-3	39.537054E-3	1.0263583E-3	36.463007E-3	2.4598825E-3	30.943397E-3	34.289049E-6
218.33330E-6	39.806824E-3	1.0882916E-3	39.894421E-3	1.1719733E-3	34.430485E-3	2.0368865E-3	30.973580E-3	-55.578097E-6
219.16663E-6	39.502915E-3	1.0113962E-3	39.702497E-3	927.87482E-6	34.097124E-3	2.7800796E-3	30.961601E-3	-79.983656E-6
219.99999E-6	39.046153E-3	1.1751637E-3	40.037509E-3	827.38959E-6	33.970650E-3	3.2025748E-3	31.027142E-3	-21.976652E-6
220.83332E-6	39.451707E-3	1.1388811E-3	39.948799E-3	1.0212649E-3	34.989052E-3	2.3128907E-3	31.046301E-3	53.068943E-6
221.66665E-6	39.542597E-3	1.5591806E-3	40.235657E-3	928.03291E-6	36.464602E-3	2.7378823E-3	31.076197E-3	54.380191E-6
222.49998E-6	39.288670E-3	1.4682448E-3	40.150665E-3	1.0509463E-3	35.340574E-3	2.0978160E-3	31.091562E-3	7.4180434E-6
223.33331E-6	39.177481E-3	1.0984623E-3	39.929464E-3	1.0330530E-3	34.726530E-3	2.6044794E-3	31.099463E-3	-59.716502E-6
224.16664E-6	39.323881E-3	1.1407370E-3	39.467447E-3	1.1016215E-3	33.843644E-3	3.1003656E-3	31.181125E-3	-63.627311E-6
224.99997E-6	39.591528E-3	1.2539038E-3	40.034994E-3	884.55406E-6	35.410173E-3	2.6669553E-3	31.242413E-3	11.211115E-6
225.83330E-6	39.816789E-3	1.2392349E-3	39.985355E-3	1.0356820E-3	36.297247E-3	2.3624958E-3	31.307280E-3	68.559406E-6
226.66663E-6	39.806772E-3	1.5401241E-3	40.411398E-3	1.0486746E-3	36.002230E-3	2.1821414E-3	31.331565E-3	35.831861E-6
227.49999E-6	39.422236E-3	1.5799523E-3	40.510617E-3	1.1073942E-3	37.116900E-3	2.6737959E-3	31.361945E-3	-53.613101E-6
228.33332E-6	33.642661E-3	3.0737335E-3	36.968831E-3	3.1680812E-3	32.632194E-3	2.2536742E-3	31.355307E-3	-84.229374E-6
229.16665E-6	36.951125E-3	2.7276459E-3	38.055792E-3	2.7230531E-3	33.014353E-3	1.2376681E-3	31.314872E-3	-35.376357E-6
229.99998E-6	37.652384E-3	2.6866458E-3	38.749516E-3	2.4680775E-3	33.086874E-3	848.27881E-6	31.357426E-3	38.380364E-6
230.83331E-6	36.200274E-3	2.7910133E-3	36.708370E-3	2.7048341E-3	33.686314E-3	509.10475E-6	31.292625E-3	72.028226E-6
231.66664E-6	35.514005E-3	3.3052242E-3	37.951082E-3	1.8819327E-3	31.804793E-3	1.1028789E-3	31.264599E-3	5.0994508E-6
232.49997E-6	35.981171E-3	3.2158417E-3	36.077984E-3	2.6866808E-3	31.227600E-3	776.98973E-6	31.201417E-3	-72.668307E-6
233.33330E-6	36.739603E-3	2.8081930E-3	37.513107E-3	2.8682661E-3	31.918943E-3	1.4135429E-3	31.159921E-3	-78.478974E-6
234.16663E-6	36.146510E-3	2.2801931E-3	37.261181E-3	2.9604095E-3	32.655582E-3	436.11415E-6	31.120565E-3	7.0179722E-6
234.99998E-6	37.102610E-3	2.6676166E-3	36.205497E-3	2.9319813E-3	31.132841E-3	767.11905E-6	31.116003E-3	68.908768E-6
235.83331E-6	34.842528E-3	2.9603187E-3	37.552703E-3	2.3125643E-3	31.467196E-3	1.5592936E-3	31.112403E-3	31.949829E-6
236.66664E-6	34.398381E-3	3.2662174E-3	37.323806E-3	2.4533786E-3	31.480554E-3	1.8294548E-3	31.100562E-3	-48.375496E-6
237.49997E-6	36.423653E-3	2.9773291E-3	33.233505E-3	1.2364154E-3	30.936081E-3	876.61360E-6	31.105960E-3	-65.305554E-6
238.33330E-6	36.825962E-3	2.6287569E-3	33.904083E-3	1.9018176E-3	31.635363E-3	66.625296E-6	31.058569E-3	-27.426506E-6
239.16663E-6	37.029169E-3	2.5895871E-3	33.023797E-3	2.8997953E-3	30.867960E-3	45.793433E-6	30.959968E-3	30.720832E-6
239.99996E-6	35.728093E-3	2.9905578E-3	32.216903E-3	2.8273037E-3	31.871267E-3	647.11773E-6	30.980969E-3	91.495313E-6
240.83329E-6	35.770990E-3	3.2290597E-3	32.664299E-3	2.4234860E-3	31.586170E-3	1.3440268E-3	30.968094E-3	16.645061E-6
241.66662E-6	36.073834E-3	3.0979337E-3	31.142833E-3	1.4405920E-3	32.522973E-3	1.3544749E-3	30.954454E-3	-84.760723E-6
242.49998E-6	38.528912E-3	2.5499349E-3	32.697778E-3	1.2689519E-3	30.874396E-3	52.362087E-6	30.727305E-3	-71.292670E-6
243.33331E-6	37.553441E-3	2.5450126E-3	35.304543E-3	2.9771209E-3	31.763028E-3	149.22551E-6	30.698840E-3	-18.048373E-6
244.16664E-6	36.578573E-3	2.7672080E-3	32.983642E-3	1.9269151E-3	33.625994E-3	1.3693098E-3	30.664412E-3	54.572523E-6
244.99997E-6	34.847252E-3	3.1976812E-3	32.975033E-3	2.4459169E-3	31.938020E-3	2.0670611E-3	30.702356E-3	58.377751E-6
245.83330E-6	35.624351E-3	3.2106244E-3	32.323066E-3	2.5018125E-3	32.123156E-3	2.1136918E-3	30.655267E-3	-9.9252484E-6
246.66663E-6	36.213089E-3	2.8224271E-3	32.190077E-3	1.8660101E-3	32.190759E-3	908.13136E-6	30.583017E-3	-66.558445E-6
247.49996E-6	31.111093E-3	1.3288032E-3	30.417984E-3	-15.249641E-6	30.966727E-3	59.614042E-6	30.501077E-3	-54.923181E-6
248.33329E-6	33.026446E-3	923.08671E-6	30.414525E-3	57.123623E-6	30.938471E-3	-16.429220E-6	30.496577E-3	29.416546E-6
249.16662E-6	32.848790E-3	732.94225E-6	30.445121E-3	65.010012E-6	31.024436E-3	-53.613621E-6	30.397452E-3	74.763542E-6
249.99998E-6	32.661419E-3	1.0957537E-3	30.519553E-3	-6.6834023E-6	31.013196E-3	-33.073648E-6	30.344313E-3	33.102584E-6
250.83331E-6	31.061348E-3	-39.009050E-6	30.600265E-3	-73.908086E-6	31.016771E-3	40.910600E-6	30.304328E-3	-46.408408E-6
251.66664E-6	31.123422E-3	-35.316378E-6	30.723993E-3	-77.083445E-6	30.937700E-3	59.446735E-6	30.376900E-3	-72.698705E-6
252.49997E-6	31.958628E-3	875.27675E-6	30.777404E-3	-9.4983416E-6	30.876674E-3	1.7682397E-6	30.449538E-3	-28.132485E-6
253.33330E-6	32.037202E-3	144.59423E-6	30.744366E-3	45.164830E-6	30.954204E-3	-78.558427E-6	30.424869E-3	51.311086E-6
254.16663E-6	32.005314E-3	687.31495E-6	30.615203E-3	71.782561E-6	30.920869E-3	-59.686830E-6	30.491453E-3	64.695196E-6
254.99996E-6	32.698631E-3	2.0408086E-3	30.540045E-3	9.3827039E-6	30.920230E-3	27.858212E-6	30.563533E-3	25.056845E-6
255.83329E-6	31.177051E-3	1.3295339E-3	30.404868E-3	-60.090239E-6	30.933484E-3	82.801824E-6	30.610545E-3	-51.794021E-6
256.66662E-6	31.221110E-3	-59.736558E-6	30.308271E-3	-64.610249E-6	30.917779E-3	30.099329E-6	30.605922E-3	-73.452167E-6
257.49998E-6	31.278767E-3	144.22841E-6	30.295096E-3	-23.040984E-6	30.899566E-3	-68.165915E-6	30.637447E-3	-4.2465545E-6
258.33331E-6	31.302869E-3	153.31508E-6	30.317772E-3	46.360525E-6	30.940933E-3	-75.098746E-6	30.726649E-3	74.314783E-6
259.16664E-6	32.514900E-3	796.51171E-6	30.301884E-3	73.531097E-6	30.943932E-3	-3.0013928E-6	30.736340E-3	64.654603E-6
259.99997E-6	31.823572E-3	713.46026E-6	30.309211E-3	17.371971E-6	30.974839E-3	65.889435E-6	30.729281E-3	-29.664359E-6
260.83330E-6	32.361008E-3	946.40366E-6	30.264294E-3	-71.243623E-6	30.976482E-3	41.111631E-6	30.735999E-3	-71.329392E-6
261.66663E-6	33.129230E-3	326.11366E-6	30.221542E-3	-62.522318E-6	30.967314E-3	-43.994638E-6	30.730201E-3	-48.778962E-6
262.49996E-6	33.972528E-3	806.49607E-6	30.235801E-3	-33.954613E-6	30.948212E-3	-95.391864E-6	30.785603E-3	13.946637E-6
263.33329E-6	33.271357E-3	2.3237623E-3	30.125661E-3	53.389180E-6	30.948309E-3	-44.766501E-6	30.825919E-3	69.446680E-6
264.16665E-6	32.204255E-3	741.44546E-6	30.036589E-3	83.601102E-6	30.960957E-3	45.000892E-6	30.899948E-3	41.301268E-6
264.99998E-6	31.374861E-3	-88.999848E-6	30.073356E-3	19.540126E-6	30.952908E-3	62.206847E-6	31.016398E-3	-32.776370E-6
265.83331E-6	31.434912E-3	1.0483975E-3	30.049728E-3	-40.090163E-6	31.015437E-3	3.3783051E-6	31.054109E-3	-82.935818E-6
266.66664E-6	31.393304E-3	50.006929E-6	30.132880E-3	-70.132708E-6	30.970402E-3	-75.589676E-6	31.043043E-3	-42.516334E-6
267.49997E-6	31.345017E-3	74.581643E-6	30.312419E-3	-43.883538E-6	30.972095E-3	-45.680157E-6	31.124851E-3	51.036041E-6
268.33330E-6	31.286679E-3	6.3102430E-6	30.403912E-3	34.889148E-6	30.940352E-3	27.453852E-6	31.250644E-3	59.133072E-6
269.16663E-6	31.271547E-3	-45.773424E-6	30.433614E-3	68.506110E-6	30.903751E-3	68.464884E-6	31.214070E-3	29.559524E-6
269.99996E-6	31.230997E-3	-67.172296E-6	30.480070E-3	30.675557E-6	30.972768E-3	32.458651E-6	31.112639E-3	-33.113130E-6
270.83329E-6	31.207720E-3	13.470367E-6	30.512039E-3	-31.693729E-6	30.825064E-3	-66.602988E-6	31.065600E-3	-62.038263E-6
271.66665E-6	31.168424E-3	68.220266E-6	30.530628E-3	-72.155046E-6	30.792722E-3	-97.194767E-6	31.049967E-3	-27.271615E-6
272.49998E-6	31.079121E-3	58.232934E-6	30.503858E-3	-66.507258E-6	30.770645E-3	-1.1425269E-6	30.994026E-3	48.533857E-6
273.33331E-6	31.094007E-3	-43.073400E-6	30.516693E-3	31.958793E-6	30.752795E-3	66.580513E-6	30.907201E-3	83.482082E-6
274.16664E-6	31.065930E-3	-66.425324E-6	30.580712E-3	57.658708E-6	30.696753E-3	45.398454E-6	30.831730E-3	20.953918E-6
274.99997E-6	31.021690E-3	-19.097641E-6	30.653413E-3	53.111340E-6	30.655550E-3	-7.4182312E-6	30.830042E-3	-69.882306E-6
275.83330E-6	31.014679E-3	83.150735E-6	30.782696E-3	-40.072868E-6	30.605927E-3	395.71413E-6	30.784329E-3	-71.336406E-6
276.66663E-6	30.969098E-3	61.506093E-6	30.851740E-3	-76.153527E-6	30.589841E-3	-47.062324E-6	30.721407E-3	-12.509649E-6
277.49996E-6	30.981185E-3	-22.997088E-6	30.894600E-3	-43.653134E-6	30.582394E-3	49.725928E-6	30.715307E-3	82.921848E-6
278.33329E-6	30.939871E-3	-61.121333E-6	30.809639E-3	19.546216E-6	30.596554E-3	76.789795E-6	30.733675E-3	60.014070E-6
279.16665E-6	30.906467E-3	-45.306260E-6	30.662246E-3	74.383490E-6	30.576764E-3	147.60174E-9	30.718207E-3	-26.828153E-6
279.99998E-6	30.959276E-3	28.107768E-6	30.594947E-3	47.103080E-6	30.472184E-3	-72.533570E-6	30.725993E-3	-80.960890E-6
280.83331E-6	30.943660E-3	49.853195E-6	30.477643E-3	-6.7668116E-6	30.609116E-3	-58.333644E-6	30.725867E-3	-72.221861E-6
281.66664E-6	30.935533E-3	11.640320E-6	30.427745E-3	-87.628832E-6	30.606341E-3	29.230994E-6	30.668493E-3	-3.3748984E-6
282.49997E-6	30.923873E-3	-43.655840E-6	30.391179E-3	-66.130226E-6	30.673100E-3	58.067410E-6	30.579066E-3	64.174419E-6
283.33330E-6	30.940371E-3	-89.639667E-6	30.386871E-3	-7.1872155E-6	30.694116E-3	21.465921E-6	30.534908E-3	42.192187E-6
284.16663E-6	30.923992E-3	7.2678176E-6	30.380655E-3	77.304619E-6	30.688355E-3	-48.161353E-6	30.495625E-3	-37.339949E-6
284.99996E-6	30.965474E-3	42.986590E-6	30.350000E-3	53.250278E-6	30.703790E-3	-87.485671E-6	30.451899E-3	-88.926703E-6
285.83329E-6	30.912330E-3	74.984491E-6	30.501544E-3	-10.981356E-6	30.706113E-3	7.0809519E-6	30.376470E-3	-58.630554E-6
286.66665E-6	30.812506E-3	-21.979899E-6	30.465800E-3	-83.753104E-6	30.673826E-3	70.767630E-6	30.351210E-3	18.888224E-6
287.49998E-6	30.854065E-3	-75.487827E-6	30.357830E-3	-67.237561E-6	30.691767E-3	46.471996E-6	30.270400E-3	78.405836E-6
288.33331E-6	30.820366E-3	-20.412162E-6	30.241104E-3	22.889850E-6	30.693317E-3	-30.845178E-6	30.344317E-3	11.686834E-6
289.16664E-6	30.860014E-3	29.371404E-6	30.153481E-3	54.997068E-6	30.739114E-3	-67.640380E-6	30.444371E-3	-53.623640E-6
289.99997E-6	30.845648E-3	71.902417E-6	30.131150E-3	70.291419E-6	30.757541E-3	-33.126409E-6	30.487366E-3	-91.580303E-6
290.83330E-6	30.792598E-3	3.9006486E-6	30.138362E-3	-21.646863E-6	30.727200E-3	53.829302E-6	30.572815E-3	-21.679900E-6
291.66663E-6	30.748829E-3	-61.971878E-6	30.243406E-3	-71.089366E-6	30.729478E-3	61.632432E-6	30.580636E-3	53.240361E-6
292.49996E-6	30.766541E-3	-74.110576E-6	30.361019E-3	-77.274752E-6	30.780060E-3	-11.801822E-6	30.609896E-3	63.284555E-6
293.33329E-6	30.677475E-3	24.323459E-6	30.444413E-3	19.886344E-6	30.720970E-3	-64.204571E-6	30.639445E-3	4.1844628E-6
294.16665E-6	30.636724E-3	69.319685E-6	30.527644E-3	73.210962E-6	30.660946E-3	-44.668381E-6	30.665772E-3	-52.665873E-6
294.99998E-6	30.569926E-3	67.319939E-6	30.566450E-3	52.075731E-6	30.639511E-3	41.546889E-6	30.679269E-3	-60.815546E-6
295.83331E-6	30.560385E-3	-47.379086E-6	30.548017E-3	-33.947628E-6	30.693240E-3	64.253196E-6	30.648025E-3	-21.046311E-6
296.66664E-6	30.520538E-3	-73.620795E-6	30.598683E-3	-81.950260E-6	30.650657E-3	4.3050550E-6	30.720670E-3	50.166491E-6
297.49997E-6	30.511377E-3	-17.303742E-6	30.577894E-3	-49.318427E-6	30.618891E-3	-65.928325E-6	30.676683E-3	75.254982E-6
298.33330E-6	30.520447E-3	40.060178E-6	30.600751E-3	16.721086E-6	30.698197E-3	-60.929942E-6	30.743776E-3	4.5472484E-6
299.16663E-6	30.480083E-3	79.681646E-6	30.601470E-3	63.541054E-6	30.677972E-3	32.704451E-6	30.792128E-3	-79.629266E-6
299.99996E-6	30.483881E-3	-7.9455431E-6	30.643396E-3	34.630040E-6	30.713167E-3	55.947745E-6	30.912656E-3	-77.851873E-6
300.83329E-6	30.579356E-3	-92.503724E-6	30.713873E-3	-9.9956869E-6	30.655717E-3	19.969695E-6	30.965324E-3	-9.4050711E-6
301.66665E-6	30.525459E-3	-55.206965E-6	30.776761E-3	-82.433013E-6	30.682851E-3	-38.043705E-6	31.097751E-3	67.486508E-6
302.49998E-6	30.568825E-3	31.490603E-6	30.854525E-3	-70.818787E-6	30.713525E-3	-74.164047E-6	31.149685E-3	54.105079E-6
303.33331E-6	30.606104E-3	88.375295E-6	30.920949E-3	-5.0158133E-6	30.720508E-3	13.183739E-6	31.158801E-3	-21.659913E-6
304.16664E-6	30.663664E-3	31.084197E-6	31.038258E-3	69.811285E-6	30.740434E-3	62.506515E-6	31.158863E-3	-77.625940E-6
304.99997E-6	30.740842E-3	-39.899576E-6	30.987225E-3	43.823664E-6	30.725364E-3	56.910663E-6	31.087028E-3	-67.763249E-6
305.83329E-6	30.862344E-3	-75.920492E-6	30.915633E-3	-15.926520E-6	30.728748E-3	-32.496959E-6	30.980760E-3	10.298909E-6
306.66662E-6	30.903339E-3	-2.4773399E-6	30.833185E-3	-94.113886E-6	30.754730E-3	-78.399440E-6	30.892136E-3	70.212816E-6
307.49995E-6	30.921649E-3	69.136069E-6	30.711919E-3	-90.783069E-6	30.746676E-3	-31.513595E-6	30.828005E-3	42.924174E-6
308.33331E-6	30.925564E-3	58.140293E-6	30.628627E-3	40.697829E-6	30.703913E-3	37.904570E-6	30.814013E-3	-43.277945E-6
309.16664E-6	30.982871E-3	-32.052252E-6	30.557744E-3	44.481807E-6	30.756777E-3	63.791340E-6	30.834567E-3	-71.157883E-6
309.99997E-6	30.969137E-3	-92.585055E-6	30.520286E-3	42.256768E-6	30.748643E-3	-1.2321810E-6	30.791147E-3	-60.853763E-6
310.83330E-6	31.005073E-3	-38.026817E-6	30.510124E-3	-19.204366E-6	30.943623E-3	-77.586570E-6	30.792553E-3	14.356186E-6
311.66663E-6	31.032650E-3	51.288789E-6	30.490095E-3	-79.908321E-6	30.982370E-3	-56.091099E-6	30.780774E-3	61.967570E-6
312.49996E-6	30.996662E-3	74.590374E-6	30.505333E-3	-32.968477E-6	30.990362E-3	18.819468E-6	30.762123E-3	33.417051E-6
313.33329E-6	31.042038E-3	-21.201713E-6	30.484280E-3	22.391861E-6	31.000827E-3	65.535627E-6	30.758645E-3	-57.278485E-6
314.16662E-6	31.044258E-3	-63.082305E-6	30.465113E-3	96.644428E-6	31.022947E-3	24.426003E-6	30.717272E-3	-90.258698E-6
314.99995E-6	30.947136E-3	-30.899897E-6	30.446390E-3	46.448557E-6	30.994158E-3	-50.130737E-6	30.744450E-3	-37.959777E-6
315.83331E-6	30.951379E-3	23.378179E-6	30.360989E-3	-26.809323E-6	30.907182E-3	-68.823429E-6	30.692616E-3	44.459968E-6
316.66664E-6	30.976353E-3	60.865481E-6	30.347958E-3	-80.964004E-6	31.009750E-3	-7.6866581E-6	30.641939E-3	76.088443E-6
317.49997E-6	30.994246E-3	4.4070562E-6	30.402975E-3	-58.051311E-6	31.071249E-3	63.806998E-6	30.578360E-3	7.9003903E-6
318.33330E-6	30.990832E-3	-47.878486E-6	30.339174E-3	35.440495E-6	31.091148E-3	56.222452E-6	30.472109E-3	-56.432855E-6
319.16663E-6	30.986015E-3	-65.419656E-6	30.289169E-3	73.808849E-6	31.169612E-3	-38.492606E-6	30.382633E-3	-81.861821E-6
319.99996E-6	30.982183E-3	8.9786517E-6	30.282795E-3	47.338428E-6	31.153563E-3	-78.217839E-6	30.339571E-3	-2.8966508E-6
320.83329E-6	30.988615E-3	64.351174E-6	30.331949E-3	-42.896998E-6	31.177636E-3	-41.327043E-6	30.316330E-3	61.876068E-6
321.66662E-6	31.038713E-3	33.409066E-6	30.397698E-3	-78.070349E-6	31.144025E-3	26.135544E-6	30.302521E-3	52.125797E-6
322.49995E-6	31.050313E-3	-33.585278E-6	30.497283E-3	-20.817430E-6	31.187253E-3	63.462110E-6	30.325582E-3	-22.086499E-6
323.33331E-6	31.032044E-3	-70.731025E-6	30.617626E-3	47.527628E-6	31.083195E-3	8.3553996E-6	30.424327E-3	-58.211317E-6
324.16664E-6	31.041995E-3	-24.340110E-6	30.688308E-3	78.329358E-6	31.099020E-3	-47.755893E-6	30.494904E-3	-51.858140E-6
324.99997E-6	31.055963E-3	44.979319E-6	30.709371E-3	-13.731734E-6	31.067759E-3	-65.924658E-6	30.563742E-3	17.208178E-6
325.83330E-6	31.032769E-3	47.425885E-6	30.773416E-3	-72.986033E-6	31.036017E-3	16.758673E-6	30.586161E-3	70.664821E-6
326.66663E-6	31.044591E-3	-25.125486E-6	30.749885E-3	-74.103249E-6	31.092312E-3	72.478470E-6	30.601894E-3	43.380482E-6
327.49996E-6	31.060982E-3	-85.694446E-6	30.829346E-3	-19.819829E-6	31.087108E-3	65.460517E-6	30.603763E-3	-28.225404E-6
328.33329E-6	31.052336E-3	-41.797590E-6	30.824151E-3	50.062808E-6	31.056631E-3	-34.537123E-6	30.620288E-3	-69.594214E-6
329.16662E-6	31.069212E-3	39.728606E-6	30.803649E-3	50.038947E-6	30.987108E-3	-85.033484E-6	30.633219E-3	-36.963265E-6
329.99995E-6	31.067515E-3	63.370062E-6	30.904453E-3	-38.837421E-6	30.968010E-3	-27.350698E-6	30.670483E-3	18.526945E-6
330.83331E-6	31.055920E-3	14.650625E-6	30.921368E-3	-89.790199E-6	30.932967E-3	35.379911E-6	30.572813E-3	80.712707E-6
331.66664E-6	31.064533E-3	-53.978139E-6	30.714534E-3	-65.011482E-6	30.907089E-3	55.554330E-6	30.518709E-3	23.869117E-6
332.49997E-6	31.084938E-3	-54.622149E-6	30.737549E-3	7.7474006E-6	30.898720E-3	16.826807E-6	30.573001E-3	-40.711479E-6
333.33330E-6	31.065160E-3	10.784718E-6	30.788388E-3	73.154733E-6	30.876270E-3	-76.138473E-6	30.604931E-3	-76.902325E-6
334.16663E-6	31.095667E-3	60.039034E-6	30.850524E-3	32.959659E-6	30.888427E-3	-53.214655E-6	30.677058E-3	-20.440131E-6
334.99996E-6	31.104364E-3	17.687946E-6	30.909574E-3	-21.121967E-6	30.933764E-3	12.415441E-6	30.765999E-3	40.688428E-6
335.83329E-6	31.118048E-3	-52.473795E-6	30.997371E-3	-74.856842E-6	30.766031E-3	68.355774E-6	31.008657E-3	65.128806E-6
336.66662E-6	31.169182E-3	-84.919346E-6	31.064203E-3	-42.509455E-6	30.688953E-3	23.033988E-6	31.146480E-3	409.11581E-9
337.49995E-6	31.207878E-3	29.395580E-6	31.112110E-3	26.012656E-6	30.864783E-3	-51.668048E-6	31.163611E-3	-34.076242E-6
338.33331E-6	31.039815E-3	67.208370E-6	31.027583E-3	72.809526E-6	30.858360E-3	-95.230083E-6	31.137759E-3	-81.603044E-6
339.16664E-6	31.072298E-3	29.224746E-6	30.934902E-3	30.576884E-6	30.885134E-3	4.6408386E-6	31.098282E-3	-24.742580E-6
339.99997E-6	31.101607E-3	-5.1088787E-6	30.872207E-3	-40.327148E-6	30.878674E-3	44.152614E-6	30.993301E-3	54.694847E-6
340.83330E-6	31.150863E-3	-72.547555E-6	30.753298E-3	-89.860441E-6	30.883331E-3	64.384622E-6	30.903624E-3	53.689746E-6
341.66663E-6	31.177897E-3	-30.515324E-6	30.697767E-3	-13.938788E-6	30.904040E-3	-4.4519797E-6	30.850897E-3	20.049703E-6
342.49996E-6	31.272519E-3	49.353584E-6	30.712336E-3	33.423541E-6	30.896181E-3	-78.923324E-6	30.836921E-3	-69.376401E-6
343.33329E-6	31.236166E-3	55.478722E-6	30.654315E-3	74.827709E-6	30.832136E-3	-56.554574E-6	30.810459E-3	-77.437428E-6
344.16662E-6	31.302944E-3	-23.745284E-6	30.634886E-3	40.503957E-6	30.829301E-3	46.840010E-6	30.813567E-3	7.6028032E-6
344.99995E-6	31.248398E-3	-67.753455E-6	30.608665E-3	-46.236728E-6	30.854378E-3	81.374877E-6	30.808439E-3	42.379375E-6
345.83331E-6	31.201024E-3	-66.195294E-6	30.615641E-3	-67.860266E-6	30.851867E-3	1.4979543E-6	30.793441E-3	77.033532E-6
346.66664E-6	31.231217E-3	36.763100E-6	30.627728E-3	-29.699548E-6	30.827044E-3	-69.310925E-6	30.794442E-3	5.9400090E-6
347.49997E-6	31.235924E-3	59.492930E-6	30.599127E-3	63.312444E-6	30.843208E-3	-56.068962E-6	30.788114E-3	-59.046099E-6
348.33330E-6	31.197017E-3	24.569141E-6	30.565396E-3	67.924702E-6	30.830311E-3	9.5636997E-6	30.781763E-3	-55.798169E-6
349.16663E-6	31.144341E-3	-48.776768E-6	30.465290E-3	19.579247E-6	30.772800E-3	73.464413E-6	30.730953E-3	-4.9848472E-6
349.99996E-6	31.159034E-3	-73.558906E-6	30.378243E-3	-44.764362E-6	30.701127E-3	49.438142E-6	30.629935E-3	46.512800E-6
350.83329E-6	31.156752E-3	-4.8848615E-6	30.289525E-3	-97.043143E-6	30.714735E-3	-26.360125E-6	30.525191E-3	66.760294E-6
351.66662E-6	31.088693E-3	71.364018E-6	30.244807E-3	-21.800801E-6	30.662950E-3	-84.891508E-6	30.444406E-3	-10.054488E-6
352.49998E-6	31.029169E-3	46.801259E-6	30.286752E-3	40.007435E-6	30.673398E-3	-39.822949E-6	30.429628E-3	-60.557020E-6
353.33331E-6	30.996339E-3	-40.331328E-6	30.335695E-3	62.595107E-6	30.600611E-3	62.839455E-6	30.426087E-3	-69.207308E-6
354.16664E-6	31.016579E-3	-73.385811E-6	30.450994E-3	24.731755E-6	30.579239E-3	69.783819E-6	30.447375E-3	15.086060E-6
354.99997E-6	30.996887E-3	-20.619096E-6	30.584231E-3	-82.245140E-6	30.625166E-3	-7.0654914E-6	30.539336E-3	55.556327E-6
355.83330E-6	30.957641E-3	49.875947E-6	30.616300E-3	-50.149767E-6	30.605478E-3	-74.981923E-6	30.620884E-3	36.709051E-6
356.66663E-6	30.902423E-3	59.185921E-6	30.660598E-3	-28.703209E-6	30.603560E-3	-56.050874E-6	30.677687E-3	-22.145890E-6
357.49996E-6	30.859532E-3	24.363231E-6	30.650789E-3	75.965298E-6	30.594820E-3	7.8778276E-6	30.695643E-3	-93.441078E-6
358.33329E-6	30.904680E-3	-75.117867E-6	30.649001E-3	76.816912E-6	30.583605E-3	65.037755E-6	30.729987E-3	-53.798849E-6
359.16662E-6	31.049324E-3	-46.960748E-6	30.658232E-3	13.869497E-6	30.494962E-3	43.157605E-6	30.726021E-3	22.324592E-6
359.99998E-6	30.989496E-3	7.0777037E-6	30.648336E-3	-55.412405E-6	30.512407E-3	-48.219459E-6	30.764166E-3	65.895052E-6
360.83331E-6	30.889940E-3	74.975127E-6	30.666701E-3	-64.223808E-6	30.522577E-3	-82.200211E-6	30.764237E-3	48.063452E-6
361.66664E-6	30.846601E-3	33.686400E-6	30.715909E-3	-23.084649E-6	30.551270E-3	-7.3124693E-6	30.781483E-3	-12.441746E-6
362.49997E-6	30.824566E-3	-74.215306E-6	30.723155E-3	53.906911E-6	30.611409E-3	65.032131E-6	30.740960E-3	-47.121994E-6
363.33330E-6	30.793089E-3	-70.768649E-6	30.775160E-3	71.165159E-6	30.761121E-3	54.846299E-6	30.777732E-3	-70.029644E-6
364.16663E-6	30.858360E-3	-35.812278E-6	30.861933E-3	18.016410E-6	30.785283E-3	-35.663175E-6	30.832915E-3	26.989643E-6
364.99996E-6	30.849563E-3	65.043001E-6	30.971060E-3	-84.806583E-6	30.861512E-3	-68.717680E-6	30.917171E-3	58.534257E-6
365.83329E-6	30.864283E-3	58.379737E-6	30.954719E-3	-59.630140E-6	30.921740E-3	-30.949450E-6	30.989114E-3	55.817163E-6
366.66662E-6	30.857924E-3	-12.867745E-6	31.022547E-3	-3.5258572E-6	30.915948E-3	29.680408E-6	31.083114E-3	-28.003122E-6
367.49998E-6	30.793162E-3	-107.40001E-6	30.977808E-3	64.896019E-6	30.975586E-3	69.407477E-6	31.209761E-3	-77.926619E-6
368.33331E-6	30.801618E-3	-65.100212E-6	30.861944E-3	51.195871E-6	30.971549E-3	-15.889673E-6	31.222776E-3	-46.048350E-6
369.16664E-6	30.805433E-3	16.796566E-6	30.760318E-3	-12.646706E-6	31.010317E-3	-78.442667E-6	31.175131E-3	17.660841E-6
369.99997E-6	30.786552E-3	60.220282E-6	30.680707E-3	-56.158009E-6	31.003529E-3	-52.789175E-6	31.219700E-3	78.077515E-6
370.83330E-6	30.786535E-3	23.101162E-6	30.583587E-3	-78.552272E-6	31.031564E-3	30.062447E-6	31.193055E-3	42.408155E-6
371.66663E-6	30.756339E-3	-38.210885E-6	30.593742E-3	-12.107577E-6	31.036656E-3	86.967470E-6	31.087799E-3	-55.760516E-6
372.49996E-6	30.688480E-3	-63.495747E-6	30.534403E-3	71.487491E-6	31.039475E-3	47.882462E-6	31.011622E-3	-54.426051E-6
373.33329E-6	30.668056E-3	-14.751717E-6	30.546961E-3	65.467313E-6	31.032478E-3	-54.085645E-6	30.984262E-3	-21.392072E-6
374.16662E-6	30.626478E-3	39.994808E-6	30.563824E-3	-7.4062486E-6	31.059196E-3	-70.159491E-6	30.994827E-3	43.441880E-6
374.99997E-6	30.536857E-3	53.444692E-6	30.540831E-3	-90.071248E-6	31.051930E-3	-33.782231E-6	30.997453E-3	63.001244E-6
375.83330E-6	30.525012E-3	-2.9971864E-6	30.535620E-3	-74.549091E-6	31.023640E-3	83.597370E-6	30.972326E-3	-1.6634029E-6
376.66663E-6	30.511485E-3	-60.667749E-6	30.489553E-3	-4.8696679E-6	31.059170E-3	51.203944E-6	30.939074E-3	-47.772410E-6
377.49996E-6	30.482268E-3	-73.776217E-6	30.473553E-3	74.108502E-6	31.023659E-3	-7.5417411E-6	30.974925E-3	-94.331903E-6
378.33329E-6	30.541506E-3	49.255719E-6	30.425468E-3	26.850112E-6	31.016300E-3	-84.157778E-6	30.925812E-3	-17.737373E-6
379.16662E-6	30.537605E-3	69.376190E-6	30.351333E-3	-12.786435E-6	30.979684E-3	-64.899403E-6	30.903986E-3	83.497915E-6
379.99995E-6	30.604472E-3	56.429915E-6	30.262623E-3	-54.110198E-6	31.026416E-3	30.747669E-6	30.873591E-3	45.840305E-6
380.83328E-6	30.632183E-3	-37.937014E-6	30.211488E-3	-56.955629E-6	31.011425E-3	50.382117E-6	30.840667E-3	1.5527203E-6
381.66661E-6	30.715253E-3	-55.321452E-6	30.224027E-3	1.9415545E-6	31.015623E-3	20.104226E-6	30.740455E-3	-87.708759E-6
382.49997E-6	30.777780E-3	-9.3783892E-6	30.317638E-3	86.390704E-6	31.047475E-3	-79.486694E-6	30.703939E-3	-65.978922E-6
383.33330E-6	30.833889E-3	45.554010E-6	30.419266E-3	51.299387E-6	31.029735E-3	-58.372971E-6	30.585075E-3	3.7143141E-6
384.16663E-6	30.887716E-3	51.290579E-6	30.553710E-3	-25.611876E-6	31.012425E-3	9.1923757E-6	30.501898E-3	65.853441E-6
384.99996E-6	30.949960E-3	-20.798094E-6	30.582691E-3	-71.470116E-6	31.077068E-3	73.032577E-6	30.466530E-3	60.417180E-6
385.83329E-6	30.957228E-3	-88.223802E-6	30.696308E-3	-35.528723E-6	31.093696E-3	17.736595E-6	30.440109E-3	-48.569833E-6
386.66662E-6	30.963261E-3	-78.190045E-6	30.789826E-3	21.572559E-6	31.096287E-3	-38.159764E-6	30.479854E-3	-78.598918E-6
387.49995E-6	30.986981E-3	39.656050E-6	30.774590E-3	62.983097E-6	31.135796E-3	-82.235587E-6	30.506562E-3	-27.376487E-6
388.33328E-6	30.981254E-3	76.726421E-6	30.725213E-3	44.086246E-6	31.182898E-3	-22.633150E-6	30.576408E-3	39.689607E-6
389.16664E-6	30.976748E-3	35.070847E-6	30.769881E-3	-14.539772E-6	31.182867E-3	45.398756E-6	30.658623E-3	85.747844E-6
389.99994E-6	30.975778E-3	-44.464425E-6	30.761026E-3	-85.559252E-6	31.310514E-3	47.122143E-6	30.733136E-3	18.702307E-6
390.83330E-6	31.032348E-3	-62.236242E-6	30.771574E-3	-35.141504E-6	31.202396E-3	-14.667619E-6	30.752907E-3	-46.425372E-6
391.66660E-6	31.024011E-3	-27.203674E-6	30.779246E-3	37.299564E-6	31.262003E-3	-64.590953E-6	30.642806E-3	-70.936927E-6
392.49996E-6	31.042695E-3	49.100618E-6	30.778641E-3	62.401996E-6	31.332109E-3	-52.182153E-6	30.667204E-3	-8.1102671E-6
393.33332E-6	31.035369E-3	56.103952E-6	30.784359E-3	19.941841E-6	31.384204E-3	28.230899E-6	30.608315E-3	62.436200E-6
394.16662E-6	31.067792E-3	-24.066905E-6	30.803259E-3	-32.021708E-6	31.391814E-3	78.069366E-6	30.721538E-3	69.462032E-6
394.99998E-6	31.057289E-3	-78.905607E-6	30.822301E-3	-64.821797E-6	31.427477E-3	12.950885E-6	30.704508E-3	-30.046565E-6
395.83328E-6	31.056525E-3	-63.264903E-6	30.916028E-3	-30.639741E-6	31.354092E-3	-65.264605E-6	30.709244E-3	-78.808589E-6
396.66664E-6	31.098243E-3	30.336194E-6	30.931724E-3	33.597204E-6	31.291559E-3	-78.429286E-6	30.688984E-3	-67.783752E-6
397.49994E-6	31.070923E-3	83.311803E-6	31.012002E-3	69.786423E-6	31.275000E-3	-5.7647935E-6	30.700326E-3	4.1618491E-6
398.33330E-6	31.029107E-3	22.263868E-6	31.057185E-3	3.6181914E-6	31.286340E-3	90.445981E-6	30.695694E-3	57.886758E-6
399.16660E-6	31.075494E-3	-39.949697E-6	31.007515E-3	-77.518212E-6	31.305432E-3	65.509077E-6	30.726157E-3	47.849193E-6
399.99996E-6	31.096794E-3	-78.465062E-6	30.960662E-3	-60.962346E-6	31.357776E-3	-18.701503E-6	30.780138E-3	-44.590644E-6
