Experiment	Sweeper	
Saved Date	01.07.2023 00:01:53	
User		
Date		
Start time	30.06.2023 23:49:48	
Sweep channel: Name	Output 2 (V)	
Sweep channel: Start (V)	-200E-6	
Sweep channel: Stop (V)	1E-3	
Sweep channel: Points	601	
Sweep channel: Max slew rate (V/s)	Inf	
Sweep channel: Initial settling time (s)	20E+3	
Sweep channel: End settling time (s)	2E+0	
Sweep channel: Backward sweep	TRUE	
Sweep channel: Number of sweeps	2	
Sweep channel: Reset	FALSE	
Step channel 1: Name	Output 3 (V)	
Step channel 1: Start (V)	50E-3	
Step channel 1: Stop (V)	50E-3	
Step channel 1: Points	2	
Step channel 1: Max slew rate (V/s)	10E+0	
Step channel 1:  Initial settling time (s)	2E+0	
Step channel 1: End settling time (s)	2E+0	
Step channel 1: Backward sweep	FALSE	
Step channel 1: Reset	FALSE	
Sweep Type	2D-Both RT	
Acquire channels	Input 1 (V);LI Demod 3 X (V)	
Filter type	None	
Order		
Cutoff frq		

[DATA]
Output 2 Setp. (V)	Input 1 [00001] (V)	LI Demod 3 X [00001] (V)	Input 1 [00002] (V)	LI Demod 3 X [00002] (V)	Input 1 [00001] [bwd] (V)	LI Demod 3 X [00001] [bwd] (V)	Input 1 [00002] [bwd] (V)	LI Demod 3 X [00002] [bwd] (V)
-199.99999E-6	40.842485E-3	788.49378E-6	41.004144E-3	828.65683E-6	40.715490E-3	852.52710E-6	41.571394E-3	829.36452E-6
-197.99999E-6	40.802892E-3	707.47099E-6	41.085340E-3	760.30230E-6	40.647250E-3	810.33527E-6	41.696161E-3	713.27086E-6
-195.99999E-6	40.702168E-3	747.23450E-6	41.019410E-3	719.43301E-6	40.553119E-3	736.09035E-6	41.741017E-3	726.40833E-6
-193.99999E-6	40.623795E-3	795.46770E-6	40.975403E-3	746.20789E-6	40.545553E-3	700.32733E-6	41.686520E-3	824.77555E-6
-191.99999E-6	40.634181E-3	844.87698E-6	40.934566E-3	828.31079E-6	40.533900E-3	768.95801E-6	41.510634E-3	822.57873E-6
-189.99999E-6	40.670052E-3	848.11181E-6	40.960550E-3	838.79643E-6	40.573604E-3	842.67044E-6	41.428782E-3	731.00731E-6
-187.99999E-6	40.607184E-3	763.92066E-6	40.994603E-3	777.58776E-6	40.684290E-3	853.98671E-6	41.379098E-3	723.49876E-6
-185.99999E-6	40.580168E-3	716.65179E-6	40.992826E-3	717.20919E-6	40.826123E-3	754.38333E-6	41.310217E-3	795.34895E-6
-183.99999E-6	40.596154E-3	743.96282E-6	41.006628E-3	715.02937E-6	40.786333E-3	721.03454E-6	41.245654E-3	855.18858E-6
-181.99999E-6	40.646035E-3	826.49168E-6	40.996905E-3	798.26644E-6	40.846527E-3	744.91848E-6	41.260269E-3	755.61757E-6
-180.00000E-6	40.706426E-3	863.98073E-6	41.022953E-3	851.36923E-6	40.805280E-3	795.91613E-6	41.276846E-3	719.35140E-6
-177.99999E-6	40.750079E-3	807.87536E-6	41.072987E-3	806.58734E-6	40.862039E-3	847.44068E-6	41.247804E-3	786.14010E-6
-176.00000E-6	40.771566E-3	718.64953E-6	41.076649E-3	734.50361E-6	40.836155E-3	817.60611E-6	41.189246E-3	837.90137E-6
-174.00000E-6	40.815275E-3	714.30544E-6	40.931027E-3	704.18813E-6	40.841114E-3	749.33411E-6	41.119635E-3	768.86464E-6
-172.00000E-6	40.931638E-3	786.36006E-6	40.915381E-3	759.78425E-6	40.851373E-3	714.51959E-6	41.033328E-3	687.59423E-6
-170.00000E-6	41.024413E-3	841.59907E-6	40.907707E-3	837.30288E-6	40.836688E-3	758.46026E-6	40.985171E-3	758.04588E-6
-168.00000E-6	41.029062E-3	845.10341E-6	40.893845E-3	838.65679E-6	40.893119E-3	832.57852E-6	41.026283E-3	825.61409E-6
-166.00000E-6	41.052289E-3	760.89171E-6	40.925991E-3	763.94185E-6	40.956505E-3	866.03325E-6	41.145217E-3	816.04475E-6
-164.00000E-6	41.086718E-3	718.31251E-6	40.964168E-3	704.87778E-6	40.902749E-3	780.77021E-6	41.272886E-3	726.25891E-6
-162.00000E-6	41.070275E-3	737.34607E-6	41.032318E-3	737.34758E-6	40.893506E-3	730.00614E-6	41.323937E-3	731.01727E-6
-160.00000E-6	40.854871E-3	819.94274E-6	41.066594E-3	817.27008E-6	40.864833E-3	745.00899E-6	41.410591E-3	837.13408E-6
-158.00000E-6	40.847197E-3	841.82923E-6	41.214764E-3	843.83099E-6	40.881991E-3	796.87103E-6	41.425873E-3	798.48082E-6
-155.99999E-6	40.810190E-3	814.68490E-6	41.182183E-3	795.17905E-6	40.853050E-3	860.45178E-6	41.424662E-3	745.58158E-6
-153.99999E-6	40.800788E-3	722.03879E-6	41.175634E-3	716.80418E-6	40.871929E-3	829.12995E-6	41.463565E-3	742.16869E-6
-151.99999E-6	40.818684E-3	705.93128E-6	41.145910E-3	728.26497E-6	40.858634E-3	758.44332E-6	41.400380E-3	821.47820E-6
-149.99999E-6	40.845752E-3	757.57084E-6	41.156411E-3	795.11147E-6	40.915228E-3	707.09677E-6	41.432738E-3	857.29355E-6
-147.99999E-6	40.833451E-3	815.63956E-6	41.142911E-3	833.69960E-6	40.983319E-3	737.06929E-6	41.567113E-3	742.98528E-6
-145.99999E-6	40.860545E-3	847.24615E-6	41.188460E-3	816.39219E-6	41.025434E-3	813.37080E-6	41.721508E-3	693.38147E-6
-143.99999E-6	41.067872E-3	787.58021E-6	41.195784E-3	736.45910E-6	41.069474E-3	843.53023E-6	41.739199E-3	795.54488E-6
-141.99999E-6	41.083194E-3	702.55896E-6	41.216273E-3	702.05494E-6	41.123256E-3	780.43767E-6	41.641660E-3	846.62938E-6
-139.99999E-6	41.152764E-3	713.95369E-6	41.187555E-3	767.71737E-6	41.180711E-3	708.66535E-6	41.533913E-3	775.96679E-6
-138.00000E-6	41.184206E-3	782.52814E-6	41.187961E-3	828.87820E-6	41.150287E-3	717.02903E-6	41.429896E-3	733.73021E-6
-135.99999E-6	41.178964E-3	856.46135E-6	41.176077E-3	835.43092E-6	41.205201E-3	789.78977E-6	41.380893E-3	776.02506E-6
-134.00000E-6	41.145552E-3	831.69586E-6	41.091118E-3	792.60924E-6	41.116383E-3	881.62534E-6	41.220937E-3	874.14432E-6
-131.99999E-6	41.005597E-3	776.81465E-6	41.016687E-3	713.73623E-6	41.228797E-3	826.76829E-6	41.244265E-3	816.17880E-6
-130.00000E-6	41.014440E-3	736.79542E-6	40.986136E-3	727.14663E-6	41.161362E-3	791.05480E-6	41.214295E-3	731.84684E-6
-127.99999E-6	40.934842E-3	775.20509E-6	40.910553E-3	840.35716E-6	41.209199E-3	711.22148E-6	41.184317E-3	772.91019E-6
-126.00000E-6	40.926214E-3	846.23328E-6	40.878385E-3	874.17505E-6	41.192759E-3	771.51711E-6	41.113239E-3	861.76302E-6
-124.00000E-6	40.785026E-3	867.32226E-6	40.850502E-3	818.42107E-6	41.151159E-3	862.16634E-6	41.079625E-3	854.49172E-6
-122.00000E-6	40.559016E-3	814.92175E-6	40.857770E-3	750.75694E-6	41.151043E-3	874.31492E-6	40.902451E-3	727.36666E-6
-120.00000E-6	40.496081E-3	733.14400E-6	40.831283E-3	738.60644E-6	41.055020E-3	789.40927E-6	40.794104E-3	739.47193E-6
-118.00000E-6	40.492136E-3	730.70166E-6	40.761385E-3	807.32384E-6	40.975880E-3	736.72325E-6	40.856056E-3	846.87717E-6
-116.00000E-6	40.421024E-3	808.18869E-6	40.758569E-3	888.97254E-6	40.919490E-3	749.32427E-6	40.950574E-3	864.61526E-6
-113.99999E-6	40.263049E-3	878.74156E-6	40.589046E-3	850.90811E-6	40.720645E-3	833.14878E-6	40.969916E-3	772.17305E-6
-111.99999E-6	40.231042E-3	860.58100E-6	40.582221E-3	789.06631E-6	40.719669E-3	877.33316E-6	41.131429E-3	756.96799E-6
-109.99999E-6	40.277448E-3	786.18235E-6	40.514220E-3	748.53288E-6	40.712912E-3	870.38829E-6	41.210867E-3	837.31575E-6
-107.99999E-6	40.273685E-3	739.82117E-6	40.515155E-3	766.15263E-6	40.698998E-3	763.35832E-6	41.224681E-3	878.02974E-6
-105.99999E-6	40.281959E-3	769.20720E-6	40.496454E-3	871.15186E-6	40.735453E-3	742.20443E-6	41.197103E-3	804.77999E-6
-103.99999E-6	40.252239E-3	854.59469E-6	40.456466E-3	885.85250E-6	40.679131E-3	779.92794E-6	41.207001E-3	733.91321E-6
-102.00000E-6	40.225890E-3	880.78069E-6	40.529843E-3	824.71553E-6	40.705331E-3	866.52051E-6	41.206188E-3	808.21721E-6
-99.999997E-6	40.208988E-3	833.61153E-6	40.522493E-3	764.99634E-6	40.724348E-3	891.94044E-6	41.166171E-3	881.93367E-6
-97.999997E-6	40.187698E-3	737.14904E-6	40.514383E-3	736.23186E-6	40.662836E-3	799.12908E-6	41.267745E-3	812.78151E-6
-95.999996E-6	40.202506E-3	724.42339E-6	40.606394E-3	801.05592E-6	40.677350E-3	758.22452E-6	41.426547E-3	741.56001E-6
-93.999995E-6	40.023830E-3	797.91440E-6	40.471673E-3	881.97197E-6	40.529724E-3	780.22672E-6	41.410729E-3	794.88166E-6
-91.999995E-6	40.071525E-3	873.58529E-6	40.478993E-3	894.56275E-6	40.496938E-3	838.95039E-6	41.320559E-3	886.34912E-6
-89.999994E-6	40.047161E-3	869.65511E-6	40.466353E-3	791.29275E-6	40.516641E-3	900.33055E-6	41.191045E-3	862.86914E-6
-87.999993E-6	40.019181E-3	799.48734E-6	40.393881E-3	750.29855E-6	40.502034E-3	863.69168E-6	41.046090E-3	751.51492E-6
-85.999993E-6	40.006775E-3	752.62709E-6	40.353987E-3	782.72272E-6	40.539525E-3	794.99697E-6	40.919080E-3	788.88523E-6
-83.999992E-6	39.924692E-3	757.60495E-6	40.317953E-3	852.17797E-6	40.487774E-3	755.46768E-6	40.868320E-3	881.62656E-6
-81.999999E-6	39.862730E-3	845.37151E-6	40.242791E-3	918.64757E-6	40.463015E-3	808.80086E-6	40.852934E-3	873.02411E-6
-79.999998E-6	39.799888E-3	901.73725E-6	40.247511E-3	866.91498E-6	40.397093E-3	890.00090E-6	40.885467E-3	767.02569E-6
-77.999997E-6	39.719883E-3	877.15033E-6	40.159386E-3	785.15883E-6	40.324252E-3	907.11348E-6	40.827814E-3	764.92544E-6
-75.999997E-6	39.588343E-3	799.68869E-6	39.986491E-3	756.45815E-6	40.076531E-3	859.30282E-6	40.710993E-3	906.35451E-6
-73.999996E-6	39.613575E-3	769.83083E-6	40.047504E-3	834.79797E-6	40.012911E-3	781.30380E-6	40.599048E-3	923.45284E-6
-71.999995E-6	39.688833E-3	818.60460E-6	40.022004E-3	917.09854E-6	39.976731E-3	797.72732E-6	40.482059E-3	813.80946E-6
-69.999995E-6	39.760016E-3	905.14973E-6	40.057257E-3	907.90674E-6	39.967500E-3	841.73022E-6	40.455304E-3	777.44556E-6
-67.999994E-6	39.873466E-3	920.69438E-6	40.115252E-3	850.58092E-6	39.949805E-3	915.86937E-6	40.530104E-3	861.23700E-6
-65.999993E-6	39.934803E-3	861.85400E-6	40.107548E-3	797.39949E-6	39.984588E-3	899.92589E-6	40.725399E-3	910.33138E-6
-63.999993E-6	39.986499E-3	790.61935E-6	40.160559E-3	794.17665E-6	40.019825E-3	824.94586E-6	40.777583E-3	828.17045E-6
-61.999992E-6	40.007416E-3	786.72677E-6	40.276393E-3	875.66150E-6	40.036585E-3	767.09082E-6	40.868036E-3	767.36766E-6
-59.999991E-6	39.914366E-3	848.91525E-6	40.362816E-3	926.79233E-6	40.134352E-3	824.26379E-6	40.889144E-3	837.15073E-6
-57.999991E-6	40.052190E-3	921.56650E-6	40.376276E-3	883.43245E-6	40.125500E-3	897.54374E-6	40.872458E-3	918.30333E-6
-55.999990E-6	39.922375E-3	901.59464E-6	40.303268E-3	840.39837E-6	39.989412E-3	944.43705E-6	40.756192E-3	868.66139E-6
-53.999989E-6	39.905969E-3	850.81445E-6	40.302739E-3	796.56171E-6	40.035523E-3	881.59530E-6	40.768385E-3	770.57217E-6
-51.999989E-6	39.919067E-3	792.49399E-6	40.279485E-3	836.36789E-6	40.073689E-3	807.24142E-6	40.809624E-3	857.37009E-6
-50.000002E-6	39.970458E-3	816.38491E-6	40.274914E-3	917.14162E-6	40.131617E-3	786.62689E-6	40.920995E-3	942.61649E-6
-48.000002E-6	39.950117E-3	905.61068E-6	40.234663E-3	947.19045E-6	40.107585E-3	877.30604E-6	41.048236E-3	865.07876E-6
-46.000001E-6	39.992664E-3	930.61192E-6	40.247671E-3	894.12316E-6	40.153712E-3	931.26833E-6	41.050203E-3	799.68607E-6
-44.000000E-6	40.174380E-3	896.10706E-6	40.235676E-3	809.99930E-6	40.209919E-3	947.28783E-6	40.929433E-3	841.74162E-6
-42.000000E-6	40.202200E-3	810.30821E-6	40.320829E-3	789.94752E-6	40.188875E-3	843.01230E-6	40.737964E-3	908.31576E-6
-39.999999E-6	40.129352E-3	766.08296E-6	40.367533E-3	872.55804E-6	40.157605E-3	789.32312E-6	40.476132E-3	887.61351E-6
-37.999998E-6	39.984997E-3	850.22714E-6	40.252574E-3	925.78545E-6	40.003318E-3	854.94778E-6	40.264912E-3	827.05810E-6
-35.999998E-6	40.023658E-3	936.30835E-6	40.246628E-3	953.36157E-6	39.971910E-3	920.81021E-6	40.299825E-3	828.13966E-6
-33.999997E-6	40.099129E-3	940.11711E-6	40.312033E-3	869.69050E-6	39.961956E-3	968.61075E-6	40.276539E-3	911.61689E-6
-31.999996E-6	40.183064E-3	867.09077E-6	40.306389E-3	806.00724E-6	39.984722E-3	893.72171E-6	40.284593E-3	917.39680E-6
-29.999996E-6	40.215746E-3	818.36834E-6	40.380482E-3	813.36754E-6	40.031757E-3	808.37432E-6	40.313061E-3	830.47897E-6
-27.999995E-6	40.260721E-3	824.52578E-6	40.380511E-3	897.78128E-6	40.002193E-3	807.64614E-6	40.233042E-3	818.65001E-6
-25.999994E-6	40.311683E-3	879.28795E-6	40.413320E-3	940.73173E-6	40.110182E-3	854.58055E-6	40.150423E-3	915.72932E-6
-23.999994E-6	40.379383E-3	920.41359E-6	40.446527E-3	909.05704E-6	40.143348E-3	949.31514E-6	40.000644E-3	928.78944E-6
-21.999993E-6	40.316105E-3	948.10460E-6	40.458433E-3	836.57779E-6	40.218342E-3	944.08920E-6	39.883345E-3	853.07425E-6
-19.999992E-6	40.251508E-3	861.12163E-6	40.465824E-3	808.65569E-6	40.262178E-3	879.15530E-6	39.910201E-3	806.32529E-6
-17.999992E-6	40.065993E-3	809.74278E-6	40.465675E-3	882.58798E-6	40.286291E-3	807.01459E-6	39.994486E-3	912.15665E-6
-15.999991E-6	39.915655E-3	846.09812E-6	40.400174E-3	950.23250E-6	40.305391E-3	818.10419E-6	40.126838E-3	980.40805E-6
-13.999990E-6	39.880581E-3	933.47055E-6	40.330764E-3	953.57036E-6	40.332362E-3	904.25054E-6	40.275853E-3	879.36845E-6
-11.999990E-6	39.841954E-3	951.75242E-6	40.209111E-3	875.70655E-6	40.380597E-3	965.13878E-6	40.308964E-3	804.73884E-6
-9.9999888E-6	39.808732E-3	912.79898E-6	39.972927E-3	826.64029E-6	40.375311E-3	908.28352E-6	40.338341E-3	878.98452E-6
-7.9999882E-6	39.839320E-3	844.33041E-6	39.875202E-3	827.85048E-6	40.412769E-3	842.90106E-6	40.330417E-3	959.76086E-6
-6.0000020E-6	39.693952E-3	827.44309E-6	39.863944E-3	925.03976E-6	40.407762E-3	807.05842E-6	40.396575E-3	922.09602E-6
-4.0000014E-6	39.699417E-3	860.37553E-6	39.833911E-3	959.85894E-6	40.355671E-3	876.82420E-6	40.348765E-3	822.70219E-6
-2.0000007E-6	39.698668E-3	928.97884E-6	39.816432E-3	935.38978E-6	40.297363E-3	957.87540E-6	40.376615E-3	862.78294E-6
0.0000000E+0	39.673302E-3	967.17174E-6	39.819665E-3	880.21811E-6	40.197812E-3	959.10637E-6	40.447503E-3	967.73257E-6
2.0000007E-6	39.638981E-3	879.46514E-6	39.816543E-3	820.47825E-6	40.122718E-3	906.42803E-6	40.571168E-3	943.54578E-6
4.0000014E-6	39.639343E-3	826.28039E-6	39.861802E-3	880.88628E-6	40.104337E-3	834.25693E-6	40.712599E-3	860.40923E-6
6.0000020E-6	39.601535E-3	815.10196E-6	39.858639E-3	958.46789E-6	40.027969E-3	855.64959E-6	40.689144E-3	829.43315E-6
8.0000027E-6	39.548725E-3	868.80208E-6	39.852358E-3	956.97149E-6	40.015981E-3	908.80680E-6	40.606111E-3	924.64418E-6
10.000003E-6	39.530043E-3	937.97862E-6	39.779261E-3	882.50730E-6	40.047497E-3	958.59723E-6	40.416539E-3	948.26164E-6
12.000004E-6	39.420962E-3	937.94265E-6	39.747674E-3	817.52689E-6	40.097766E-3	922.19352E-6	40.301498E-3	899.80470E-6
14.000005E-6	39.405543E-3	893.94167E-6	39.706957E-3	849.96590E-6	40.073305E-3	869.36500E-6	40.230416E-3	801.63562E-6
16.000005E-6	39.381806E-3	816.99097E-6	39.736807E-3	893.52904E-6	40.093940E-3	826.73988E-6	40.156201E-3	877.72700E-6
18.000006E-6	39.506510E-3	835.15362E-6	39.777618E-3	964.97359E-6	40.070310E-3	865.87714E-6	40.174622E-3	953.56005E-6
20.000007E-6	39.610960E-3	898.84526E-6	39.824329E-3	898.23821E-6	40.135879E-3	930.34346E-6	40.391590E-3	894.74226E-6
22.000007E-6	39.714642E-3	964.14256E-6	39.826404E-3	841.51456E-6	40.074080E-3	977.73131E-6	40.381953E-3	811.37003E-6
24.000008E-6	39.752387E-3	927.62237E-6	39.860699E-3	825.53009E-6	40.073000E-3	896.96981E-6	40.342472E-3	861.04317E-6
26.000009E-6	39.860286E-3	858.85415E-6	39.794859E-3	854.47141E-6	40.058471E-3	840.72794E-6	40.310495E-3	974.64793E-6
28.000009E-6	39.895251E-3	826.69087E-6	39.784923E-3	956.68220E-6	40.006928E-3	827.46393E-6	40.200889E-3	913.85079E-6
30.000010E-6	39.941337E-3	839.97991E-6	39.719738E-3	947.76211E-6	40.041890E-3	911.86835E-6	40.086407E-3	809.27968E-6
32.000011E-6	39.933380E-3	910.59046E-6	39.692327E-3	879.33836E-6	39.993934E-3	969.36146E-6	40.080365E-3	855.66222E-6
34.000012E-6	39.996281E-3	947.77270E-6	39.601255E-3	839.14649E-6	39.999288E-3	949.25327E-6	40.193267E-3	935.12092E-6
35.999998E-6	40.010244E-3	951.61109E-6	39.565980E-3	846.83485E-6	39.968871E-3	839.54027E-6	40.312003E-3	929.64154E-6
37.999998E-6	40.047511E-3	847.90349E-6	39.625436E-3	891.67792E-6	40.047001E-3	810.34150E-6	40.540937E-3	844.45777E-6
39.999999E-6	39.998863E-3	811.36182E-6	39.610095E-3	953.51908E-6	39.951392E-3	854.81710E-6	40.576227E-3	814.05352E-6
42.000000E-6	40.015206E-3	852.56866E-6	39.627749E-3	902.01950E-6	39.884958E-3	917.59011E-6	40.804636E-3	908.74010E-6
44.000000E-6	40.038411E-3	913.26394E-6	39.646801E-3	834.50443E-6	39.800622E-3	942.60916E-6	40.757932E-3	942.25386E-6
46.000016E-6	40.036120E-3	956.57620E-6	39.636884E-3	803.74314E-6	39.809711E-3	890.40934E-6	40.751252E-3	880.98383E-6
48.000002E-6	40.100027E-3	897.46958E-6	39.673544E-3	874.23809E-6	39.750587E-3	810.90449E-6	40.799007E-3	810.21746E-6
50.000017E-6	40.125772E-3	851.86574E-6	39.698377E-3	944.91831E-6	39.738875E-3	814.10381E-6	40.816844E-3	860.53862E-6
52.000003E-6	40.261127E-3	800.82117E-6	39.719809E-3	939.26082E-6	39.679520E-3	890.76901E-6	40.871102E-3	945.79981E-6
54.000018E-6	40.328413E-3	853.30947E-6	39.773609E-3	865.07952E-6	39.659157E-3	926.57626E-6	40.972631E-3	897.11155E-6
56.000004E-6	40.415403E-3	912.37942E-6	39.852642E-3	833.51583E-6	39.663047E-3	916.37793E-6	41.098706E-3	821.42302E-6
57.999991E-6	40.615998E-3	933.30367E-6	40.023416E-3	816.77624E-6	39.777622E-3	837.55609E-6	41.223112E-3	846.69131E-6
60.000006E-6	40.588815E-3	857.56183E-6	40.078931E-3	870.86088E-6	39.851483E-3	791.37541E-6	41.168727E-3	907.37984E-6
61.999992E-6	40.397450E-3	788.98470E-6	40.142126E-3	931.27525E-6	39.890215E-3	844.36644E-6	41.055247E-3	904.70118E-6
64.000007E-6	40.338546E-3	792.94719E-6	40.191814E-3	887.21642E-6	39.912134E-3	908.21699E-6	40.942919E-3	808.61803E-6
65.999993E-6	40.219616E-3	855.39179E-6	40.237479E-3	805.28931E-6	39.936069E-3	931.05366E-6	40.805627E-3	802.90390E-6
68.000008E-6	40.152431E-3	943.66021E-6	40.192168E-3	778.24760E-6	39.964616E-3	872.99448E-6	40.780507E-3	908.77170E-6
69.999995E-6	40.131722E-3	888.69943E-6	40.128659E-3	838.04224E-6	39.993212E-3	791.84072E-6	40.746465E-3	917.51450E-6
72.000010E-6	40.051393E-3	850.95834E-6	40.243182E-3	928.86051E-6	40.022559E-3	811.54855E-6	40.766913E-3	820.47266E-6
73.999996E-6	40.063802E-3	801.53003E-6	40.250674E-3	916.40814E-6	40.001102E-3	881.68186E-6	40.734265E-3	810.04022E-6
76.000011E-6	40.211901E-3	810.40832E-6	40.419914E-3	825.38789E-6	40.192407E-3	915.19003E-6	40.867783E-3	840.35849E-6
77.999997E-6	40.211368E-3	864.26019E-6	40.387262E-3	767.23291E-6	40.218864E-3	885.40447E-6	40.865414E-3	904.94909E-6
80.000013E-6	40.188406E-3	920.14618E-6	40.379856E-3	771.17240E-6	40.230107E-3	810.42072E-6	40.771868E-3	860.47559E-6
81.999999E-6	40.194653E-3	873.08319E-6	40.408462E-3	862.99289E-6	40.206097E-3	782.13343E-6	40.544208E-3	766.05409E-6
84.000014E-6	40.113047E-3	817.39365E-6	40.428557E-3	916.23969E-6	40.193245E-3	829.79817E-6	40.344987E-3	828.26504E-6
86.000000E-6	40.116616E-3	787.16956E-6	40.461022E-3	889.79345E-6	40.172774E-3	879.92451E-6	40.272739E-3	907.48502E-6
88.000015E-6	40.074512E-3	818.32777E-6	40.475309E-3	817.40692E-6	40.175363E-3	920.89275E-6	40.336885E-3	885.67735E-6
90.000001E-6	40.078111E-3	901.52689E-6	40.515870E-3	787.02671E-6	40.217124E-3	846.42932E-6	40.449068E-3	799.27064E-6
92.000017E-6	40.044241E-3	930.94853E-6	40.514946E-3	805.00054E-6	40.219866E-3	800.39725E-6	40.598925E-3	801.66175E-6
94.000003E-6	40.068325E-3	868.18531E-6	40.552054E-3	893.52904E-6	40.234316E-3	769.77356E-6	40.644087E-3	919.72493E-6
96.000018E-6	40.178608E-3	788.10932E-6	40.777903E-3	880.42323E-6	40.501960E-3	822.27722E-6	40.880766E-3	885.03555E-6
98.000004E-6	39.958227E-3	753.95720E-6	40.846616E-3	840.56018E-6	40.643882E-3	894.54983E-6	40.876705E-3	801.42234E-6
99.999990E-6	39.896600E-3	824.66449E-6	40.905461E-3	776.39677E-6	40.686086E-3	874.59234E-6	40.884051E-3	794.07566E-6
102.00001E-6	39.866146E-3	883.41447E-6	40.915683E-3	757.98528E-6	40.751230E-3	802.75506E-6	40.878218E-3	857.50257E-6
103.99999E-6	39.934997E-3	889.68111E-6	40.896747E-3	837.85359E-6	40.796082E-3	750.66159E-6	40.884368E-3	890.26970E-6
106.00001E-6	39.946638E-3	826.16665E-6	40.866226E-3	891.20271E-6	40.853761E-3	808.79667E-6	40.908597E-3	830.77245E-6
107.99999E-6	40.062696E-3	777.48805E-6	40.795121E-3	874.74484E-6	40.887006E-3	858.71585E-6	40.932693E-3	740.16402E-6
110.00001E-6	40.246893E-3	769.98991E-6	40.675689E-3	797.16375E-6	40.871862E-3	894.11414E-6	41.025832E-3	805.59403E-6
111.99999E-6	40.342499E-3	851.17540E-6	40.594779E-3	749.55047E-6	40.895555E-3	821.63891E-6	41.167673E-3	905.01603E-6
114.00001E-6	40.536679E-3	876.59416E-6	40.666491E-3	768.97396E-6	41.042399E-3	759.59344E-6	41.394752E-3	827.83622E-6
116.00000E-6	40.596947E-3	853.59573E-6	40.622234E-3	847.60046E-6	41.023538E-3	735.20833E-6	41.422304E-3	743.39542E-6
118.00001E-6	40.662631E-3	802.98580E-6	40.626138E-3	858.42476E-6	40.975343E-3	806.66126E-6	41.291147E-3	771.74831E-6
120.00000E-6	40.653642E-3	743.19914E-6	40.593542E-3	813.32307E-6	40.989306E-3	861.59550E-6	41.151233E-3	855.11699E-6
122.00001E-6	40.628240E-3	760.75608E-6	40.555891E-3	777.63229E-6	40.865496E-3	853.64142E-6	41.070331E-3	833.60303E-6
124.00000E-6	40.596269E-3	826.69646E-6	40.583882E-3	739.88386E-6	40.805552E-3	780.18254E-6	40.965978E-3	792.17216E-6
126.00001E-6	40.610529E-3	888.82237E-6	40.648494E-3	821.39322E-6	40.769354E-3	746.31599E-6	40.967498E-3	737.44601E-6
128.00000E-6	40.620930E-3	853.36721E-6	40.649742E-3	864.80600E-6	40.738478E-3	776.91826E-6	40.994823E-3	834.76113E-6
130.00001E-6	40.683787E-3	764.26781E-6	40.607743E-3	854.06797E-6	40.713809E-3	855.23981E-6	40.995937E-3	877.28183E-6
132.00000E-6	40.685140E-3	744.47651E-6	40.599085E-3	778.13963E-6	40.675733E-3	883.99317E-6	40.958654E-3	790.84822E-6
134.00002E-6	40.809870E-3	753.38641E-6	40.649462E-3	712.81381E-6	40.789817E-3	802.97329E-6	41.057702E-3	722.11574E-6
136.00000E-6	40.903542E-3	837.23472E-6	40.624287E-3	772.42806E-6	40.859930E-3	715.89538E-6	40.983152E-3	785.10342E-6
138.00002E-6	40.944338E-3	879.75548E-6	40.608760E-3	830.30091E-6	40.837314E-3	754.76919E-6	40.952630E-3	838.54713E-6
140.00000E-6	41.044183E-3	823.13258E-6	40.653430E-3	841.79483E-6	40.818762E-3	799.37809E-6	40.802531E-3	805.48326E-6
141.99999E-6	41.056644E-3	756.59121E-6	40.642805E-3	790.53838E-6	40.930372E-3	849.31543E-6	40.676162E-3	722.82524E-6
144.00001E-6	41.055974E-3	718.46700E-6	40.616896E-3	708.69323E-6	40.913276E-3	832.36693E-6	40.689304E-3	769.39090E-6
145.99999E-6	41.060731E-3	772.79686E-6	40.623214E-3	758.44320E-6	40.822905E-3	746.28548E-6	40.793546E-3	875.20719E-6
148.00001E-6	41.026168E-3	863.89633E-6	40.586218E-3	814.61866E-6	40.767048E-3	720.55031E-6	40.954731E-3	832.28154E-6
149.99999E-6	40.904466E-3	839.14562E-6	40.614810E-3	864.38056E-6	40.801831E-3	779.31571E-6	41.101433E-3	741.52905E-6
152.00001E-6	40.774141E-3	797.95771E-6	40.632024E-3	816.26233E-6	40.874835E-3	835.90974E-6	41.262977E-3	738.79655E-6
153.99999E-6	40.712576E-3	732.65471E-6	40.584676E-3	743.70933E-6	40.902775E-3	846.67274E-6	41.300125E-3	818.34581E-6
156.00001E-6	40.665951E-3	740.38992E-6	40.617567E-3	711.42556E-6	40.939216E-3	753.87134E-6	41.282654E-3	842.45059E-6
158.00000E-6	40.597331E-3	800.20132E-6	40.542249E-3	767.74944E-6	40.967599E-3	712.70985E-6	41.255247E-3	779.00552E-6
160.00001E-6	40.591367E-3	860.81016E-6	40.557340E-3	845.78805E-6	40.889729E-3	760.70486E-6	41.293513E-3	711.26939E-6
162.00000E-6	40.540576E-3	846.84970E-6	40.562008E-3	837.41249E-6	40.893722E-3	819.44908E-6	41.294254E-3	816.95197E-6
164.00001E-6	40.538061E-3	746.66669E-6	40.538605E-3	781.09640E-6	40.830512E-3	833.17643E-6	41.353863E-3	853.20201E-6
166.00000E-6	40.538263E-3	717.39772E-6	40.554546E-3	704.30408E-6	40.826570E-3	787.68132E-6	41.412763E-3	761.82251E-6
168.00001E-6	40.525172E-3	756.69610E-6	40.642388E-3	734.97399E-6	40.779743E-3	735.44629E-6	41.583613E-3	706.93856E-6
170.00000E-6	40.557630E-3	824.62409E-6	40.634863E-3	806.82017E-6	40.779538E-3	710.54132E-6	41.705091E-3	779.93720E-6
172.00001E-6	40.561784E-3	855.03608E-6	40.620241E-3	870.41984E-6	40.800594E-3	798.19415E-6	41.691672E-3	852.66831E-6
174.00000E-6	40.594064E-3	804.57528E-6	40.478442E-3	837.82175E-6	40.798880E-3	854.69871E-6	41.606959E-3	786.95029E-6
176.00002E-6	40.577121E-3	722.02663E-6	40.464919E-3	727.42772E-6	40.750232E-3	813.62965E-6	41.447043E-3	715.36866E-6
178.00000E-6	40.567148E-3	726.07014E-6	40.485825E-3	733.35500E-6	40.750485E-3	732.37164E-6	41.309718E-3	752.39927E-6
180.00002E-6	40.659707E-3	753.34893E-6	40.568009E-3	785.60703E-6	40.720746E-3	695.33731E-6	41.205183E-3	824.96071E-6
182.00000E-6	40.603556E-3	826.08126E-6	40.664595E-3	853.89946E-6	40.665802E-3	747.79743E-6	41.181359E-3	818.92440E-6
184.00002E-6	40.510423E-3	854.71960E-6	40.697187E-3	825.15640E-6	40.584039E-3	819.53226E-6	41.172642E-3	747.79330E-6
186.00000E-6	40.487044E-3	803.95135E-6	40.732495E-3	775.05060E-6	40.494982E-3	848.43783E-6	41.182783E-3	730.32128E-6
187.99999E-6	40.438637E-3	706.22336E-6	40.804110E-3	712.70345E-6	40.420149E-3	772.92701E-6	41.194767E-3	833.40309E-6
190.00001E-6	40.392764E-3	723.61255E-6	40.832452E-3	744.09088E-6	40.368568E-3	722.36813E-6	41.200567E-3	844.83338E-6
191.99999E-6	40.442292E-3	774.81050E-6	40.866412E-3	849.64180E-6	40.325746E-3	738.29171E-6	41.132893E-3	758.58983E-6
194.00001E-6	40.512387E-3	852.46953E-6	40.859189E-3	851.15660E-6	40.306363E-3	829.85213E-6	41.070048E-3	714.80148E-6
195.99999E-6	40.783241E-3	814.48059E-6	40.853098E-3	810.82521E-6	40.356707E-3	850.83814E-6	40.951591E-3	780.81561E-6
198.00001E-6	40.926114E-3	753.01121E-6	40.838894E-3	733.21187E-6	40.364664E-3	815.16599E-6	40.859941E-3	854.51553E-6
199.99999E-6	41.013844E-3	704.76235E-6	40.635977E-3	703.78161E-6	40.398877E-3	738.71721E-6	40.811840E-3	815.93089E-6
202.00001E-6	41.093823E-3	721.50677E-6	40.673569E-3	795.58516E-6	40.493760E-3	705.42691E-6	40.853955E-3	700.60085E-6
204.00000E-6	41.096687E-3	816.17711E-6	40.674657E-3	846.71722E-6	40.456299E-3	752.85783E-6	40.989082E-3	750.05338E-6
206.00001E-6	41.116539E-3	858.54135E-6	40.718596E-3	848.45070E-6	40.540535E-3	838.48252E-6	41.133910E-3	854.59894E-6
208.00000E-6	41.147873E-3	806.09240E-6	40.729616E-3	756.04604E-6	40.555708E-3	855.94942E-6	41.230038E-3	845.01610E-6
210.00001E-6	41.091181E-3	738.55522E-6	40.599614E-3	716.86954E-6	40.533323E-3	799.40120E-6	41.242398E-3	733.80250E-6
212.00000E-6	41.139863E-3	722.18868E-6	40.600773E-3	747.31914E-6	40.516268E-3	738.62280E-6	41.277912E-3	713.31509E-6
214.00001E-6	41.100986E-3	813.22266E-6	40.562823E-3	815.62507E-6	40.563017E-3	738.67035E-6	41.299906E-3	847.92805E-6
216.00000E-6	41.096967E-3	859.18256E-6	40.580228E-3	840.90355E-6	40.625237E-3	816.49527E-6	41.252024E-3	865.21648E-6
218.00002E-6	40.880572E-3	875.27616E-6	40.583838E-3	809.67235E-6	40.624790E-3	846.53753E-6	41.236822E-3	758.44949E-6
220.00000E-6	40.856894E-3	794.86857E-6	40.607095E-3	731.52466E-6	40.646411E-3	818.01147E-6	41.277066E-3	745.03041E-6
222.00002E-6	40.807433E-3	744.23035E-6	40.634945E-3	738.40172E-6	40.644955E-3	756.41630E-6	41.299917E-3	774.05118E-6
224.00000E-6	40.833838E-3	725.40483E-6	40.669020E-3	822.07477E-6	40.614679E-3	734.55513E-6	41.440088E-3	864.43569E-6
226.00002E-6	40.831313E-3	818.75658E-6	40.733229E-3	848.72177E-6	40.497165E-3	780.50490E-6	41.553870E-3	766.50386E-6
228.00000E-6	40.838212E-3	848.98155E-6	40.740252E-3	835.29612E-6	40.619019E-3	847.23742E-6	41.643497E-3	692.44101E-6
229.99999E-6	40.735371E-3	824.58329E-6	40.672634E-3	744.44129E-6	40.508863E-3	858.82179E-6	41.478116E-3	802.57043E-6
232.00001E-6	40.741783E-3	768.38239E-6	40.639874E-3	723.35440E-6	40.531702E-3	766.40095E-6	41.376859E-3	874.23302E-6
233.99999E-6	40.802564E-3	725.90151E-6	40.646743E-3	810.03289E-6	40.494323E-3	734.71380E-6	41.261923E-3	823.19637E-6
236.00001E-6	40.853225E-3	787.85443E-6	40.661622E-3	861.95231E-6	40.522985E-3	756.59173E-6	41.162807E-3	734.15105E-6
237.99999E-6	40.928915E-3	857.89786E-6	40.667858E-3	859.11388E-6	40.552612E-3	813.38163E-6	41.047942E-3	753.18519E-6
240.00001E-6	40.963061E-3	865.17824E-6	40.749982E-3	809.46228E-6	40.606093E-3	879.10995E-6	41.015491E-3	832.43073E-6
241.99999E-6	40.992863E-3	789.88296E-6	40.788461E-3	729.79991E-6	40.652111E-3	833.40757E-6	41.022092E-3	860.80254E-6
244.00001E-6	41.012719E-3	736.46213E-6	40.852148E-3	769.82833E-6	40.664922E-3	783.25259E-6	41.073222E-3	763.13177E-6
246.00001E-6	41.052144E-3	735.12772E-6	40.859692E-3	837.96284E-6	40.686779E-3	736.52511E-6	41.051332E-3	739.53916E-6
248.00003E-6	40.896654E-3	837.72751E-6	40.767752E-3	898.54206E-6	40.590927E-3	802.08294E-6	40.910549E-3	836.28780E-6
249.99998E-6	40.884752E-3	893.97898E-6	40.808063E-3	859.01975E-6	40.641449E-3	882.05334E-6	40.882919E-3	891.02337E-6
252.00000E-6	40.800411E-3	857.48394E-6	40.785260E-3	763.92549E-6	40.572256E-3	891.80318E-6	40.763743E-3	799.52023E-6
254.00001E-6	40.801942E-3	775.98629E-6	40.691607E-3	735.61305E-6	40.639415E-3	821.62273E-6	40.712461E-3	736.54851E-6
256.00003E-6	40.771984E-3	760.83973E-6	40.706903E-3	819.61369E-6	40.697549E-3	743.00286E-6	40.579751E-3	811.89984E-6
257.99999E-6	40.685609E-3	792.16604E-6	40.655710E-3	874.03558E-6	40.668629E-3	764.55827E-6	40.578641E-3	891.49753E-6
260.00000E-6	40.671397E-3	885.27770E-6	40.585980E-3	865.53639E-6	40.670801E-3	827.98552E-6	40.636778E-3	838.16971E-6
262.00002E-6	40.603679E-3	877.50645E-6	40.604573E-3	809.06029E-6	40.646866E-3	886.04772E-6	40.755223E-3	741.83673E-6
264.00003E-6	40.556103E-3	817.40791E-6	40.545896E-3	749.39133E-6	40.564649E-3	847.93620E-6	40.847644E-3	758.84385E-6
265.99999E-6	40.535364E-3	753.42890E-6	40.502906E-3	783.48420E-6	40.475588E-3	783.78746E-6	40.919185E-3	870.59388E-6
268.00000E-6	40.337373E-3	777.88066E-6	40.273715E-3	879.67800E-6	40.216777E-3	749.48178E-6	40.822301E-3	910.59599E-6
270.00002E-6	40.301342E-3	852.11184E-6	40.262282E-3	892.53706E-6	40.194947E-3	801.61385E-6	40.836919E-3	774.93122E-6
271.99998E-6	40.325165E-3	906.80702E-6	40.227696E-3	843.73244E-6	40.153500E-3	890.10311E-6	40.900510E-3	777.69853E-6
273.99999E-6	40.348127E-3	878.73783E-6	40.211953E-3	780.31805E-6	40.126570E-3	919.56765E-6	40.911052E-3	843.04629E-6
276.00001E-6	40.337551E-3	802.23317E-6	40.151667E-3	769.61546E-6	40.192716E-3	842.15665E-6	40.898725E-3	908.86449E-6
278.00002E-6	40.368728E-3	756.91578E-6	40.086035E-3	863.86484E-6	40.147055E-3	754.41360E-6	40.876210E-3	837.25766E-6
279.99998E-6	40.313348E-3	798.48355E-6	40.108904E-3	930.42693E-6	40.182900E-3	762.84597E-6	40.921532E-3	772.82637E-6
281.99999E-6	40.323023E-3	878.99808E-6	40.089253E-3	873.32143E-6	40.198807E-3	842.89524E-6	41.027244E-3	850.99717E-6
284.00001E-6	40.291138E-3	901.70657E-6	40.120203E-3	810.00815E-6	40.220656E-3	915.31640E-6	41.145101E-3	909.58539E-6
286.00002E-6	40.128555E-3	882.13466E-6	39.958704E-3	777.19073E-6	40.071502E-3	912.17947E-6	41.037966E-3	876.19649E-6
287.99998E-6	40.143307E-3	768.24921E-6	39.973456E-3	828.54286E-6	40.032808E-3	837.81319E-6	40.938366E-3	796.70164E-6
290.00000E-6	40.070895E-3	797.53314E-6	40.012784E-3	929.13955E-6	40.019903E-3	788.42184E-6	40.753178E-3	806.29805E-6
292.00001E-6	40.057808E-3	862.79010E-6	40.065832E-3	926.57190E-6	39.980885E-3	826.24512E-6	40.706482E-3	888.16369E-6
293.99997E-6	40.021107E-3	921.21121E-6	40.049847E-3	841.47364E-6	40.046021E-3	875.19671E-6	40.626552E-3	920.84293E-6
295.99998E-6	39.983805E-3	919.86160E-6	40.041253E-3	797.46958E-6	40.128630E-3	939.25203E-6	40.570658E-3	818.01874E-6
298.00000E-6	39.888509E-3	815.89544E-6	40.055841E-3	795.58871E-6	40.129025E-3	871.07124E-6	40.556159E-3	792.12832E-6
300.00001E-6	39.857086E-3	796.47347E-6	40.052287E-3	891.65848E-6	40.091842E-3	785.89516E-6	40.503718E-3	873.44676E-6
301.99997E-6	39.815187E-3	816.31925E-6	40.033743E-3	903.52312E-6	40.075071E-3	780.54168E-6	40.458333E-3	928.98967E-6
303.99999E-6	39.792880E-3	887.22550E-6	40.069468E-3	881.89990E-6	40.035613E-3	870.80069E-6	40.468797E-3	828.60893E-6
306.00000E-6	39.726909E-3	954.17519E-6	40.232219E-3	834.61578E-6	39.839972E-3	938.37379E-6	40.309582E-3	813.00549E-6
308.00002E-6	39.744936E-3	915.40389E-6	40.317815E-3	816.89749E-6	39.777573E-3	923.25202E-6	40.269721E-3	856.56939E-6
309.99997E-6	39.809179E-3	804.81305E-6	40.285841E-3	881.62976E-6	39.692264E-3	836.86749E-6	40.214635E-3	936.64450E-6
311.99999E-6	39.810952E-3	807.62740E-6	40.062532E-3	944.22168E-6	39.633978E-3	795.94681E-6	40.134702E-3	890.33716E-6
314.00000E-6	39.924841E-3	849.40676E-6	40.030167E-3	912.07807E-6	39.571509E-3	859.14519E-6	40.085323E-3	805.29717E-6
315.99996E-6	40.020294E-3	940.16630E-6	40.009215E-3	832.12630E-6	39.545439E-3	930.60976E-6	40.081017E-3	817.82596E-6
317.99998E-6	40.076561E-3	922.75778E-6	40.082417E-3	790.28489E-6	39.575331E-3	951.27913E-6	40.180601E-3	915.45831E-6
319.99999E-6	40.132716E-3	858.79304E-6	40.092874E-3	860.21749E-6	39.593965E-3	891.86354E-6	40.341910E-3	923.22018E-6
322.00001E-6	40.145081E-3	805.78361E-6	40.037606E-3	919.44722E-6	39.596304E-3	827.77394E-6	40.424276E-3	802.56152E-6
323.99996E-6	40.040344E-3	810.67148E-6	39.959725E-3	922.61843E-6	39.561909E-3	821.48926E-6	40.354442E-3	847.68259E-6
325.99998E-6	40.048491E-3	908.13200E-6	39.957028E-3	860.67442E-6	39.604116E-3	892.07361E-6	40.396437E-3	924.47206E-6
327.99999E-6	39.999433E-3	939.51245E-6	39.966688E-3	810.09866E-6	39.691571E-3	945.89102E-6	40.364724E-3	933.84174E-6
330.00001E-6	40.056054E-3	912.20584E-6	39.905064E-3	857.43458E-6	39.702132E-3	955.40867E-6	40.366862E-3	861.19398E-6
331.99997E-6	40.024307E-3	830.71261E-6	39.875165E-3	937.96849E-6	39.722621E-3	887.47864E-6	40.398348E-3	799.55620E-6
333.99998E-6	40.014721E-3	827.16835E-6	39.852872E-3	949.77894E-6	39.775200E-3	800.15458E-6	40.428482E-3	891.79544E-6
336.00000E-6	40.043946E-3	849.78971E-6	39.807964E-3	884.07483E-6	39.730433E-3	803.69069E-6	40.369634E-3	947.13265E-6
338.00001E-6	40.077176E-3	946.06134E-6	39.759215E-3	811.70676E-6	39.767236E-3	903.90019E-6	40.469702E-3	876.91681E-6
339.99997E-6	40.123459E-3	934.79559E-6	39.697234E-3	812.86824E-6	39.783124E-3	973.26789E-6	40.553287E-3	814.54444E-6
341.99998E-6	40.115267E-3	872.31462E-6	39.637581E-3	913.78577E-6	39.842326E-3	924.11734E-6	40.656194E-3	840.89430E-6
344.00000E-6	40.052798E-3	825.75146E-6	39.609741E-3	972.24250E-6	39.789721E-3	860.40370E-6	40.572952E-3	949.47970E-6
346.00002E-6	40.027950E-3	821.51248E-6	39.617434E-3	917.63737E-6	39.824199E-3	832.69679E-6	40.477026E-3	935.69205E-6
347.99997E-6	40.043216E-3	927.58442E-6	39.608974E-3	825.61112E-6	39.763734E-3	878.48271E-6	40.363207E-3	846.37053E-6
349.99999E-6	40.003706E-3	950.01410E-6	39.581414E-3	829.71022E-6	39.748117E-3	946.12641E-6	40.288936E-3	832.03160E-6
352.00000E-6	40.023100E-3	905.55754E-6	39.594993E-3	877.49690E-6	39.751515E-3	966.02493E-6	40.227234E-3	930.09864E-6
354.00002E-6	40.127721E-3	835.79740E-6	39.607543E-3	963.10274E-6	39.737087E-3	895.88767E-6	40.102642E-3	966.81609E-6
355.99997E-6	40.196825E-3	834.56573E-6	39.656699E-3	951.69141E-6	39.804015E-3	840.80652E-6	39.994124E-3	859.05142E-6
357.99999E-6	40.248465E-3	875.54357E-6	39.659962E-3	862.88131E-6	39.886784E-3	831.28287E-6	39.966773E-3	838.80813E-6
360.00001E-6	40.342972E-3	934.51672E-6	39.767485E-3	824.18614E-6	39.956070E-3	885.80913E-6	39.983444E-3	911.10740E-6
361.99996E-6	40.361680E-3	940.46356E-6	39.818589E-3	840.54837E-6	40.079322E-3	936.30468E-6	39.972868E-3	946.52490E-6
363.99998E-6	40.378902E-3	872.59180E-6	39.867409E-3	931.58847E-6	40.177278E-3	933.36252E-6	39.902862E-3	852.80731E-6
365.99999E-6	40.335793E-3	808.71559E-6	39.930664E-3	961.36832E-6	40.221930E-3	873.57726E-6	39.859906E-3	821.11056E-6
368.00001E-6	40.317815E-3	837.96424E-6	39.972920E-3	913.62785E-6	40.218007E-3	818.72410E-6	39.712928E-3	869.64550E-6
369.99997E-6	40.282089E-3	898.99491E-6	39.993968E-3	835.66603E-6	40.237583E-3	852.89159E-6	39.641902E-3	948.94407E-6
371.99998E-6	40.173788E-3	949.15886E-6	40.045150E-3	835.40840E-6	40.223099E-3	924.89866E-6	39.663397E-3	933.37923E-6
374.00000E-6	40.141858E-3	914.27361E-6	40.041253E-3	894.27317E-6	40.211748E-3	960.02180E-6	39.774589E-3	824.43171E-6
376.00001E-6	40.096920E-3	853.82501E-6	40.027007E-3	947.14196E-6	40.105622E-3	919.17755E-6	39.907131E-3	847.70174E-6
377.99997E-6	40.018212E-3	829.72943E-6	40.023878E-3	945.32297E-6	40.078934E-3	835.65869E-6	39.984506E-3	942.51923E-6
379.99998E-6	39.965566E-3	857.85246E-6	40.041689E-3	859.98100E-6	40.031005E-3	826.38091E-6	40.053964E-3	915.59306E-6
382.00000E-6	39.993372E-3	931.97438E-6	40.141057E-3	807.99655E-6	40.097021E-3	869.19882E-6	40.090241E-3	853.41081E-6
384.00001E-6	39.954152E-3	955.46909E-6	40.157158E-3	854.37100E-6	40.072497E-3	938.22635E-6	40.106859E-3	817.43411E-6
385.99997E-6	39.936136E-3	887.67154E-6	40.214572E-3	910.40810E-6	40.082078E-3	925.99989E-6	40.093817E-3	908.00255E-6
387.99999E-6	39.876007E-3	820.24420E-6	40.206101E-3	957.20973E-6	40.119801E-3	882.52727E-6	40.111884E-3	954.61973E-6
390.00000E-6	39.882287E-3	814.92338E-6	40.219709E-3	892.18782E-6	40.048607E-3	814.56627E-6	40.142901E-3	859.18052E-6
392.00002E-6	39.859850E-3	905.23285E-6	40.212028E-3	821.65876E-6	40.065296E-3	816.33509E-6	40.198866E-3	791.49584E-6
393.99997E-6	39.791234E-3	950.27726E-6	40.192436E-3	827.33680E-6	40.085774E-3	908.64714E-6	40.254816E-3	863.19749E-6
395.99999E-6	39.772052E-3	934.82056E-6	40.206078E-3	900.15365E-6	40.072065E-3	963.35495E-6	40.384300E-3	953.98363E-6
398.00000E-6	39.798722E-3	848.99907E-6	40.144976E-3	943.93687E-6	40.049106E-3	918.71945E-6	40.442735E-3	891.96302E-6
399.99996E-6	39.953042E-3	815.54474E-6	40.318083E-3	908.95558E-6	40.247068E-3	823.01238E-6	40.623717E-3	820.34152E-6
401.99998E-6	39.971698E-3	838.23031E-6	40.334366E-3	835.76044E-6	40.269174E-3	801.33666E-6	40.578961E-3	844.08058E-6
403.99999E-6	39.924290E-3	913.06726E-6	40.330343E-3	825.44924E-6	40.277097E-3	841.19366E-6	40.491283E-3	943.35206E-6
406.00001E-6	39.923400E-3	941.16939E-6	40.410593E-3	852.26266E-6	40.238760E-3	917.39616E-6	40.363051E-3	925.67160E-6
407.99996E-6	39.884403E-3	906.97687E-6	40.406149E-3	909.59092E-6	40.178493E-3	905.93752E-6	40.301252E-3	829.07226E-6
409.99998E-6	39.881896E-3	832.50087E-6	40.455755E-3	929.00702E-6	40.131766E-3	871.51572E-6	40.246580E-3	802.04912E-6
411.99999E-6	39.808217E-3	806.51272E-6	40.496308E-3	871.59395E-6	40.127061E-3	787.16135E-6	40.372610E-3	891.30516E-6
414.00001E-6	39.770473E-3	873.23843E-6	40.580295E-3	779.13562E-6	40.012248E-3	811.40181E-6	40.144954E-3	946.51850E-6
415.99997E-6	39.738171E-3	939.22799E-6	40.592868E-3	829.53711E-6	39.987110E-3	879.38760E-6	40.190741E-3	873.03465E-6
417.99998E-6	39.689910E-3	928.65399E-6	40.584624E-3	899.87373E-6	39.936304E-3	939.20814E-6	40.158480E-3	808.75092E-6
420.00000E-6	39.840806E-3	844.42890E-6	40.777095E-3	907.42705E-6	40.049914E-3	889.93483E-6	40.262453E-3	862.82828E-6
422.00001E-6	39.852444E-3	781.54099E-6	40.806841E-3	869.94201E-6	40.048670E-3	828.38279E-6	40.217519E-3	922.06965E-6
423.99997E-6	39.876100E-3	809.77759E-6	40.785499E-3	798.32517E-6	39.985530E-3	778.77025E-6	40.200211E-3	886.77171E-6
425.99998E-6	39.880309E-3	870.78183E-6	40.837493E-3	795.62917E-6	40.004216E-3	815.46581E-6	40.133934E-3	801.98224E-6
428.00000E-6	39.923482E-3	921.06027E-6	40.789999E-3	845.17535E-6	40.019251E-3	897.10817E-6	40.014721E-3	796.05682E-6
430.00001E-6	39.972570E-3	864.95641E-6	40.762864E-3	927.03121E-6	40.017575E-3	906.45783E-6	39.933320E-3	892.99725E-6
431.99997E-6	40.061828E-3	805.49147E-6	40.689085E-3	892.04119E-6	40.087342E-3	856.62166E-6	39.972335E-3	915.24550E-6
433.99999E-6	40.120289E-3	784.21645E-6	40.607624E-3	846.95924E-6	40.054016E-3	798.65754E-6	40.025167E-3	837.17180E-6
436.00000E-6	40.204860E-3	839.21390E-6	40.588539E-3	773.41008E-6	40.099263E-3	797.39961E-6	40.119398E-3	785.36791E-6
438.00002E-6	40.217523E-3	907.07542E-6	40.493350E-3	817.26932E-6	40.129147E-3	839.91722E-6	40.230121E-3	874.41475E-6
439.99997E-6	40.400531E-3	896.53354E-6	40.580124E-3	839.56710E-6	40.342752E-3	890.74258E-6	40.496379E-3	887.71491E-6
441.99999E-6	40.480111E-3	844.90544E-6	40.391620E-3	906.77600E-6	40.362421E-3	897.09047E-6	40.482245E-3	809.46012E-6
444.00000E-6	40.450729E-3	794.77089E-6	40.366996E-3	873.41736E-6	40.326130E-3	814.68432E-6	40.492941E-3	766.15385E-6
445.99996E-6	40.429845E-3	793.66617E-6	40.381957E-3	801.10971E-6	40.358372E-3	765.59628E-6	40.504195E-3	816.21506E-6
447.99998E-6	40.423963E-3	836.81877E-6	40.386718E-3	753.31412E-6	40.323075E-3	773.79320E-6	40.526543E-3	898.18175E-6
449.99999E-6	40.400453E-3	920.93553E-6	40.382251E-3	833.17328E-6	40.325861E-3	864.15035E-6	40.518593E-3	883.60370E-6
452.00001E-6	40.366780E-3	893.75069E-6	40.349562E-3	880.48354E-6	40.294524E-3	897.55194E-6	40.583607E-3	784.53234E-6
453.99996E-6	40.420089E-3	804.15123E-6	40.392410E-3	894.21519E-6	40.311392E-3	872.68424E-6	40.605336E-3	785.25580E-6
455.99998E-6	40.415116E-3	776.56191E-6	40.311705E-3	826.37696E-6	40.296771E-3	798.76423E-6	40.753271E-3	876.94032E-6
457.99999E-6	40.611576E-3	788.52585E-6	40.472545E-3	740.56629E-6	40.506102E-3	747.07653E-6	40.935501E-3	881.13005E-6
460.00001E-6	40.643923E-3	877.72956E-6	40.477097E-3	763.01728E-6	40.575266E-3	787.85152E-6	41.018233E-3	807.44491E-6
461.99997E-6	40.728398E-3	869.46250E-6	40.468682E-3	826.82801E-6	40.673833E-3	831.50831E-6	41.114237E-3	760.11108E-6
463.99998E-6	40.724713E-3	860.97629E-6	40.471207E-3	872.82300E-6	40.789120E-3	890.69142E-6	41.117091E-3	813.31795E-6
466.00000E-6	40.781744E-3	755.07577E-6	40.502943E-3	845.13536E-6	40.848028E-3	849.83959E-6	41.086897E-3	873.32015E-6
468.00001E-6	40.858451E-3	765.91648E-6	40.595435E-3	773.87085E-6	40.929642E-3	771.86374E-6	41.005462E-3	839.91577E-6
469.99997E-6	40.930748E-3	796.73697E-6	40.632211E-3	765.66474E-6	40.893175E-3	752.60870E-6	40.927459E-3	759.57557E-6
471.99999E-6	40.948570E-3	878.10191E-6	40.589530E-3	809.95687E-6	40.900979E-3	796.82359E-6	40.829197E-3	786.01454E-6
474.00000E-6	40.904265E-3	895.38214E-6	40.630102E-3	889.02254E-6	40.851384E-3	857.07416E-6	40.715512E-3	857.17556E-6
476.00002E-6	40.936567E-3	809.96810E-6	40.568765E-3	882.55224E-6	40.793750E-3	873.81451E-6	40.673535E-3	868.45388E-6
477.99997E-6	41.025158E-3	741.60751E-6	40.635802E-3	777.28287E-6	40.857077E-3	801.53719E-6	40.798433E-3	762.74137E-6
479.99999E-6	40.948622E-3	733.41001E-6	40.518645E-3	742.31316E-6	40.705275E-3	726.56624E-6	40.791962E-3	724.21174E-6
482.00000E-6	40.980738E-3	810.52416E-6	40.451150E-3	775.61516E-6	40.661946E-3	729.54071E-6	40.785775E-3	823.88823E-6
483.99996E-6	41.023321E-3	855.35692E-6	40.443879E-3	836.75579E-6	40.656865E-3	794.74074E-6	40.740948E-3	875.47384E-6
485.99998E-6	40.951334E-3	838.78747E-6	40.381949E-3	849.35199E-6	40.647436E-3	842.21212E-6	40.696230E-3	794.11757E-6
487.99999E-6	40.891133E-3	767.26044E-6	40.321771E-3	809.58684E-6	40.629301E-3	867.19793E-6	40.708836E-3	732.19807E-6
490.00001E-6	40.846020E-3	733.96490E-6	40.290259E-3	743.47394E-6	40.624619E-3	772.35710E-6	40.673085E-3	768.07447E-6
491.99996E-6	40.837940E-3	757.36857E-6	40.379796E-3	735.88040E-6	40.534202E-3	732.63107E-6	40.608093E-3	878.16664E-6
493.99998E-6	40.834662E-3	824.97584E-6	40.355548E-3	783.65259E-6	40.538751E-3	773.49279E-6	40.569007E-3	842.27842E-6
495.99999E-6	40.925231E-3	859.11195E-6	40.438086E-3	861.46727E-6	40.624920E-3	823.45150E-6	40.689126E-3	746.01278E-6
498.00001E-6	40.885344E-3	834.23581E-6	40.465649E-3	831.57589E-6	40.667724E-3	846.70319E-6	40.632334E-3	735.99274E-6
499.99997E-6	40.918812E-3	740.13998E-6	40.519979E-3	764.33114E-6	40.640261E-3	815.77158E-6	40.650379E-3	822.75085E-6
501.99998E-6	40.915187E-3	723.09299E-6	40.628765E-3	711.82125E-6	40.669072E-3	741.78260E-6	40.806230E-3	848.08492E-6
504.00000E-6	40.778689E-3	743.85939E-6	40.696185E-3	758.29116E-6	40.686805E-3	720.50630E-6	40.890492E-3	785.53538E-6
506.00001E-6	40.514782E-3	834.22830E-6	40.809095E-3	821.26918E-6	40.596243E-3	744.40724E-6	41.008491E-3	731.65988E-6
507.99997E-6	40.425226E-3	878.97741E-6	40.881269E-3	844.97704E-6	40.504292E-3	831.42368E-6	41.080225E-3	777.39876E-6
509.99998E-6	40.347714E-3	816.12851E-6	40.911283E-3	810.77870E-6	40.475737E-3	857.76864E-6	41.153803E-3	850.49588E-6
512.00000E-6	40.330857E-3	764.26187E-6	40.909443E-3	754.95621E-6	40.385149E-3	789.90043E-6	41.184951E-3	834.23074E-6
514.00001E-6	40.412728E-3	711.29529E-6	40.952735E-3	711.72399E-6	40.263098E-3	707.71918E-6	41.217107E-3	739.43031E-6
515.99997E-6	40.586721E-3	761.25289E-6	40.979475E-3	777.83334E-6	40.217642E-3	714.59793E-6	41.216221E-3	756.38818E-6
517.99999E-6	40.678147E-3	810.86269E-6	40.952072E-3	830.96774E-6	40.251471E-3	778.37345E-6	41.231379E-3	837.48723E-6
520.00000E-6	40.801752E-3	842.73040E-6	40.945429E-3	846.78445E-6	40.298428E-3	873.78256E-6	41.215897E-3	851.54636E-6
522.00002E-6	40.840428E-3	796.64297E-6	40.920593E-3	790.80090E-6	40.309507E-3	821.74432E-6	41.228425E-3	724.58282E-6
523.99997E-6	40.889837E-3	743.95462E-6	40.940374E-3	717.22106E-6	40.359501E-3	762.18625E-6	41.249529E-3	724.77962E-6
525.99999E-6	40.946320E-3	695.10686E-6	40.992510E-3	747.50633E-6	40.436238E-3	704.46706E-6	41.356042E-3	811.16962E-6
528.00000E-6	40.897205E-3	771.16827E-6	41.030414E-3	802.73469E-6	40.529657E-3	744.32557E-6	41.447565E-3	837.54427E-6
529.99996E-6	40.858958E-3	827.32516E-6	41.003712E-3	858.16882E-6	40.532038E-3	796.98348E-6	41.465450E-3	778.31192E-6
531.99998E-6	40.838644E-3	856.61653E-6	41.042078E-3	815.48473E-6	40.584341E-3	856.18941E-6	41.444827E-3	704.57865E-6
533.99999E-6	40.888283E-3	791.42285E-6	41.062251E-3	752.91068E-6	40.553994E-3	811.16176E-6	41.307058E-3	766.14850E-6
536.00001E-6	40.868934E-3	713.35549E-6	41.090887E-3	717.34365E-6	40.532369E-3	738.86191E-6	41.056763E-3	840.63341E-6
537.99996E-6	40.925294E-3	726.37503E-6	41.100323E-3	765.92341E-6	40.557787E-3	693.07355E-6	40.967699E-3	820.37773E-6
539.99998E-6	40.962722E-3	769.57617E-6	41.163038E-3	839.71873E-6	40.616091E-3	741.81694E-6	40.969741E-3	709.29306E-6
541.99999E-6	41.048847E-3	827.54774E-6	41.204985E-3	848.33364E-6	40.622994E-3	821.92110E-6	40.935308E-3	728.85351E-6
544.00001E-6	41.136049E-3	833.84756E-6	41.247044E-3	781.93267E-6	40.615667E-3	837.42617E-6	40.925413E-3	833.21711E-6
545.99997E-6	41.182987E-3	799.00754E-6	41.294694E-3	722.99194E-6	40.645804E-3	797.60456E-6	40.927064E-3	815.02093E-6
547.99998E-6	41.242480E-3	704.79908E-6	41.351963E-3	715.75993E-6	40.660288E-3	729.91557E-6	40.898897E-3	758.78028E-6
550.00000E-6	41.255031E-3	710.51624E-6	41.355208E-3	785.42915E-6	40.694460E-3	701.00528E-6	40.794156E-3	712.51381E-6
552.00001E-6	41.171860E-3	777.37676E-6	41.325100E-3	848.31176E-6	40.706132E-3	761.95452E-6	40.810730E-3	790.91016E-6
553.99997E-6	41.049790E-3	852.01603E-6	41.190423E-3	847.53608E-6	40.756166E-3	853.78607E-6	40.860210E-3	864.93610E-6
555.99998E-6	40.952407E-3	846.84230E-6	41.081414E-3	772.11903E-6	40.874463E-3	861.78252E-6	40.809315E-3	817.55704E-6
558.00000E-6	40.874131E-3	770.54073E-6	41.025147E-3	702.97171E-6	40.950079E-3	797.06503E-6	40.783674E-3	720.00438E-6
560.00001E-6	40.804371E-3	706.26568E-6	40.942356E-3	732.69213E-6	41.014642E-3	713.64513E-6	40.750347E-3	759.91667E-6
561.99997E-6	40.772796E-3	734.99040E-6	40.875986E-3	794.17945E-6	41.002907E-3	742.40181E-6	40.668506E-3	827.58017E-6
563.99999E-6	40.761258E-3	812.58413E-6	40.811714E-3	857.78383E-6	40.849969E-3	789.85444E-6	40.445823E-3	867.54200E-6
566.00000E-6	40.734440E-3	870.57630E-6	40.830411E-3	811.56701E-6	40.834397E-3	843.22819E-6	40.403068E-3	758.53942E-6
568.00002E-6	40.759027E-3	845.67268E-6	40.850021E-3	728.40456E-6	40.667441E-3	834.70182E-6	40.451650E-3	696.49372E-6
569.99997E-6	40.717326E-3	767.08448E-6	40.856987E-3	713.89705E-6	40.627480E-3	779.15849E-6	40.502429E-3	790.35055E-6
571.99999E-6	40.595800E-3	733.53114E-6	40.786389E-3	787.15972E-6	40.823422E-3	728.48675E-6	40.490441E-3	872.12928E-6
574.00001E-6	40.594798E-3	754.94574E-6	40.789746E-3	857.20065E-6	40.786568E-3	725.31292E-6	40.623326E-3	813.20136E-6
575.99996E-6	40.555317E-3	838.62321E-6	40.794332E-3	844.54555E-6	40.545288E-3	808.08095E-6	40.810972E-3	735.66037E-6
577.99998E-6	40.547207E-3	853.14718E-6	40.762238E-3	798.56010E-6	40.443532E-3	870.89522E-6	40.891081E-3	757.68062E-6
579.99999E-6	40.473759E-3	842.49809E-6	40.756781E-3	711.43988E-6	40.438950E-3	843.88879E-6	40.932283E-3	844.46836E-6
582.00001E-6	40.416699E-3	767.96801E-6	40.729661E-3	730.12454E-6	40.479004E-3	763.95588E-6	40.959362E-3	849.55583E-6
583.99996E-6	40.392499E-3	738.61220E-6	40.715985E-3	816.68462E-6	40.458217E-3	722.98496E-6	40.939104E-3	763.74243E-6
585.99998E-6	40.371366E-3	766.35368E-6	40.715050E-3	861.77851E-6	40.485166E-3	747.55301E-6	40.859882E-3	738.28781E-6
588.00000E-6	40.585119E-3	824.14370E-6	40.712550E-3	823.65726E-6	40.422473E-3	824.09137E-6	40.835015E-3	780.69739E-6
590.00001E-6	40.664554E-3	875.80999E-6	40.694736E-3	744.52983E-6	40.383112E-3	861.14643E-6	40.876113E-3	846.95505E-6
591.99997E-6	40.638454E-3	836.72168E-6	40.555127E-3	741.27282E-6	40.165089E-3	843.66224E-6	40.788613E-3	828.54112E-6
593.99998E-6	40.670957E-3	770.34114E-6	40.518455E-3	810.82253E-6	40.015761E-3	764.97841E-6	40.832039E-3	761.10021E-6
596.00000E-6	40.764455E-3	741.24482E-6	40.437955E-3	846.77211E-6	39.925724E-3	744.67965E-6	40.890537E-3	732.72793E-6
598.00001E-6	40.790625E-3	768.73729E-6	40.372603E-3	886.45198E-6	39.898876E-3	761.74317E-6	40.900506E-3	837.06074E-6
599.99997E-6	40.772665E-3	827.43412E-6	40.320225E-3	803.94128E-6	39.903227E-3	847.84435E-6	40.896680E-3	894.36257E-6
601.99999E-6	40.863443E-3	880.83674E-6	40.214911E-3	733.69429E-6	39.959583E-3	888.19885E-6	40.913142E-3	799.67623E-6
604.00000E-6	40.875889E-3	848.49139E-6	40.210705E-3	769.38223E-6	40.111955E-3	837.25498E-6	40.870737E-3	726.44436E-6
606.00002E-6	40.905550E-3	734.23964E-6	40.293775E-3	838.84416E-6	40.158156E-3	770.48724E-6	40.916368E-3	801.97630E-6
607.99997E-6	40.889416E-3	734.90560E-6	40.294107E-3	881.01841E-6	40.189855E-3	718.76438E-6	40.962007E-3	860.50888E-6
609.99999E-6	40.723901E-3	767.81382E-6	40.234648E-3	856.08446E-6	40.140975E-3	790.94706E-6	40.924229E-3	866.38657E-6
612.00000E-6	40.728591E-3	870.77363E-6	40.299602E-3	799.66383E-6	40.094644E-3	877.18322E-6	40.955041E-3	803.69436E-6
613.99996E-6	40.724125E-3	913.88263E-6	40.346116E-3	750.51707E-6	40.057939E-3	886.58865E-6	41.022576E-3	764.35856E-6
615.99998E-6	40.825009E-3	873.02021E-6	40.522300E-3	794.75780E-6	40.078606E-3	853.03077E-6	41.029342E-3	826.18935E-6
617.99999E-6	40.956989E-3	798.04251E-6	40.432110E-3	877.63194E-6	40.073529E-3	782.25567E-6	40.963888E-3	907.42292E-6
620.00001E-6	40.989425E-3	752.53128E-6	40.455211E-3	879.41613E-6	40.073998E-3	761.06342E-6	40.837634E-3	859.76947E-6
621.99996E-6	41.048992E-3	817.40739E-6	40.491890E-3	815.82810E-6	40.093504E-3	819.98989E-6	40.772405E-3	736.98204E-6
623.99998E-6	41.021783E-3	880.49797E-6	40.527385E-3	761.63502E-6	40.127929E-3	887.71980E-6	40.714055E-3	796.50577E-6
625.99999E-6	40.973280E-3	888.74425E-6	40.534355E-3	770.28247E-6	40.208548E-3	893.44208E-6	40.602282E-3	869.83579E-6
628.00001E-6	40.863305E-3	837.11854E-6	40.566776E-3	843.61609E-6	40.255919E-3	855.39330E-6	40.593099E-3	889.54455E-6
629.99997E-6	40.562510E-3	798.61376E-6	40.469106E-3	909.46275E-6	40.190488E-3	781.05344E-6	40.428575E-3	797.40625E-6
631.99998E-6	40.454876E-3	778.81507E-6	40.508330E-3	866.46102E-6	40.241141E-3	763.29068E-6	40.419307E-3	794.84982E-6
634.00000E-6	40.397055E-3	828.76376E-6	40.496886E-3	804.98308E-6	40.293202E-3	849.73441E-6	40.468376E-3	824.43783E-6
636.00001E-6	40.352739E-3	920.89712E-6	40.451162E-3	755.52182E-6	40.417720E-3	915.08776E-6	40.407240E-3	901.97037E-6
637.99997E-6	40.382225E-3	906.80935E-6	40.447667E-3	835.91841E-6	40.460583E-3	916.19435E-6	40.431246E-3	876.42012E-6
639.99998E-6	40.385187E-3	842.81428E-6	40.411372E-3	900.85855E-6	40.399343E-3	825.07177E-6	40.421639E-3	783.31988E-6
642.00000E-6	40.394392E-3	762.31291E-6	40.444605E-3	903.63366E-6	40.272065E-3	763.80698E-6	40.425692E-3	769.74893E-6
644.00001E-6	40.421486E-3	780.51287E-6	40.448636E-3	840.10721E-6	40.220093E-3	771.65128E-6	40.369287E-3	887.91037E-6
645.99997E-6	40.384658E-3	862.29487E-6	40.446222E-3	782.56562E-6	40.128145E-3	877.63066E-6	40.391173E-3	901.09330E-6
647.99999E-6	40.247366E-3	931.53841E-6	40.349349E-3	786.29568E-6	39.956655E-3	930.54830E-6	40.184457E-3	860.96348E-6
650.00000E-6	40.217672E-3	915.98724E-6	40.338527E-3	901.74022E-6	39.887272E-3	905.44601E-6	40.152669E-3	778.77368E-6
652.00002E-6	40.197928E-3	838.42973E-6	40.378850E-3	931.35406E-6	39.880149E-3	831.73590E-6	40.135905E-3	823.46331E-6
653.99997E-6	40.097650E-3	783.53437E-6	40.358867E-3	882.62942E-6	40.036526E-3	791.85225E-6	39.838076E-3	911.34734E-6
655.99999E-6	39.885849E-3	808.68107E-6	40.338684E-3	808.60581E-6	40.027250E-3	825.09295E-6	39.757751E-3	889.56382E-6
658.00000E-6	39.856695E-3	877.07071E-6	40.387820E-3	796.79687E-6	40.034506E-3	888.75071E-6	39.730869E-3	811.32812E-6
659.99996E-6	39.788567E-3	934.59600E-6	40.312693E-3	871.64983E-6	40.067416E-3	943.02028E-6	39.723687E-3	792.15242E-6
661.99998E-6	39.815906E-3	899.08997E-6	40.336844E-3	928.97378E-6	40.026538E-3	903.55647E-6	39.751343E-3	877.91710E-6
663.99999E-6	39.831258E-3	825.41013E-6	40.340342E-3	914.25184E-6	40.052585E-3	831.45866E-6	39.726779E-3	925.80833E-6
666.00001E-6	39.930522E-3	765.86928E-6	40.380787E-3	849.78400E-6	40.087614E-3	776.55329E-6	39.844174E-3	861.48723E-6
667.99996E-6	39.941013E-3	832.52409E-6	40.303987E-3	810.55501E-6	39.940964E-3	847.81094E-6	39.787423E-3	795.52882E-6
669.99998E-6	39.984785E-3	935.10875E-6	40.440820E-3	865.99210E-6	39.893292E-3	905.08960E-6	39.908282E-3	835.53634E-6
671.99999E-6	40.061880E-3	922.64806E-6	40.443122E-3	930.10440E-6	39.792985E-3	937.88694E-6	39.990757E-3	956.92440E-6
674.00001E-6	40.119592E-3	907.69376E-6	40.489215E-3	944.50981E-6	39.657090E-3	868.64107E-6	40.038284E-3	930.79568E-6
675.99997E-6	40.179696E-3	839.51937E-6	40.515017E-3	873.67801E-6	39.583329E-3	812.58878E-6	40.084839E-3	847.11245E-6
677.99998E-6	40.187340E-3	804.77231E-6	40.481985E-3	811.49983E-6	39.498121E-3	816.07723E-6	40.044919E-3	813.16469E-6
680.00000E-6	40.205967E-3	855.14958E-6	40.535849E-3	783.83449E-6	39.439142E-3	869.75034E-6	40.071033E-3	888.14198E-6
682.00001E-6	40.216051E-3	909.38137E-6	40.480047E-3	878.25011E-6	39.431315E-3	942.05316E-6	40.073790E-3	951.68920E-6
683.99997E-6	40.177289E-3	940.73638E-6	40.493216E-3	954.83847E-6	39.494958E-3	925.73359E-6	40.069029E-3	896.78937E-6
685.99998E-6	40.235583E-3	897.75800E-6	40.456027E-3	904.54984E-6	39.556690E-3	840.34435E-6	40.037721E-3	811.66270E-6
688.00000E-6	40.161595E-3	834.72976E-6	40.333863E-3	827.29617E-6	39.528888E-3	825.57026E-6	39.924704E-3	851.78344E-6
690.00002E-6	40.173858E-3	821.24071E-6	40.323801E-3	821.76056E-6	39.619371E-3	837.34508E-6	39.950490E-3	925.15821E-6
691.99997E-6	40.189609E-3	870.87206E-6	40.275771E-3	864.37137E-6	39.669108E-3	910.98796E-6	39.978802E-3	960.16505E-6
693.99999E-6	40.261898E-3	942.72627E-6	40.285930E-3	954.16338E-6	39.607961E-3	939.31670E-6	39.970163E-3	871.45576E-6
696.00000E-6	40.240951E-3	971.11944E-6	40.210605E-3	929.94544E-6	39.604157E-3	935.33419E-6	40.033948E-3	812.58267E-6
697.99996E-6	40.290691E-3	878.26664E-6	40.140484E-3	859.92092E-6	39.659254E-3	853.30510E-6	40.037110E-3	876.82460E-6
699.99998E-6	40.311333E-3	829.92326E-6	40.110532E-3	794.50000E-6	39.759677E-3	800.16645E-6	40.088944E-3	961.09649E-6
701.99999E-6	40.252015E-3	797.68733E-6	40.013954E-3	824.82374E-6	39.816897E-3	851.33518E-6	40.103301E-3	929.96133E-6
704.00001E-6	40.204592E-3	877.25406E-6	39.996415E-3	919.14105E-6	39.805621E-3	920.65422E-6	40.125839E-3	829.70026E-6
705.99996E-6	40.047567E-3	950.14379E-6	39.940596E-3	964.98098E-6	39.776471E-3	974.48280E-6	40.109828E-3	789.83948E-6
707.99998E-6	39.962199E-3	943.49612E-6	39.934251E-3	885.71268E-6	39.825212E-3	911.50019E-6	40.161155E-3	898.73932E-6
709.99999E-6	39.872229E-3	908.56495E-6	39.923616E-3	847.28870E-6	39.829005E-3	838.88887E-6	40.217951E-3	965.39815E-6
712.00001E-6	39.830361E-3	835.17970E-6	39.937478E-3	826.83301E-6	39.843313E-3	824.86146E-6	40.217143E-3	905.09182E-6
713.99997E-6	39.789736E-3	803.35292E-6	39.908599E-3	891.35161E-6	39.894123E-3	886.42543E-6	40.267028E-3	810.79430E-6
715.99998E-6	39.967235E-3	877.93270E-6	39.935507E-3	990.49439E-6	39.976865E-3	935.96900E-6	40.280323E-3	822.61558E-6
718.00000E-6	39.967809E-3	934.82604E-6	39.899163E-3	952.74055E-6	40.038977E-3	968.76925E-6	40.278953E-3	927.79822E-6
720.00001E-6	39.947368E-3	954.96728E-6	39.932523E-3	889.00968E-6	40.132470E-3	911.31526E-6	40.254556E-3	954.11617E-6
721.99997E-6	39.968472E-3	880.03633E-6	39.933611E-3	801.03963E-6	40.220525E-3	832.22007E-6	40.089849E-3	890.75888E-6
723.99998E-6	40.000029E-3	831.29114E-6	39.893106E-3	886.51944E-6	40.238548E-3	836.15351E-6	39.980412E-3	828.51911E-6
726.00000E-6	40.008470E-3	822.20900E-6	39.892118E-3	957.14204E-6	40.147364E-3	879.61991E-6	40.023968E-3	849.49366E-6
728.00001E-6	39.891418E-3	909.04551E-6	39.894756E-3	953.19538E-6	40.090900E-3	937.65772E-6	39.959289E-3	928.31720E-6
729.99997E-6	39.792236E-3	953.26372E-6	39.856378E-3	876.93392E-6	40.020801E-3	966.01684E-6	39.950062E-3	937.95609E-6
731.99999E-6	39.707959E-3	959.49689E-6	39.762810E-3	834.27952E-6	39.919991E-3	879.46962E-6	39.896723E-3	859.26056E-6
734.00000E-6	39.695695E-3	924.18038E-6	39.827202E-3	851.48233E-6	39.868504E-3	832.13020E-6	39.897844E-3	814.56598E-6
736.00002E-6	39.893061E-3	842.75758E-6	39.848782E-3	932.41181E-6	39.846469E-3	832.23352E-6	39.873000E-3	890.72913E-6
737.99997E-6	39.998174E-3	828.48390E-6	39.809182E-3	981.99805E-6	39.862689E-3	882.00753E-6	39.847858E-3	955.69488E-6
739.99999E-6	40.147513E-3	889.80049E-6	39.757214E-3	894.24395E-6	39.852295E-3	947.13015E-6	39.886247E-3	916.13812E-6
742.00000E-6	40.235803E-3	952.12995E-6	39.744198E-3	807.15137E-6	39.901469E-3	933.55257E-6	39.837696E-3	846.46005E-6
743.99996E-6	40.342797E-3	939.69033E-6	39.802544E-3	819.99635E-6	39.948612E-3	865.54250E-6	39.847177E-3	824.49056E-6
745.99998E-6	40.395174E-3	878.53393E-6	39.837323E-3	906.43932E-6	39.939806E-3	822.87885E-6	39.788764E-3	914.21005E-6
747.99999E-6	40.460452E-3	852.73653E-6	39.826427E-3	946.77246E-6	39.893284E-3	825.37555E-6	39.776947E-3	952.94474E-6
750.00001E-6	40.397547E-3	815.57978E-6	39.853048E-3	900.14859E-6	39.903361E-3	907.73782E-6	39.818428E-3	889.67202E-6
751.99996E-6	40.423825E-3	903.15129E-6	39.878290E-3	832.58603E-6	39.765548E-3	963.15396E-6	39.813675E-3	822.91494E-6
753.99998E-6	40.398322E-3	928.94438E-6	39.844565E-3	821.08501E-6	39.647497E-3	930.39207E-6	39.834812E-3	870.42584E-6
755.99999E-6	40.426351E-3	942.90299E-6	39.843522E-3	891.55056E-6	39.545543E-3	852.01109E-6	39.966468E-3	928.24904E-6
758.00001E-6	40.437385E-3	908.27316E-6	39.827876E-3	950.98559E-6	39.600573E-3	819.87953E-6	39.952897E-3	944.27407E-6
759.99997E-6	40.498462E-3	816.83975E-6	39.832171E-3	905.89124E-6	39.563548E-3	871.98359E-6	39.939277E-3	851.97430E-6
761.99998E-6	40.580083E-3	824.32549E-6	39.819974E-3	851.71545E-6	39.578665E-3	910.67847E-6	39.868105E-3	827.48395E-6
764.00000E-6	40.691651E-3	863.82875E-6	39.915472E-3	808.34178E-6	39.711282E-3	948.22276E-6	39.945301E-3	849.10868E-6
766.00001E-6	40.823493E-3	936.60230E-6	39.912652E-3	871.26880E-6	39.839823E-3	906.93583E-6	39.833061E-3	945.91180E-6
767.99997E-6	40.834468E-3	910.92224E-6	39.911281E-3	932.34552E-6	40.069282E-3	846.27134E-6	39.775975E-3	901.50541E-6
769.99998E-6	40.791828E-3	862.89563E-6	39.908327E-3	911.51439E-6	40.179010E-3	800.64998E-6	39.712831E-3	794.02892E-6
772.00000E-6	40.707160E-3	810.48836E-6	39.903454E-3	830.07553E-6	40.200286E-3	839.30994E-6	39.647482E-3	802.36082E-6
774.00001E-6	40.623009E-3	810.25466E-6	39.952874E-3	821.87046E-6	40.186733E-3	899.69195E-6	39.619744E-3	898.88257E-6
775.99997E-6	40.541578E-3	880.11386E-6	39.903261E-3	873.13534E-6	40.162738E-3	935.70037E-6	39.666504E-3	924.45023E-6
777.99999E-6	40.467236E-3	943.25666E-6	39.914880E-3	942.03971E-6	40.182821E-3	905.67808E-6	39.736547E-3	878.71496E-6
780.00000E-6	40.462524E-3	914.36872E-6	39.937165E-3	925.19645E-6	40.230300E-3	820.17772E-6	39.806895E-3	777.86448E-6
782.00002E-6	40.630668E-3	832.26420E-6	40.183581E-3	830.55190E-6	40.206492E-3	771.84575E-6	40.026885E-3	828.82791E-6
784.00003E-6	40.595017E-3	794.30419E-6	40.207323E-3	779.07002E-6	40.226836E-3	823.09201E-6	40.052522E-3	902.87812E-6
785.99993E-6	40.608469E-3	800.87065E-6	40.225118E-3	836.78297E-6	40.245764E-3	900.38491E-6	40.105134E-3	883.46179E-6
787.99995E-6	40.607672E-3	881.24757E-6	40.190756E-3	928.74031E-6	40.337835E-3	899.55394E-6	40.152095E-3	826.17952E-6
789.99996E-6	40.610254E-3	951.47343E-6	40.221989E-3	889.19955E-6	40.379588E-3	856.97055E-6	40.205039E-3	790.45299E-6
791.99998E-6	40.583424E-3	897.40276E-6	40.253144E-3	838.85813E-6	40.448572E-3	806.13181E-6	40.219557E-3	848.17043E-6
793.99999E-6	40.559687E-3	812.51160E-6	40.227234E-3	808.94359E-6	40.555201E-3	793.22065E-6	40.257961E-3	917.35483E-6
796.00001E-6	40.521558E-3	780.74989E-6	40.212393E-3	826.13714E-6	40.637255E-3	832.47107E-6	40.288903E-3	882.75428E-6
798.00002E-6	40.509123E-3	847.93201E-6	40.202051E-3	913.99887E-6	40.626429E-3	919.87790E-6	40.308908E-3	795.71584E-6
800.00004E-6	40.429510E-3	903.74640E-6	40.181085E-3	912.86813E-6	40.668741E-3	902.02922E-6	40.316552E-3	805.39432E-6
801.99994E-6	40.495768E-3	926.00239E-6	40.335692E-3	833.31420E-6	40.794011E-3	833.73656E-6	40.456686E-3	859.61883E-6
803.99995E-6	40.487699E-3	841.28889E-6	40.315170E-3	776.03379E-6	40.782727E-3	756.62276E-6	40.631540E-3	907.63695E-6
805.99997E-6	40.392686E-3	809.09836E-6	40.358789E-3	819.25589E-6	40.711708E-3	785.41925E-6	40.613540E-3	828.90748E-6
807.99998E-6	40.435288E-3	781.79879E-6	40.359277E-3	866.06725E-6	40.638123E-3	849.72882E-6	40.581800E-3	769.35004E-6
810.00000E-6	40.413503E-3	807.60662E-6	40.361334E-3	880.95909E-6	40.564004E-3	909.36100E-6	40.605541E-3	794.99901E-6
812.00001E-6	40.501550E-3	914.14870E-6	40.392533E-3	832.00651E-6	40.519748E-3	898.68857E-6	40.592778E-3	892.42432E-6
814.00003E-6	40.610649E-3	909.17287E-6	40.278859E-3	779.30844E-6	40.509444E-3	810.28900E-6	40.658355E-3	894.77276E-6
816.00004E-6	40.730722E-3	852.04135E-6	40.370349E-3	790.53367E-6	40.484317E-3	780.89733E-6	40.676426E-3	814.11307E-6
817.99994E-6	40.686488E-3	769.03985E-6	40.554177E-3	878.14016E-6	40.474653E-3	807.41587E-6	40.661175E-3	765.49314E-6
819.99996E-6	40.904917E-3	772.33231E-6	40.729225E-3	908.04900E-6	40.610157E-3	851.25968E-6	40.839370E-3	830.98229E-6
821.99997E-6	40.957026E-3	823.47449E-6	40.680800E-3	823.06215E-6	40.640425E-3	890.54095E-6	40.863212E-3	855.96472E-6
823.99999E-6	40.950175E-3	891.81465E-6	40.667351E-3	746.29881E-6	40.659431E-3	845.02768E-6	40.905382E-3	864.63569E-6
826.00000E-6	40.987995E-3	872.22672E-6	40.647924E-3	748.46303E-6	40.650886E-3	782.73902E-6	40.942330E-3	767.45148E-6
828.00002E-6	41.007821E-3	814.15096E-6	40.632389E-3	862.01512E-6	40.621344E-3	757.65187E-6	40.977705E-3	761.78351E-6
830.00003E-6	41.014202E-3	761.63188E-6	40.653590E-3	885.74825E-6	40.588766E-3	784.81570E-6	40.866952E-3	835.71475E-6
831.99993E-6	41.008621E-3	751.80613E-6	40.631477E-3	818.17701E-6	40.490810E-3	854.08607E-6	40.897403E-3	891.59032E-6
833.99995E-6	41.036680E-3	826.72370E-6	40.663209E-3	767.19472E-6	40.376965E-3	881.14507E-6	40.987335E-3	839.98305E-6
835.99996E-6	40.973168E-3	867.31336E-6	40.690478E-3	768.00300E-6	40.296722E-3	839.24376E-6	41.045316E-3	765.37009E-6
837.99998E-6	41.019961E-3	877.78963E-6	40.676173E-3	836.88612E-6	40.201202E-3	762.13916E-6	41.076336E-3	771.65541E-6
839.99999E-6	41.287519E-3	812.16323E-6	40.808193E-3	883.08309E-6	40.239282E-3	732.28934E-6	41.164812E-3	857.24279E-6
842.00001E-6	41.348539E-3	741.86485E-6	40.801179E-3	836.64304E-6	40.266693E-3	776.26156E-6	41.144237E-3	859.46097E-6
844.00002E-6	41.405655E-3	737.17866E-6	40.778495E-3	754.14806E-6	40.365607E-3	855.02816E-6	41.092519E-3	799.10719E-6
846.00004E-6	41.356582E-3	792.23030E-6	40.747136E-3	728.50316E-6	40.474787E-3	863.06891E-6	41.029818E-3	724.89574E-6
847.99994E-6	41.253917E-3	875.23181E-6	40.760197E-3	838.36145E-6	40.547933E-3	821.35724E-6	41.088440E-3	782.26655E-6
849.99995E-6	41.170526E-3	860.61138E-6	40.731333E-3	857.72132E-6	40.624317E-3	746.69096E-6	41.010354E-3	859.43524E-6
851.99997E-6	41.026402E-3	796.20245E-6	40.747389E-3	825.55501E-6	40.677503E-3	735.44198E-6	40.925592E-3	849.39384E-6
853.99998E-6	40.969782E-3	737.95009E-6	40.799059E-3	757.24267E-6	40.660053E-3	807.29363E-6	40.759876E-3	774.18785E-6
856.00000E-6	40.930767E-3	737.45480E-6	40.758908E-3	743.49070E-6	40.603135E-3	845.80551E-6	40.763281E-3	732.55005E-6
858.00001E-6	40.974893E-3	808.96838E-6	40.896036E-3	800.54183E-6	40.739853E-3	830.70883E-6	40.874984E-3	785.49754E-6
860.00003E-6	41.017856E-3	845.78909E-6	40.801406E-3	857.04197E-6	40.702939E-3	789.65188E-6	40.794279E-3	865.26352E-6
862.00004E-6	40.992901E-3	834.88057E-6	40.807772E-3	840.98527E-6	40.699065E-3	732.66705E-6	40.790781E-3	842.40036E-6
863.99994E-6	40.993288E-3	784.81110E-6	40.802453E-3	741.41356E-6	40.725376E-3	711.45757E-6	40.804420E-3	728.59094E-6
865.99996E-6	40.971208E-3	738.75592E-6	40.786538E-3	714.62238E-6	40.729050E-3	779.08154E-6	40.761452E-3	769.90167E-6
867.99997E-6	41.033931E-3	732.06559E-6	40.762417E-3	774.03215E-6	40.800508E-3	860.50091E-6	40.772237E-3	826.39302E-6
869.99999E-6	40.987402E-3	780.07521E-6	40.816590E-3	835.58029E-6	40.862758E-3	841.27113E-6	40.736105E-3	850.32894E-6
872.00000E-6	40.895235E-3	878.60727E-6	40.788800E-3	862.89895E-6	40.964194E-3	783.05684E-6	40.703438E-3	796.33365E-6
874.00002E-6	40.722776E-3	858.88687E-6	40.814765E-3	780.83912E-6	41.039657E-3	719.64180E-6	40.693536E-3	735.02265E-6
876.00003E-6	40.658914E-3	782.16864E-6	40.809866E-3	737.02406E-6	41.124031E-3	730.95557E-6	40.730633E-3	757.90164E-6
877.99993E-6	40.654629E-3	719.80082E-6	40.888861E-3	758.32638E-6	41.243594E-3	798.75690E-6	40.804204E-3	847.50395E-6
879.99995E-6	40.571067E-3	717.13532E-6	40.872600E-3	846.33910E-6	41.221593E-3	866.26381E-6	40.809620E-3	854.40598E-6
881.99996E-6	40.635254E-3	797.22964E-6	40.867697E-3	844.25055E-6	41.200705E-3	823.91693E-6	40.798187E-3	762.08200E-6
883.99998E-6	40.789489E-3	855.25005E-6	40.520195E-3	777.55534E-6	41.119847E-3	754.35068E-6	40.777881E-3	711.09284E-6
885.99999E-6	40.844474E-3	798.74182E-6	40.552083E-3	721.68966E-6	41.053962E-3	731.36482E-6	40.749013E-3	780.42777E-6
888.00001E-6	40.944636E-3	744.30881E-6	40.537763E-3	757.89163E-6	40.993996E-3	725.93824E-6	40.744439E-3	839.27641E-6
890.00002E-6	40.991403E-3	718.03748E-6	40.549140E-3	841.37090E-6	40.977880E-3	814.69235E-6	40.682908E-3	812.40269E-6
892.00004E-6	41.026745E-3	736.66498E-6	40.557958E-3	838.17297E-6	40.966358E-3	835.77237E-6	40.648073E-3	734.54389E-6
893.99994E-6	41.043207E-3	809.45209E-6	40.565480E-3	769.37070E-6	40.964872E-3	837.07477E-6	40.624127E-3	712.07806E-6
895.99995E-6	41.020725E-3	827.54361E-6	40.607486E-3	700.21255E-6	40.882196E-3	762.68677E-6	40.578678E-3	800.69131E-6
897.99997E-6	41.034341E-3	814.94753E-6	40.632505E-3	751.59408E-6	40.896956E-3	696.14226E-6	40.636171E-3	857.18761E-6
899.99998E-6	41.064765E-3	730.45411E-6	40.583439E-3	816.78363E-6	40.876307E-3	726.19971E-6	40.745050E-3	809.48469E-6
902.00000E-6	41.065045E-3	720.71905E-6	40.700279E-3	837.12180E-6	40.839758E-3	805.20747E-6	40.684082E-3	699.29106E-6
904.00001E-6	41.077901E-3	753.26755E-6	40.744305E-3	750.88377E-6	40.859643E-3	867.56272E-6	40.665012E-3	741.58073E-6
906.00003E-6	41.165836E-3	823.81588E-6	40.744502E-3	700.58578E-6	40.836208E-3	830.93741E-6	40.613327E-3	824.73666E-6
908.00005E-6	41.271452E-3	838.20487E-6	40.759031E-3	757.87352E-6	40.728953E-3	736.99595E-6	40.617164E-3	843.64344E-6
909.99994E-6	41.370664E-3	821.82721E-6	40.738136E-3	812.20508E-6	40.714834E-3	682.24705E-6	40.574435E-3	779.28591E-6
911.99996E-6	41.579328E-3	741.44057E-6	40.801477E-3	822.24765E-6	40.599775E-3	746.49847E-6	40.524658E-3	712.13738E-6
913.99997E-6	41.563183E-3	697.37691E-6	40.857904E-3	771.50890E-6	40.514529E-3	812.23808E-6	40.535215E-3	740.14952E-6
915.99999E-6	41.462388E-3	750.39623E-6	40.810131E-3	741.67876E-6	40.408820E-3	845.31808E-6	40.555827E-3	849.63936E-6
918.00001E-6	41.371167E-3	822.55004E-6	40.844124E-3	754.73677E-6	40.438905E-3	807.77897E-6	40.499739E-3	840.48964E-6
920.00002E-6	41.260391E-3	848.71182E-6	40.819582E-3	819.69227E-6	40.514447E-3	743.77621E-6	40.537179E-3	750.53010E-6
922.00004E-6	41.281894E-3	806.88630E-6	40.843103E-3	840.61851E-6	40.575221E-3	732.17490E-6	40.669490E-3	707.47011E-6
923.99993E-6	41.300692E-3	738.34381E-6	40.858876E-3	747.02979E-6	40.670525E-3	754.57612E-6	40.857680E-3	781.52824E-6
925.99995E-6	41.267376E-3	715.48490E-6	40.798824E-3	700.80452E-6	40.720101E-3	864.00285E-6	40.866710E-3	857.37417E-6
927.99996E-6	41.300930E-3	752.90294E-6	40.847160E-3	767.27924E-6	40.735308E-3	859.83420E-6	40.898886E-3	837.14176E-6
929.99998E-6	41.128952E-3	824.57613E-6	40.831946E-3	842.08505E-6	40.713698E-3	770.34981E-6	40.867805E-3	720.59425E-6
932.00000E-6	41.154172E-3	845.05696E-6	40.854447E-3	831.25441E-6	40.693056E-3	696.34087E-6	40.881809E-3	734.48097E-6
934.00001E-6	41.129705E-3	824.96263E-6	40.854998E-3	734.35879E-6	40.654164E-3	727.84699E-6	40.919811E-3	800.77566E-6
936.00003E-6	41.041072E-3	753.55283E-6	40.811863E-3	732.91094E-6	40.563792E-3	773.49902E-6	40.876523E-3	878.92392E-6
938.00004E-6	40.974792E-3	714.09059E-6	40.835548E-3	801.15505E-6	40.555201E-3	847.12205E-6	40.863484E-3	775.57453E-6
939.99994E-6	40.917598E-3	738.56296E-6	40.791944E-3	869.45359E-6	40.574301E-3	861.83148E-6	40.771618E-3	718.41193E-6
941.99996E-6	40.837985E-3	834.03534E-6	40.828902E-3	849.46712E-6	40.616047E-3	800.06005E-6	40.734094E-3	753.57355E-6
943.99997E-6	40.726542E-3	855.92055E-6	40.799886E-3	745.21441E-6	40.655483E-3	747.67548E-6	40.699560E-3	857.64442E-6
945.99999E-6	40.548280E-3	833.12154E-6	40.758647E-3	730.44247E-6	40.789437E-3	744.74199E-6	40.746309E-3	852.85405E-6
948.00000E-6	40.498588E-3	756.08020E-6	40.744711E-3	806.69916E-6	40.856417E-3	801.52956E-6	40.846303E-3	784.91669E-6
950.00002E-6	40.567290E-3	721.83739E-6	40.735438E-3	873.80200E-6	40.978454E-3	853.21412E-6	40.850796E-3	710.62340E-6
952.00003E-6	40.678695E-3	781.76294E-6	40.743969E-3	804.94140E-6	41.135430E-3	866.62167E-6	40.789507E-3	799.06947E-6
953.99993E-6	40.602349E-3	859.92139E-6	40.655833E-3	764.34476E-6	41.025382E-3	801.56280E-6	40.661268E-3	888.71020E-6
955.99995E-6	40.675271E-3	895.06520E-6	40.635161E-3	754.32158E-6	41.014098E-3	755.53940E-6	40.686298E-3	870.84400E-6
957.99996E-6	40.756535E-3	839.33305E-6	40.703624E-3	854.73486E-6	40.895134E-3	744.99886E-6	40.712439E-3	776.45789E-6
959.99998E-6	40.747561E-3	751.83908E-6	40.693395E-3	903.26491E-6	40.818989E-3	819.32725E-6	40.668283E-3	742.00815E-6
961.99999E-6	40.792923E-3	735.28639E-6	40.646579E-3	835.95928E-6	40.722866E-3	878.35145E-6	40.724501E-3	811.96619E-6
964.00001E-6	40.814176E-3	777.76401E-6	40.566698E-3	755.22903E-6	40.699750E-3	872.56328E-6	40.808015E-3	888.59349E-6
966.00002E-6	40.765241E-3	874.64758E-6	40.533222E-3	760.45044E-6	40.648803E-3	775.74915E-6	40.798396E-3	844.56574E-6
968.00004E-6	40.792331E-3	882.08524E-6	40.504470E-3	876.21453E-6	40.653367E-3	742.38388E-6	40.807374E-3	755.21489E-6
969.99994E-6	40.839713E-3	846.63939E-6	40.571418E-3	886.85047E-6	40.646460E-3	785.30627E-6	40.815331E-3	740.52560E-6
971.99995E-6	40.854488E-3	758.30147E-6	40.559962E-3	809.08096E-6	40.608577E-3	839.69365E-6	40.845398E-3	826.55455E-6
973.99997E-6	40.741783E-3	756.02153E-6	40.450912E-3	769.41651E-6	40.458784E-3	907.82606E-6	40.710542E-3	910.99087E-6
975.99998E-6	40.835708E-3	805.83675E-6	40.424321E-3	796.28383E-6	40.424936E-3	863.77497E-6	40.684979E-3	849.45443E-6
978.00000E-6	40.862102E-3	883.02389E-6	40.438492E-3	892.97799E-6	40.403474E-3	794.89825E-6	40.741980E-3	733.50605E-6
980.00001E-6	40.930521E-3	885.90744E-6	40.496830E-3	891.88840E-6	40.391263E-3	760.68111E-6	40.785380E-3	776.31167E-6
982.00003E-6	40.877540E-3	856.56601E-6	40.475853E-3	823.68014E-6	40.379915E-3	809.17019E-6	40.862191E-3	874.44176E-6
984.00004E-6	40.816184E-3	787.74570E-6	40.498506E-3	774.03028E-6	40.313046E-3	903.44175E-6	41.000996E-3	911.75811E-6
985.99994E-6	40.526375E-3	744.98798E-6	40.484261E-3	817.51659E-6	40.274814E-3	918.78540E-6	41.051034E-3	830.41453E-6
987.99996E-6	40.444270E-3	785.51396E-6	40.503163E-3	875.75190E-6	40.220447E-3	855.17444E-6	41.003909E-3	765.33516E-6
989.99997E-6	40.372543E-3	857.70671E-6	40.733356E-3	886.42532E-6	40.153410E-3	754.93922E-6	40.991742E-3	791.63385E-6
991.99999E-6	40.175948E-3	930.34940E-6	40.457822E-3	825.96857E-6	39.893992E-3	789.54437E-6	40.799517E-3	892.38881E-6
994.00000E-6	40.174402E-3	882.93880E-6	40.451385E-3	794.89884E-6	39.805185E-3	848.29243E-6	40.789820E-3	915.71826E-6
996.00002E-6	40.126722E-3	797.28820E-6	40.321469E-3	846.28555E-6	39.802231E-3	898.78618E-6	40.773679E-3	830.01470E-6
998.00003E-6	40.121749E-3	773.01939E-6	40.521137E-3	934.27848E-6	39.801937E-3	938.87915E-6	40.828157E-3	790.44711E-6
999.99993E-6	40.130194E-3	824.92788E-6	40.589966E-3	920.57639E-6	39.882950E-3	842.71363E-6	40.834460E-3	830.12623E-6
