Experiment	Sweeper	
Saved Date	30.06.2023 21:14:44	
User		
Date		
Start time	30.06.2023 21:02:39	
Sweep channel: Name	Output 2 (V)	
Sweep channel: Start (V)	-200E-6	
Sweep channel: Stop (V)	1E-3	
Sweep channel: Points	601	
Sweep channel: Max slew rate (V/s)	Inf	
Sweep channel: Initial settling time (s)	20E+3	
Sweep channel: End settling time (s)	2E+0	
Sweep channel: Backward sweep	TRUE	
Sweep channel: Number of sweeps	2	
Sweep channel: Reset	FALSE	
Step channel 1: Name	Output 3 (V)	
Step channel 1: Start (V)	50E-3	
Step channel 1: Stop (V)	50E-3	
Step channel 1: Points	2	
Step channel 1: Max slew rate (V/s)	10E+0	
Step channel 1:  Initial settling time (s)	2E+0	
Step channel 1: End settling time (s)	2E+0	
Step channel 1: Backward sweep	FALSE	
Step channel 1: Reset	FALSE	
Sweep Type	2D-Both RT	
Acquire channels	Input 1 (V);LI Demod 3 X (V)	
Filter type	None	
Order		
Cutoff frq		

[DATA]
Output 2 Setp. (V)	Input 1 [00001] (V)	LI Demod 3 X [00001] (V)	Input 1 [00002] (V)	LI Demod 3 X [00002] (V)	Input 1 [00001] [bwd] (V)	LI Demod 3 X [00001] [bwd] (V)	Input 1 [00002] [bwd] (V)	LI Demod 3 X [00002] [bwd] (V)
-199.99999E-6	40.333390E-3	786.83282E-6	40.472001E-3	787.07683E-6	40.354230E-3	781.11002E-6	40.267441E-3	783.39269E-6
-197.99999E-6	40.342215E-3	850.67557E-6	40.569965E-3	849.36887E-6	40.408656E-3	775.16073E-6	40.319569E-3	778.75820E-6
-195.99999E-6	40.316038E-3	894.78708E-6	40.665824E-3	907.24806E-6	40.547177E-3	823.15557E-6	40.410176E-3	824.56152E-6
-193.99999E-6	40.401530E-3	891.81081E-6	40.700763E-3	874.61877E-6	40.649895E-3	890.72943E-6	40.427741E-3	899.00591E-6
-191.99999E-6	40.435910E-3	836.87424E-6	40.683098E-3	826.35740E-6	40.649246E-3	900.58090E-6	40.528599E-3	867.71976E-6
-189.99999E-6	40.567096E-3	752.86132E-6	40.735472E-3	744.65881E-6	40.701117E-3	822.88706E-6	40.605672E-3	783.21545E-6
-187.99999E-6	40.695466E-3	800.85226E-6	40.739644E-3	770.65715E-6	40.685650E-3	747.08078E-6	40.610626E-3	771.35774E-6
-185.99999E-6	40.780671E-3	853.77449E-6	40.718466E-3	837.72151E-6	40.696364E-3	750.72987E-6	40.654860E-3	846.20155E-6
-183.99999E-6	40.842902E-3	906.24491E-6	40.739916E-3	897.57086E-6	40.676940E-3	813.82238E-6	40.649444E-3	898.98589E-6
-181.99999E-6	40.853996E-3	859.48932E-6	40.741760E-3	847.58096E-6	40.727191E-3	861.25912E-6	40.751588E-3	820.47749E-6
-180.00000E-6	40.867586E-3	786.96973E-6	40.833097E-3	777.55452E-6	40.747296E-3	887.55810E-6	40.735606E-3	751.11090E-6
-177.99999E-6	40.856600E-3	762.77734E-6	40.990815E-3	746.20830E-6	40.874120E-3	830.58677E-6	40.730737E-3	781.55263E-6
-176.00000E-6	40.884521E-3	804.94036E-6	41.049294E-3	799.40405E-6	41.002575E-3	754.55202E-6	40.705703E-3	883.87431E-6
-174.00000E-6	40.849097E-3	868.90708E-6	41.073464E-3	862.14172E-6	41.144870E-3	733.57194E-6	40.663455E-3	890.54898E-6
-172.00000E-6	40.827833E-3	904.36923E-6	40.982269E-3	900.14341E-6	41.069597E-3	814.11755E-6	40.609855E-3	820.05834E-6
-170.00000E-6	40.813986E-3	820.78943E-6	40.813282E-3	871.11088E-6	41.081864E-3	899.47332E-6	40.546179E-3	741.18940E-6
-168.00000E-6	40.882606E-3	746.20428E-6	40.738806E-3	785.12868E-6	40.943705E-3	914.02623E-6	40.520851E-3	818.97073E-6
-166.00000E-6	40.841617E-3	759.30043E-6	40.621188E-3	724.51320E-6	40.863194E-3	848.64890E-6	40.505521E-3	927.87441E-6
-164.00000E-6	40.906832E-3	825.97695E-6	40.595394E-3	782.81458E-6	40.855404E-3	780.24995E-6	40.569004E-3	880.93674E-6
-162.00000E-6	40.976271E-3	891.35399E-6	40.548608E-3	849.45298E-6	40.785309E-3	743.97743E-6	40.562633E-3	780.96683E-6
-160.00000E-6	40.982008E-3	874.58163E-6	40.575974E-3	903.64221E-6	40.762994E-3	821.98239E-6	40.561382E-3	793.25231E-6
-158.00000E-6	40.873751E-3	786.63236E-6	40.546935E-3	865.81276E-6	40.755570E-3	911.92283E-6	40.592723E-3	850.82726E-6
-155.99999E-6	40.944520E-3	739.34830E-6	40.574715E-3	773.35385E-6	40.725686E-3	920.34182E-6	40.606059E-3	928.47296E-6
-153.99999E-6	40.994268E-3	775.28518E-6	40.634502E-3	748.87194E-6	40.813062E-3	853.01104E-6	40.635172E-3	884.04096E-6
-151.99999E-6	40.943541E-3	872.79815E-6	40.510379E-3	826.29535E-6	40.153056E-3	1.3867615E-3	40.204998E-3	1.0747177E-3
-149.99999E-6	40.946051E-3	921.41319E-6	40.457077E-3	889.71289E-6	39.730597E-3	1.1477723E-3	39.860804E-3	1.0297066E-3
-147.99999E-6	40.894121E-3	872.08959E-6	40.393054E-3	928.65631E-6	40.118899E-3	989.61371E-6	40.068273E-3	1.0765918E-3
-145.99999E-6	40.874932E-3	788.64692E-6	40.331334E-3	904.85800E-6	40.080946E-3	1.1827328E-3	40.336259E-3	1.1588330E-3
-143.99999E-6	40.860411E-3	775.93990E-6	40.155500E-3	796.35531E-6	40.202547E-3	1.3694663E-3	40.592115E-3	1.0160531E-3
-141.99999E-6	40.780459E-3	814.65219E-6	40.083408E-3	778.81903E-6	40.177047E-3	1.3046145E-3	40.318262E-3	1.0677162E-3
-139.99999E-6	40.700510E-3	917.65850E-6	40.106382E-3	833.98144E-6	39.661214E-3	1.3422437E-3	40.141769E-3	955.54168E-6
-138.00000E-6	40.668327E-3	915.65162E-6	40.179834E-3	895.43319E-6	38.872611E-3	1.2772370E-3	40.258098E-3	1.1445516E-3
-135.99999E-6	40.595781E-3	822.80010E-6	40.301938E-3	926.00391E-6	39.212931E-3	1.2369684E-3	40.311195E-3	1.3484842E-3
-134.00000E-6	39.703194E-3	1.1040448E-3	40.011019E-3	1.0316611E-3	34.428041E-3	3.1847516E-3	37.689660E-3	2.4406190E-3
-131.99999E-6	39.820362E-3	1.1981725E-3	39.948929E-3	1.0420324E-3	35.810966E-3	2.6799920E-3	37.320349E-3	2.7544880E-3
-130.00000E-6	40.168524E-3	1.2327062E-3	39.798215E-3	1.3692001E-3	35.903905E-3	2.3748106E-3	37.316114E-3	3.1645410E-3
-127.99999E-6	39.981488E-3	1.0325266E-3	40.164497E-3	1.3667807E-3	36.974993E-3	2.5936309E-3	35.754371E-3	3.3082194E-3
-126.00000E-6	39.702263E-3	1.1268633E-3	40.407699E-3	1.3174774E-3	34.947589E-3	2.7049980E-3	36.367208E-3	2.7931163E-3
-124.00000E-6	40.000062E-3	911.66585E-6	40.115304E-3	1.1098349E-3	35.824057E-3	3.1986188E-3	37.470751E-3	2.5886598E-3
-122.00000E-6	40.020499E-3	1.0393182E-3	39.554026E-3	1.0794926E-3	35.353649E-3	3.2191745E-3	36.887340E-3	2.8592024E-3
-120.00000E-6	40.145975E-3	1.2121833E-3	39.761439E-3	1.0146123E-3	36.220945E-3	2.2757335E-3	35.238918E-3	3.2024796E-3
-118.00000E-6	40.325616E-3	1.1321191E-3	39.931100E-3	1.3565460E-3	36.622394E-3	2.7337749E-3	35.576466E-3	3.1839178E-3
-116.00000E-6	40.134061E-3	1.0500402E-3	40.167980E-3	1.4635285E-3	36.369305E-3	2.1955937E-3	36.314733E-3	2.6611276E-3
-113.99999E-6	36.434304E-3	3.2931725E-3	36.125958E-3	2.8711038E-3	31.056177E-3	-63.785876E-6	30.971909E-3	-53.585612E-6
-111.99999E-6	37.161499E-3	3.0546864E-3	35.397712E-3	3.2981401E-3	31.171972E-3	1.9631327E-6	30.974729E-3	-57.360707E-6
-109.99999E-6	37.682198E-3	2.7055054E-3	35.393219E-3	3.2412433E-3	31.259317E-3	50.340626E-6	30.913992E-3	11.671781E-6
-107.99999E-6	36.839213E-3	2.8224566E-3	35.894923E-3	2.8807020E-3	32.271605E-3	474.13100E-6	30.949298E-3	68.429632E-6
-105.99999E-6	35.527498E-3	3.1312446E-3	38.165405E-3	2.8093385E-3	31.458169E-3	-13.620243E-6	31.041654E-3	8.5610782E-6
-103.99999E-6	35.325844E-3	3.2359541E-3	37.476700E-3	2.5355122E-3	31.434085E-3	-51.714611E-6	30.882297E-3	-69.772570E-6
-102.00000E-6	36.695443E-3	2.9774080E-3	36.337983E-3	2.8089639E-3	31.364549E-3	-56.845583E-6	30.806903E-3	-48.008635E-6
-99.999997E-6	37.719745E-3	2.4434077E-3	35.338469E-3	3.2400456E-3	31.296276E-3	3.0746844E-6	30.804286E-3	37.764134E-6
-97.999997E-6	37.164822E-3	2.4195830E-3	34.325428E-3	3.2320942E-3	32.387108E-3	2.4747555E-3	30.821797E-3	69.039233E-6
-95.999996E-6	36.558721E-3	3.0140518E-3	34.920227E-3	2.8678197E-3	36.770586E-3	3.0498838E-3	30.773677E-3	-18.557535E-6
-93.999995E-6	31.371053E-3	599.41132E-6	31.026574E-3	-56.821900E-6	32.977730E-3	299.72955E-6	30.816203E-3	-94.270625E-6
-91.999995E-6	31.427920E-3	782.21888E-6	31.016121E-3	361.08508E-6	33.553395E-3	289.56169E-6	30.791972E-3	-27.353350E-6
-89.999994E-6	30.592896E-3	-71.896269E-6	32.023799E-3	500.81435E-6	31.919766E-3	709.37478E-6	30.828910E-3	57.750935E-6
-87.999993E-6	30.686481E-3	509.84183E-6	31.054240E-3	77.406796E-6	31.214545E-3	2.9772091E-6	30.855374E-3	36.941099E-6
-85.999993E-6	30.704126E-3	-7.9852043E-6	31.753626E-3	454.85605E-6	33.620097E-3	1.1150321E-3	30.830696E-3	-61.001101E-6
-83.999992E-6	30.799894E-3	65.010056E-6	30.910177E-3	653.04706E-6	31.139670E-3	65.999891E-6	30.830178E-3	-73.584357E-6
-81.999999E-6	31.718276E-3	727.57143E-6	30.854100E-3	-74.405973E-6	34.811102E-3	1.8405340E-3	30.811355E-3	13.441650E-6
-79.999998E-6	30.900950E-3	-46.206471E-6	30.740853E-3	-52.035877E-6	34.845166E-3	2.2012368E-3	30.731693E-3	80.024744E-6
-77.999997E-6	30.912420E-3	-89.025103E-6	30.648524E-3	36.245849E-6	32.056376E-3	2.5140748E-3	30.816628E-3	-9.5323494E-6
-75.999997E-6	31.031480E-3	-26.981321E-6	30.561939E-3	63.799875E-6	30.873498E-3	817.34811E-9	30.694759E-3	-86.805427E-6
-73.999996E-6	31.030597E-3	53.315303E-6	30.647894E-3	15.504456E-6	30.777425E-3	54.191569E-6	30.699600E-3	-29.939149E-6
-71.999995E-6	31.093214E-3	68.287336E-6	30.751914E-3	-36.298719E-6	30.685671E-3	61.004161E-6	30.633125E-3	36.851416E-6
-69.999995E-6	31.098438E-3	-6.5879226E-6	30.853676E-3	-76.043791E-6	30.709948E-3	-37.709822E-6	30.597450E-3	73.871961E-6
-67.999994E-6	31.095568E-3	-67.194087E-6	30.966632E-3	-43.705353E-6	30.783208E-3	-61.057770E-6	30.637883E-3	-25.138579E-6
-65.999993E-6	31.116642E-3	-57.394482E-6	31.024657E-3	42.328964E-6	30.830570E-3	-76.484299E-6	30.684100E-3	-68.733549E-6
-63.999993E-6	31.084538E-3	-20.395035E-6	31.107077E-3	53.940956E-6	31.715199E-3	646.72873E-6	30.785479E-3	8.2873439E-6
-61.999992E-6	31.123443E-3	62.072766E-6	31.065069E-3	17.561577E-6	30.941190E-3	54.578853E-6	30.899243E-3	80.482285E-6
-59.999991E-6	31.149084E-3	30.786025E-6	31.078335E-3	-49.927901E-6	31.001089E-3	44.147695E-6	30.926479E-3	30.353236E-6
-57.999991E-6	31.086681E-3	-50.628016E-6	31.083435E-3	-69.961119E-6	31.031279E-3	-11.499169E-6	30.989042E-3	-57.257934E-6
-55.999990E-6	31.189898E-3	-76.116114E-6	31.127973E-3	-40.122723E-6	31.022951E-3	-72.920608E-6	31.027243E-3	-50.032697E-6
-53.999989E-6	31.179139E-3	-44.009554E-6	31.103872E-3	12.505526E-6	31.012909E-3	-62.296902E-6	31.060420E-3	24.653868E-6
-51.999989E-6	31.195864E-3	27.810209E-6	31.180019E-3	89.014029E-6	31.003742E-3	22.918475E-6	31.104840E-3	51.258477E-6
-50.000002E-6	31.165490E-3	80.914921E-6	31.266071E-3	32.404874E-6	31.001098E-3	64.826389E-6	31.145275E-3	-26.961889E-6
-48.000002E-6	31.211078E-3	20.304407E-6	31.309031E-3	-49.154765E-6	31.008204E-3	46.555571E-6	31.175163E-3	-94.982192E-6
-46.000001E-6	31.285111E-3	-33.587890E-6	31.422690E-3	-81.948361E-6	31.027766E-3	-39.638260E-6	31.093987E-3	-1.3483743E-6
-44.000000E-6	31.353578E-3	-79.725112E-6	31.482298E-3	-33.315700E-6	31.079601E-3	-74.801676E-6	31.131679E-3	64.573411E-6
-42.000000E-6	31.419031E-3	-31.624611E-6	31.475209E-3	26.372021E-6	31.161999E-3	-57.199846E-6	31.105788E-3	38.259644E-6
-39.999999E-6	31.343978E-3	39.193292E-6	31.266462E-3	65.599925E-6	31.319950E-3	42.104395E-6	31.118691E-3	-48.886632E-6
-37.999998E-6	31.353358E-3	60.597056E-6	31.163426E-3	31.691899E-6	31.388808E-3	71.640512E-6	31.147705E-3	-74.460557E-6
-35.999998E-6	31.340349E-3	18.332907E-6	31.053465E-3	-43.497486E-6	31.504937E-3	9.8833871E-6	31.173360E-3	22.080074E-6
-33.999997E-6	31.290632E-3	-55.707569E-6	30.968729E-3	-72.193943E-6	31.500775E-3	-43.526536E-6	31.216351E-3	63.332242E-6
-31.999996E-6	31.225275E-3	-58.656584E-6	30.909821E-3	-55.843593E-6	31.465434E-3	-93.249502E-6	31.548802E-3	-24.728824E-6
-29.999996E-6	31.136721E-3	-2.0643981E-6	30.899949E-3	28.112674E-6	31.323045E-3	-45.192955E-6	31.484392E-3	-68.335619E-6
-27.999995E-6	31.031264E-3	67.697576E-6	30.894883E-3	86.565917E-6	31.266183E-3	25.365298E-6	31.516399E-3	-28.770706E-6
-25.999994E-6	30.953500E-3	64.190819E-6	30.889174E-3	35.244546E-6	31.223260E-3	63.358391E-6	31.545110E-3	60.973794E-6
-23.999994E-6	30.929238E-3	-24.563738E-6	30.871423E-3	-43.380380E-6	31.183811E-3	27.331598E-6	31.677894E-3	53.952863E-6
-21.999993E-6	30.888738E-3	-70.233305E-6	30.861929E-3	-64.615830E-6	31.191615E-3	-56.281719E-6	31.806711E-3	-40.740691E-6
-19.999992E-6	30.879576E-3	-51.968909E-6	30.869238E-3	-47.751204E-6	31.172456E-3	-71.708950E-6	31.839512E-3	-77.612713E-6
-17.999992E-6	30.861946E-3	34.585639E-6	30.830715E-3	19.570512E-6	31.168111E-3	-37.428974E-6	31.819817E-3	19.581634E-6
-15.999991E-6	30.863678E-3	70.089569E-6	30.731276E-3	41.541291E-6	31.192331E-3	61.963554E-6	31.773742E-3	70.697897E-6
-13.999990E-6	30.891567E-3	41.244264E-6	30.613041E-3	17.265716E-6	31.137841E-3	47.673766E-6	31.759534E-3	43.800988E-6
-11.999990E-6	30.889310E-3	-32.957745E-6	30.533114E-3	-25.225358E-6	31.115336E-3	906.22439E-9	31.747807E-3	-69.994312E-6
-9.9999888E-6	30.910775E-3	-75.985852E-6	30.510474E-3	-93.706702E-6	31.117436E-3	-56.644109E-6	31.666499E-3	-54.337310E-6
-7.9999882E-6	30.835256E-3	-40.390092E-6	30.585285E-3	-44.553850E-6	31.073812E-3	-83.854429E-6	31.637549E-3	35.475918E-6
-6.0000020E-6	30.817047E-3	23.184773E-6	30.709404E-3	34.693785E-6	30.944953E-3	-36.731970E-6	31.548128E-3	73.271316E-6
-4.0000014E-6	30.818155E-3	53.717496E-6	30.788748E-3	69.510264E-6	30.848207E-3	44.217548E-6	31.537939E-3	-7.3316251E-6
-2.0000007E-6	30.744419E-3	8.3796504E-6	30.905515E-3	48.752234E-6	30.803470E-3	55.974615E-6	31.468455E-3	-73.400734E-6
0.0000000E+0	30.643370E-3	-50.364972E-6	30.977899E-3	-32.165521E-6	30.701622E-3	1.6135638E-6	31.436875E-3	-43.311229E-6
2.0000007E-6	30.585196E-3	-61.053339E-6	31.003866E-3	-67.902351E-6	30.662205E-3	-70.915303E-6	31.401161E-3	40.912470E-6
4.0000014E-6	30.556271E-3	-30.172554E-6	31.002041E-3	-42.582782E-6	30.696016E-3	-53.036907E-6	31.378403E-3	66.156696E-6
6.0000020E-6	30.538607E-3	64.868844E-6	31.061020E-3	8.6198388E-6	30.759299E-3	4.8858551E-6	31.395733E-3	-47.444792E-6
8.0000027E-6	30.539917E-3	78.534125E-6	31.079924E-3	63.820262E-6	30.844146E-3	64.907770E-6	31.375781E-3	-79.953090E-6
10.000003E-6	30.580247E-3	15.486708E-6	31.110983E-3	23.166464E-6	30.917153E-3	59.999711E-6	31.206833E-3	-16.706477E-6
12.000004E-6	30.594131E-3	-78.412071E-6	31.145962E-3	-29.696192E-6	31.014346E-3	11.320408E-6	31.082099E-3	61.054816E-6
14.000005E-6	30.652735E-3	-60.749906E-6	31.207560E-3	-81.243990E-6	30.975552E-3	-71.464150E-6	31.092340E-3	19.229714E-6
16.000005E-6	30.710969E-3	24.517620E-6	31.323288E-3	-41.315754E-6	31.002214E-3	-74.669864E-6	31.101160E-3	-35.946770E-6
18.000006E-6	30.819600E-3	89.387060E-6	31.367138E-3	29.400388E-6	31.016976E-3	-9.8316714E-6	31.053059E-3	-81.824430E-6
20.000007E-6	30.878559E-3	48.440354E-6	31.434897E-3	71.454611E-6	31.035645E-3	58.992602E-6	30.950801E-3	25.102592E-6
22.000007E-6	30.878937E-3	-28.506951E-6	31.337898E-3	58.192505E-6	31.071546E-3	39.833332E-6	30.905347E-3	89.756009E-6
24.000008E-6	30.897839E-3	-90.926806E-6	31.222036E-3	-18.593752E-6	31.069094E-3	-14.446136E-6	30.902719E-3	-9.4034385E-6
26.000009E-6	30.901395E-3	-43.983109E-6	31.066161E-3	-44.337201E-6	31.100951E-3	-65.518216E-6	30.920707E-3	-59.610607E-6
28.000009E-6	30.893331E-3	40.838859E-6	30.896997E-3	-62.787316E-6	31.148311E-3	-90.457972E-6	30.847436E-3	-43.103373E-6
30.000010E-6	30.886106E-3	66.212211E-6	30.847818E-3	4.9368946E-6	31.175938E-3	457.47379E-9	30.837027E-3	49.368868E-6
32.000011E-6	30.902298E-3	24.418890E-6	30.782208E-3	57.298614E-6	31.273942E-3	67.386951E-6	30.771783E-3	52.652376E-6
34.000012E-6	30.907707E-3	-33.279804E-6	30.799085E-3	52.415049E-6	31.319689E-3	39.551898E-6	30.708401E-3	-13.541096E-6
35.999998E-6	30.950265E-3	-78.567042E-6	30.788651E-3	-27.486802E-6	31.478811E-3	11.054637E-6	30.634053E-3	-67.055007E-6
37.999998E-6	30.940466E-3	-34.205197E-6	30.757543E-3	-83.467428E-6	31.546373E-3	-70.754970E-6	30.542096E-3	-19.958652E-6
39.999999E-6	30.995425E-3	30.758161E-6	30.764770E-3	-71.234361E-6	31.539135E-3	-58.558075E-6	30.510833E-3	78.032703E-6
42.000000E-6	31.110844E-3	52.915329E-6	30.723970E-3	-16.866959E-6	31.463087E-3	15.698635E-6	30.534705E-3	32.350879E-6
44.000000E-6	31.128280E-3	36.591027E-6	30.663984E-3	60.736995E-6	31.302780E-3	68.982365E-6	30.557454E-3	-76.072560E-6
46.000016E-6	31.202022E-3	-58.981168E-6	30.563191E-3	63.390544E-6	31.231690E-3	37.694317E-6	30.590769E-3	-67.190660E-6
48.000002E-6	31.253386E-3	-81.196631E-6	30.443970E-3	-24.814897E-6	31.152891E-3	-14.552602E-6	30.653620E-3	11.849811E-6
50.000017E-6	31.340208E-3	321.63857E-9	30.414907E-3	-56.961453E-6	31.196393E-3	-80.848993E-6	30.749666E-3	71.447139E-6
52.000003E-6	31.274945E-3	76.596720E-6	30.521838E-3	-89.099631E-6	31.139428E-3	-52.842057E-6	30.794255E-3	2.6997284E-6
54.000018E-6	31.224381E-3	60.057853E-6	30.601090E-3	-14.514262E-6	31.162720E-3	4.2303332E-6	30.857641E-3	-71.391398E-6
56.000004E-6	31.090800E-3	11.771135E-6	30.716011E-3	38.909358E-6	31.157220E-3	66.380693E-6	30.832632E-3	-57.905323E-6
57.999991E-6	31.000931E-3	-55.436409E-6	30.802611E-3	51.120496E-6	31.156456E-3	47.505906E-6	30.943075E-3	43.210737E-6
60.000006E-6	30.912710E-3	-73.485884E-6	30.858805E-3	-3.6781901E-6	31.089988E-3	-23.052724E-6	30.969782E-3	67.756278E-6
61.999992E-6	30.863604E-3	-1.0979110E-6	30.854313E-3	-55.084252E-6	31.108823E-3	-46.324058E-6	30.974044E-3	-11.187659E-6
64.000007E-6	30.857179E-3	63.886859E-6	30.848524E-3	-62.751111E-6	31.210080E-3	-55.384942E-6	30.977314E-3	-100.11729E-6
65.999993E-6	30.807417E-3	39.497230E-6	30.865401E-3	-16.861140E-6	31.134618E-3	3.3324252E-6	30.999456E-3	-19.852341E-6
68.000008E-6	30.806065E-3	-5.0661388E-6	30.880338E-3	32.718814E-6	30.987317E-3	68.373673E-6	31.005990E-3	60.598159E-6
69.999995E-6	30.825615E-3	-66.052118E-6	30.908084E-3	66.243862E-6	30.913157E-3	44.681787E-6	31.005314E-3	55.621418E-6
72.000010E-6	30.864472E-3	-71.350099E-6	30.974768E-3	26.794773E-6	30.831983E-3	-11.554864E-6	30.992825E-3	-54.971522E-6
73.999996E-6	30.892322E-3	31.845750E-6	31.111015E-3	-34.704870E-6	30.930528E-3	-68.931302E-6	30.986480E-3	-52.967553E-6
76.000011E-6	30.893961E-3	69.812697E-6	31.216482E-3	-62.779953E-6	31.050837E-3	-54.611315E-6	30.980380E-3	12.909036E-6
77.999997E-6	30.879715E-3	18.475925E-6	31.246023E-3	-24.553749E-6	31.171430E-3	-6.0900175E-6	30.981898E-3	76.084791E-6
80.000013E-6	30.867241E-3	-40.522315E-6	31.172510E-3	41.564905E-6	31.248905E-3	88.744564E-6	30.987300E-3	26.255395E-6
81.999999E-6	30.860487E-3	-81.172017E-6	31.018233E-3	86.602362E-6	31.297348E-3	42.680869E-6	31.066231E-3	-66.531800E-6
84.000014E-6	30.798776E-3	-13.904484E-6	30.889690E-3	55.966186E-6	31.294923E-3	-30.679839E-6	31.044303E-3	-74.103831E-6
86.000000E-6	30.797223E-3	48.491504E-6	30.827828E-3	-39.429910E-6	31.281311E-3	-73.450690E-6	31.059533E-3	36.388417E-6
88.000015E-6	30.697333E-3	66.913250E-6	30.797571E-3	-71.224866E-6	31.159701E-3	-53.130156E-6	31.103799E-3	70.351642E-6
90.000001E-6	30.583479E-3	7.7356835E-6	30.765239E-3	-42.151791E-6	31.118825E-3	15.729685E-6	31.097170E-3	-4.1887592E-6
92.000017E-6	30.556489E-3	-58.202349E-6	30.805506E-3	14.607026E-6	31.118607E-3	81.623482E-6	31.147214E-3	-76.584300E-6
94.000003E-6	30.548247E-3	-64.720145E-6	30.786360E-3	50.260533E-6	30.967047E-3	39.395149E-6	31.159604E-3	-21.257400E-6
96.000018E-6	30.544361E-3	9.5574514E-6	30.769344E-3	60.695173E-6	34.444559E-3	3.1507297E-3	35.889886E-3	2.5390757E-3
98.000004E-6	30.589253E-3	65.137945E-6	30.692309E-3	1.2847951E-6	35.090875E-3	2.7564955E-3	32.734949E-3	2.7663577E-3
99.999990E-6	30.587642E-3	38.179067E-6	30.568333E-3	-79.117708E-6	36.275703E-3	2.2743037E-3	33.884138E-3	3.1696053E-3
102.00001E-6	30.674616E-3	-43.246349E-6	30.466424E-3	-75.203854E-6	35.674401E-3	2.2853871E-3	35.237446E-3	2.4411683E-3
103.99999E-6	30.765610E-3	-84.371495E-6	30.423192E-3	3.8495314E-6	36.791801E-3	2.7974588E-3	35.823189E-3	2.1192445E-3
106.00001E-6	30.796031E-3	-40.322178E-6	30.589869E-3	51.578856E-6	34.639671E-3	2.9511084E-3	34.245439E-3	2.1298854E-3
107.99999E-6	30.842653E-3	20.930242E-6	30.814359E-3	65.367312E-6	34.175754E-3	3.2982137E-3	34.027662E-3	2.9720848E-3
110.00001E-6	31.041594E-3	62.180108E-6	30.910188E-3	-1.5007118E-6	34.699865E-3	3.0975826E-3	34.959629E-3	3.1822410E-3
111.99999E-6	31.055804E-3	17.437706E-6	31.044349E-3	-57.631132E-6	35.759564E-3	2.8712277E-3	35.897788E-3	2.8695860E-3
114.00001E-6	31.128777E-3	-56.148408E-6	31.076854E-3	-79.740988E-6	40.179290E-3	1.2826507E-3	40.227201E-3	1.2884047E-3
116.00000E-6	31.087395E-3	-82.271035E-6	31.109896E-3	-7.8935318E-6	40.097367E-3	1.2611839E-3	40.098600E-3	1.2507410E-3
118.00001E-6	31.151818E-3	-8.8766083E-6	31.126663E-3	51.183957E-6	39.952412E-3	1.0844297E-3	39.919615E-3	1.0170464E-3
120.00000E-6	31.152250E-3	73.553703E-6	31.139903E-3	72.106843E-6	39.854974E-3	996.38745E-6	39.946280E-3	1.1198848E-3
122.00001E-6	31.186035E-3	55.469758E-6	31.205183E-3	27.306651E-6	40.121824E-3	919.14437E-6	40.074497E-3	1.1914868E-3
124.00000E-6	31.116979E-3	-1.4862203E-6	31.208776E-3	-17.294058E-6	40.079590E-3	1.1026851E-3	39.814390E-3	1.3527264E-3
126.00001E-6	31.139672E-3	-72.001327E-6	31.262971E-3	-75.218639E-6	40.246468E-3	1.0406461E-3	39.651860E-3	1.2301002E-3
128.00000E-6	31.130996E-3	-55.253200E-6	31.366061E-3	-38.217913E-6	39.694197E-3	1.3249237E-3	39.746065E-3	938.53974E-6
130.00001E-6	31.223468E-3	1.2439616E-6	31.457324E-3	32.967677E-6	39.679341E-3	1.0787181E-3	39.954867E-3	1.0146698E-3
132.00000E-6	31.271238E-3	65.600216E-6	31.520020E-3	80.156744E-6	39.746005E-3	936.15230E-6	40.123016E-3	1.0740166E-3
134.00002E-6	37.557185E-3	2.6144928E-3	37.021339E-3	2.6174684E-3	40.204935E-3	780.27707E-6	40.622059E-3	918.24454E-6
136.00000E-6	36.432315E-3	2.4969045E-3	36.082711E-3	2.8830704E-3	40.170573E-3	804.31142E-6	40.749893E-3	889.93140E-6
138.00002E-6	35.884190E-3	3.0885986E-3	35.256792E-3	3.0053081E-3	40.088009E-3	867.36755E-6	40.790766E-3	809.75145E-6
140.00000E-6	36.636643E-3	3.2242916E-3	34.700107E-3	3.2951564E-3	40.176045E-3	908.85704E-6	40.813733E-3	795.46275E-6
141.99999E-6	34.473129E-3	2.9640500E-3	35.170875E-3	3.1769937E-3	40.235657E-3	874.80166E-6	40.829223E-3	870.60808E-6
144.00001E-6	35.010844E-3	2.4989445E-3	37.022397E-3	2.9111404E-3	40.420812E-3	812.12353E-6	40.828310E-3	906.72751E-6
145.99999E-6	36.985271E-3	2.6470043E-3	36.016759E-3	2.7078118E-3	40.454898E-3	790.10392E-6	40.852491E-3	863.28317E-6
148.00001E-6	36.264192E-3	2.9426187E-3	36.349397E-3	2.6822428E-3	40.471572E-3	783.23111E-6	40.855557E-3	794.41350E-6
149.99999E-6	34.765892E-3	2.8714132E-3	35.693184E-3	2.8778128E-3	40.499214E-3	837.64520E-6	40.871911E-3	806.75079E-6
152.00001E-6	40.251791E-3	1.0446411E-3	40.267799E-3	938.33037E-6	40.606678E-3	901.87561E-6	40.787168E-3	849.07195E-6
153.99999E-6	40.396769E-3	1.0584771E-3	39.969761E-3	999.04789E-6	40.613972E-3	877.38654E-6	40.610217E-3	878.14254E-6
156.00001E-6	40.266633E-3	1.2735520E-3	39.806843E-3	1.2018977E-3	40.699143E-3	819.04250E-6	40.645681E-3	825.66711E-6
158.00000E-6	40.397938E-3	1.3303444E-3	39.835989E-3	1.2727086E-3	40.653057E-3	737.22278E-6	40.649712E-3	766.63157E-6
160.00001E-6	40.307164E-3	1.2017380E-3	40.158510E-3	1.1220240E-3	40.726889E-3	762.72717E-6	40.634453E-3	772.61234E-6
162.00000E-6	39.967667E-3	1.0166181E-3	40.210851E-3	988.29833E-6	40.789954E-3	847.01553E-6	40.632471E-3	875.75469E-6
164.00001E-6	39.895423E-3	1.0401530E-3	40.050987E-3	990.74584E-6	40.908258E-3	883.62012E-6	40.617224E-3	879.06991E-6
166.00000E-6	39.972715E-3	1.2227311E-3	40.080093E-3	1.0045604E-3	40.979061E-3	857.34919E-6	40.583305E-3	807.11313E-6
168.00001E-6	40.048365E-3	1.3718992E-3	40.174246E-3	1.1673548E-3	41.030571E-3	815.17152E-6	40.575586E-3	730.70516E-6
170.00000E-6	40.247187E-3	1.1817759E-3	40.415660E-3	1.2742144E-3	40.949352E-3	754.53054E-6	40.535212E-3	804.16066E-6
172.00001E-6	40.640920E-3	797.21009E-6	40.943652E-3	847.97677E-6	40.857717E-3	761.09392E-6	40.459760E-3	862.52001E-6
174.00000E-6	40.638182E-3	831.89172E-6	41.009031E-3	799.10696E-6	40.785372E-3	822.19107E-6	40.354017E-3	870.30587E-6
176.00002E-6	40.639635E-3	899.88118E-6	40.978022E-3	792.46261E-6	40.761355E-3	877.07606E-6	40.208716E-3	777.97216E-6
178.00000E-6	40.628552E-3	892.96850E-6	41.015115E-3	847.76158E-6	40.711928E-3	880.77935E-6	40.180258E-3	751.99857E-6
180.00002E-6	40.652357E-3	864.02980E-6	40.994681E-3	887.09948E-6	40.685195E-3	827.18109E-6	40.167302E-3	823.42973E-6
182.00000E-6	40.648662E-3	783.61225E-6	41.014273E-3	897.18058E-6	40.656887E-3	753.82303E-6	40.176835E-3	907.35714E-6
184.00002E-6	40.530954E-3	820.22313E-6	41.094191E-3	848.64505E-6	40.646955E-3	789.53063E-6	40.195338E-3	862.10557E-6
186.00000E-6	40.517077E-3	869.27466E-6	41.235778E-3	807.13013E-6	40.618047E-3	829.17116E-6	40.181816E-3	785.83817E-6
187.99999E-6	40.478978E-3	913.91383E-6	41.327827E-3	797.49915E-6	40.609282E-3	878.54086E-6	40.174641E-3	750.89216E-6
190.00001E-6	40.470615E-3	871.33580E-6	41.337106E-3	829.29508E-6	40.569209E-3	891.54008E-6	40.164255E-3	844.38897E-6
191.99999E-6	40.575806E-3	799.50283E-6	41.407567E-3	883.39375E-6	40.445469E-3	836.99921E-6	40.100429E-3	918.62748E-6
194.00001E-6	40.522341E-3	756.05355E-6	41.282386E-3	893.93964E-6	40.357508E-3	784.34742E-6	40.071353E-3	861.08089E-6
195.99999E-6	40.435873E-3	792.98770E-6	41.178785E-3	841.67259E-6	40.270470E-3	783.53815E-6	40.131908E-3	805.21801E-6
198.00001E-6	40.454287E-3	878.68585E-6	41.083410E-3	768.13123E-6	40.140491E-3	852.28804E-6	40.177237E-3	777.40726E-6
199.99999E-6	40.394288E-3	875.55958E-6	41.000113E-3	742.56642E-6	40.083211E-3	903.07824E-6	40.221740E-3	876.79015E-6
202.00001E-6	40.416364E-3	826.45129E-6	40.955428E-3	789.26660E-6	40.041324E-3	922.41424E-6	40.257856E-3	939.57107E-6
204.00000E-6	40.258031E-3	781.16881E-6	40.958207E-3	850.38814E-6	40.085286E-3	854.60802E-6	40.266648E-3	876.02093E-6
206.00001E-6	40.314734E-3	760.36580E-6	40.947545E-3	897.25229E-6	40.141642E-3	771.91764E-6	40.307779E-3	781.46125E-6
208.00000E-6	40.370762E-3	833.32421E-6	40.978502E-3	859.67174E-6	40.229127E-3	816.05802E-6	40.200394E-3	857.02864E-6
210.00001E-6	40.448949E-3	880.58884E-6	40.979214E-3	755.05598E-6	39.150532E-3	2.0393906E-3	39.179802E-3	1.3962287E-3
212.00000E-6	40.510733E-3	888.33773E-6	40.932145E-3	739.40417E-6	38.826700E-3	1.9291525E-3	38.826548E-3	2.2627078E-3
214.00001E-6	40.524803E-3	800.46675E-6	40.790748E-3	797.87441E-6	38.787112E-3	2.2503552E-3	38.638085E-3	2.1958486E-3
216.00000E-6	40.603667E-3	737.19362E-6	40.701333E-3	870.30034E-6	38.475819E-3	2.1615771E-3	39.235573E-3	1.6420882E-3
218.00002E-6	40.651791E-3	768.56953E-6	40.620714E-3	905.25649E-6	39.200395E-3	1.8508749E-3	39.072104E-3	1.7122772E-3
220.00000E-6	40.699016E-3	858.61981E-6	40.660527E-3	859.51108E-6	38.523320E-3	1.8662150E-3	39.236475E-3	1.3812520E-3
222.00002E-6	40.720619E-3	889.02673E-6	40.761050E-3	792.50068E-6	38.383532E-3	2.4011745E-3	38.390942E-3	2.7107554E-3
224.00000E-6	40.740330E-3	846.35412E-6	40.897563E-3	761.86401E-6	38.448863E-3	1.9842717E-3	39.276604E-3	2.2341418E-3
226.00002E-6	40.716350E-3	751.15333E-6	40.976398E-3	779.06338E-6	37.429787E-3	2.5097888E-3	39.642435E-3	1.7572341E-3
228.00000E-6	40.715501E-3	759.44309E-6	41.037038E-3	843.12155E-6	37.792042E-3	2.5673530E-3	38.985573E-3	1.9860039E-3
229.99999E-6	40.589374E-3	847.40197E-6	40.915757E-3	917.59791E-6	32.574765E-3	1.5303420E-3	33.955414E-3	2.6675710E-3
232.00001E-6	40.606964E-3	899.55697E-6	40.927328E-3	887.35961E-6	32.859020E-3	2.7288080E-3	35.171956E-3	2.0905414E-3
233.99999E-6	40.718198E-3	904.75444E-6	40.868975E-3	827.38441E-6	33.427227E-3	2.7833392E-3	32.921970E-3	902.58277E-6
236.00001E-6	40.477850E-3	853.61162E-6	40.855724E-3	776.70091E-6	33.952311E-3	1.3047025E-3	32.397605E-3	1.7748896E-3
237.99999E-6	40.487651E-3	761.68549E-6	40.880881E-3	788.73878E-6	33.055052E-3	843.03855E-6	32.627076E-3	2.6559127E-3
240.00001E-6	40.645368E-3	793.52857E-6	40.878445E-3	847.53858E-6	32.147110E-3	611.67154E-6	33.374988E-3	2.9494655E-3
241.99999E-6	40.692765E-3	858.17568E-6	40.973540E-3	914.08170E-6	31.085983E-3	1.3969184E-3	33.351146E-3	737.96709E-6
244.00001E-6	40.751569E-3	926.78762E-6	41.060228E-3	904.19868E-6	31.756666E-3	2.0211150E-3	32.560322E-3	372.58959E-6
246.00001E-6	40.810861E-3	888.83832E-6	41.088000E-3	854.12560E-6	33.336423E-3	2.1851694E-3	33.242051E-3	1.1267705E-3
248.00003E-6	39.871149E-3	1.1412244E-3	39.845739E-3	1.2488555E-3	30.985942E-3	66.652028E-6	31.034214E-3	-49.908944E-6
249.99998E-6	39.678663E-3	1.4004461E-3	39.832365E-3	1.6057827E-3	30.962022E-3	49.330698E-6	30.995205E-3	13.786439E-6
252.00000E-6	40.277939E-3	1.5155360E-3	40.172368E-3	1.7569176E-3	30.930217E-3	-34.572684E-6	30.960895E-3	71.192073E-6
254.00001E-6	40.328961E-3	1.5847144E-3	40.258750E-3	1.4935742E-3	30.966127E-3	-73.610689E-6	31.000076E-3	34.390836E-6
256.00003E-6	40.239763E-3	1.4158217E-3	39.990716E-3	1.5725266E-3	30.966498E-3	-46.696783E-6	31.000560E-3	-42.962645E-6
257.99999E-6	39.918404E-3	1.1960517E-3	39.633092E-3	1.1468763E-3	30.921601E-3	19.280638E-6	30.996716E-3	-70.896116E-6
260.00000E-6	39.825946E-3	1.1765622E-3	39.402205E-3	1.2410583E-3	30.884294E-3	61.989274E-6	31.002020E-3	33.106600E-6
262.00002E-6	40.068470E-3	1.4622750E-3	39.449312E-3	1.4379696E-3	30.806903E-3	41.935185E-6	30.987378E-3	75.601543E-6
264.00003E-6	40.251713E-3	1.5460621E-3	39.586283E-3	1.7616493E-3	30.678969E-3	-13.462975E-6	31.004889E-3	33.166329E-6
265.99999E-6	40.400248E-3	1.3988947E-3	39.666504E-3	1.7884491E-3	30.558500E-3	-71.120201E-6	31.028140E-3	-46.478606E-6
268.00000E-6	35.749801E-3	3.3238805E-3	35.189752E-3	3.2536855E-3	30.485939E-3	-52.750351E-6	30.991130E-3	-93.490926E-6
270.00002E-6	34.733243E-3	3.0698164E-3	34.076855E-3	3.0888193E-3	30.494206E-3	40.016199E-6	30.999957E-3	-10.502526E-6
271.99998E-6	36.172513E-3	2.7568103E-3	33.184264E-3	2.7740304E-3	30.551810E-3	77.579491E-6	30.998491E-3	58.665883E-6
273.99999E-6	36.856286E-3	2.6654701E-3	33.916842E-3	2.1455032E-3	30.647796E-3	51.854800E-6	31.020831E-3	32.602198E-6
276.00001E-6	36.028784E-3	2.4077171E-3	34.911416E-3	1.8583742E-3	30.786045E-3	-29.598734E-6	30.986905E-3	-54.432163E-6
278.00002E-6	35.199072E-3	2.9255331E-3	35.417344E-3	2.0678616E-3	30.810975E-3	-70.530361E-6	31.042987E-3	-85.740852E-6
279.99998E-6	33.835951E-3	3.2336239E-3	34.718435E-3	2.4756799E-3	30.854978E-3	-21.464291E-6	30.966496E-3	-3.8544799E-6
281.99999E-6	33.071999E-3	2.8074775E-3	33.931613E-3	3.0040669E-3	30.852178E-3	32.275748E-6	31.010019E-3	64.622021E-6
284.00001E-6	35.204820E-3	2.3205036E-3	33.023234E-3	2.8684426E-3	30.855335E-3	47.502632E-6	31.004561E-3	34.274621E-6
286.00002E-6	30.774714E-3	-2.7568219E-6	31.175671E-3	-74.846066E-6	30.849261E-3	42.626762E-6	30.990601E-3	-45.607652E-6
287.99998E-6	30.709550E-3	78.235542E-6	31.211285E-3	-28.763494E-6	30.868692E-3	-59.691949E-6	31.026488E-3	-72.653325E-6
290.00000E-6	30.745290E-3	58.701284E-6	31.234670E-3	36.352394E-6	30.888438E-3	-99.440593E-6	31.276103E-3	-2.9201030E-6
292.00001E-6	30.765429E-3	-34.600856E-6	31.238234E-3	67.725399E-6	30.902449E-3	-60.736689E-6	31.308424E-3	54.321568E-6
293.99997E-6	30.707948E-3	-69.833368E-6	31.244362E-3	19.688356E-6	30.988442E-3	17.581295E-6	31.307857E-3	32.329961E-6
295.99998E-6	30.694509E-3	-54.356467E-6	31.317364E-3	-32.570410E-6	31.036077E-3	60.004299E-6	31.239709E-3	-18.377326E-6
298.00000E-6	30.684901E-3	37.439135E-6	31.365875E-3	-91.052403E-6	31.160340E-3	13.042685E-6	31.289008E-3	-96.708500E-6
300.00001E-6	30.679923E-3	68.577159E-6	31.422894E-3	-22.686438E-6	31.278830E-3	-31.237199E-6	31.304050E-3	9.4546076E-6
301.99997E-6	30.639911E-3	26.236701E-6	31.537149E-3	26.213238E-6	31.402491E-3	-82.464707E-6	31.325299E-3	64.711050E-6
303.99999E-6	30.560765E-3	-60.813181E-6	31.611636E-3	65.860651E-6	31.263683E-3	-60.312221E-6	31.339359E-3	47.556605E-6
306.00000E-6	30.519310E-3	-69.377296E-6	31.624466E-3	45.501238E-6	31.212494E-3	36.505713E-6	31.345777E-3	-42.442265E-6
308.00002E-6	30.486757E-3	5.2592118E-6	31.598974E-3	-47.290505E-6	31.113816E-3	79.401718E-6	31.374402E-3	-85.023581E-6
309.99997E-6	30.393790E-3	84.629777E-6	31.501830E-3	-89.424626E-6	31.033820E-3	36.400495E-6	31.377062E-3	233.26851E-9
311.99999E-6	30.353673E-3	62.118517E-6	31.422727E-3	-32.986220E-6	30.974207E-3	-40.085510E-6	31.307828E-3	63.398104E-6
314.00000E-6	30.401452E-3	-27.136370E-6	31.341195E-3	26.827040E-6	30.957257E-3	-69.562608E-6	31.198898E-3	49.560847E-6
315.99996E-6	30.407557E-3	-67.831388E-6	31.236915E-3	65.952387E-6	30.952768E-3	-66.061672E-6	31.178184E-3	-38.701695E-6
317.99998E-6	30.455515E-3	-54.863813E-6	31.206066E-3	35.451805E-6	30.979538E-3	23.903140E-6	31.206524E-3	-58.579648E-6
319.99999E-6	30.553786E-3	26.914389E-6	31.189781E-3	-56.981913E-6	30.958513E-3	79.625839E-6	31.222992E-3	6.7751930E-6
322.00001E-6	30.578896E-3	52.132462E-6	31.193811E-3	-66.544591E-6	30.937368E-3	48.285325E-6	31.237215E-3	70.737457E-6
323.99996E-6	30.607212E-3	14.167588E-6	31.163275E-3	-22.528895E-6	30.902302E-3	-29.935731E-6	31.270016E-3	6.1398318E-6
325.99998E-6	30.702533E-3	-49.706716E-6	31.186219E-3	52.671352E-6	30.876156E-3	-76.435135E-6	31.291045E-3	-65.887165E-6
327.99999E-6	30.799938E-3	-81.864520E-6	31.176336E-3	55.168126E-6	30.784482E-3	-34.944067E-6	31.265918E-3	-83.086677E-6
330.00001E-6	30.822238E-3	-21.232658E-6	31.118674E-3	4.5495776E-6	30.723810E-3	36.653259E-6	31.222697E-3	5.9148283E-6
331.99997E-6	30.845683E-3	42.550197E-6	31.149564E-3	-51.475745E-6	30.618129E-3	93.460025E-6	31.268362E-3	67.381479E-6
333.99998E-6	30.969564E-3	67.873421E-6	31.096146E-3	-69.432106E-6	30.506119E-3	31.390609E-6	31.307220E-3	23.172968E-6
336.00000E-6	30.979291E-3	-9.8434084E-6	31.022809E-3	-17.952203E-6	30.457657E-3	-47.125195E-6	31.306498E-3	-46.970828E-6
338.00001E-6	30.998055E-3	-86.495151E-6	30.934725E-3	70.144619E-6	30.487632E-3	-98.401862E-6	31.294923E-3	-53.866595E-6
339.99997E-6	30.968767E-3	-69.641857E-6	30.907370E-3	49.553113E-6	30.551488E-3	-23.817431E-6	31.265754E-3	30.057183E-6
341.99998E-6	31.016579E-3	14.944004E-6	30.861273E-3	-3.2503112E-6	30.594204E-3	30.866846E-6	31.613231E-3	77.719691E-6
344.00000E-6	30.960262E-3	67.471046E-6	30.827183E-3	-63.285173E-6	30.711867E-3	73.817420E-6	31.599242E-3	5.1315360E-6
346.00002E-6	30.984795E-3	34.606332E-6	30.783100E-3	-84.245927E-6	30.767618E-3	30.053085E-6	31.580154E-3	-72.706498E-6
347.99997E-6	31.007577E-3	-41.133735E-6	30.894009E-3	-15.467094E-6	30.777933E-3	-57.855286E-6	31.588119E-3	-63.503539E-6
349.99999E-6	30.966656E-3	-77.095741E-6	31.033481E-3	45.108649E-6	30.805178E-3	-73.889962E-6	31.562656E-3	22.681597E-6
352.00000E-6	30.993456E-3	-20.008234E-6	31.126525E-3	44.830049E-6	30.817114E-3	-12.903185E-6	31.549212E-3	55.922697E-6
354.00002E-6	30.963954E-3	44.493452E-6	31.281017E-3	-7.6335054E-6	30.836500E-3	52.953583E-6	31.594452E-3	9.6894410E-6
355.99997E-6	31.017570E-3	62.774918E-6	31.282675E-3	-79.984631E-6	30.805742E-3	83.053921E-6	31.615309E-3	-70.982554E-6
357.99999E-6	31.052908E-3	-3.2741020E-6	31.305581E-3	-76.317941E-6	30.784845E-3	9.8297169E-6	31.613547E-3	-25.798905E-6
360.00001E-6	31.062206E-3	-66.862776E-6	31.344123E-3	4.7450526E-6	30.769421E-3	-53.838823E-6	31.612247E-3	47.072503E-6
361.99996E-6	31.181417E-3	-45.200049E-6	31.288218E-3	44.692206E-6	30.825663E-3	-88.452878E-6	31.576529E-3	83.407438E-6
363.99998E-6	31.228758E-3	6.6722805E-6	31.284574E-3	63.470754E-6	30.914402E-3	-9.1895918E-6	31.605490E-3	-12.852583E-6
365.99999E-6	31.237891E-3	58.620550E-6	31.304456E-3	-15.202293E-6	31.021003E-3	54.144275E-6	31.637736E-3	-85.452179E-6
368.00001E-6	31.298418E-3	51.504765E-6	31.303931E-3	-63.142899E-6	31.112829E-3	55.126671E-6	31.675596E-3	-30.391744E-6
369.99997E-6	31.361550E-3	-32.439610E-6	31.380355E-3	-70.935908E-6	31.263150E-3	14.488868E-6	31.674773E-3	55.889461E-6
371.99998E-6	31.359792E-3	-96.411073E-6	31.434845E-3	16.777807E-6	31.306092E-3	-53.983578E-6	31.678446E-3	35.720550E-6
374.00000E-6	31.336762E-3	-45.224228E-6	31.506732E-3	75.485790E-6	31.272132E-3	-87.185530E-6	31.756055E-3	-58.712729E-6
376.00001E-6	31.276532E-3	37.743826E-6	31.649657E-3	48.074180E-6	31.237274E-3	-14.779635E-6	31.811461E-3	-61.845240E-6
377.99997E-6	31.171858E-3	71.871349E-6	31.701002E-3	-35.239987E-6	31.190639E-3	68.654648E-6	31.852361E-3	3.1189834E-6
379.99998E-6	31.014347E-3	38.414088E-6	31.633530E-3	-54.971835E-6	31.096971E-3	59.355727E-6	31.904727E-3	67.614477E-6
382.00000E-6	30.962976E-3	-60.846927E-6	31.567015E-3	-55.717377E-6	30.998889E-3	-15.658356E-6	31.657182E-3	30.308693E-6
384.00001E-6	30.881749E-3	-62.387320E-6	31.476971E-3	13.680511E-6	30.999178E-3	-82.473278E-6	31.659313E-3	-63.307984E-6
385.99997E-6	30.855119E-3	5.3254539E-6	31.398412E-3	47.458754E-6	30.926734E-3	-74.223099E-6	31.632744E-3	-62.005507E-6
387.99999E-6	30.782068E-3	83.416984E-6	31.275552E-3	41.009785E-6	30.959638E-3	24.613464E-6	31.654477E-3	43.633630E-6
390.00000E-6	30.802058E-3	63.754400E-6	31.241097E-3	-35.436649E-6	30.940300E-3	76.686811E-6	31.609882E-3	42.709471E-6
392.00002E-6	30.753743E-3	-21.462258E-6	31.252045E-3	-79.297664E-6	30.917095E-3	66.562941E-6	31.515799E-3	-3.3834833E-6
393.99997E-6	30.754589E-3	-77.408033E-6	31.214690E-3	-24.126553E-6	30.922564E-3	-26.098740E-6	31.486847E-3	-86.837696E-6
395.99999E-6	30.758241E-3	-42.464144E-6	31.199595E-3	36.221554E-6	30.893641E-3	-65.112290E-6	31.455182E-3	-43.870114E-6
398.00000E-6	30.734381E-3	35.681798E-6	31.195834E-3	66.952227E-6	30.893903E-3	-57.749112E-6	31.412050E-3	52.147308E-6
399.99996E-6	30.742288E-3	51.702096E-6	31.237153E-3	47.034046E-6	30.865993E-3	12.338048E-6	31.382702E-3	47.133679E-6
401.99998E-6	30.720145E-3	33.647404E-6	31.200659E-3	-41.156083E-6	30.767221E-3	74.146112E-6	31.323306E-3	-18.039920E-6
403.99999E-6	30.725962E-3	-47.550850E-6	31.171128E-3	-75.314339E-6	30.682864E-3	43.000866E-6	31.285074E-3	-79.757461E-6
406.00001E-6	30.696565E-3	-69.556059E-6	31.107327E-3	-55.795223E-6	30.590268E-3	-54.893106E-6	31.207401E-3	-31.148793E-6
407.99996E-6	30.761048E-3	-14.155490E-6	31.022394E-3	21.756772E-6	30.447373E-3	-58.460384E-6	31.206787E-3	61.057472E-6
409.99998E-6	30.698279E-3	59.837505E-6	30.902009E-3	59.518046E-6	30.428518E-3	-40.081955E-6	31.226996E-3	44.553206E-6
411.99999E-6	30.670591E-3	77.060300E-6	30.868925E-3	43.369164E-6	30.475477E-3	24.897465E-6	31.176405E-3	-46.000179E-6
414.00001E-6	30.639058E-3	-3.6222361E-6	30.862635E-3	-31.167638E-6	30.487737E-3	66.736466E-6	31.171566E-3	-78.100340E-6
415.99997E-6	30.568773E-3	-72.368144E-6	30.883426E-3	-75.551747E-6	30.586552E-3	23.138427E-6	31.158946E-3	982.95368E-9
417.99998E-6	30.545374E-3	-62.498781E-6	30.930230E-3	-69.385751E-6	30.663250E-3	-35.461722E-6	31.163532E-3	39.947343E-6
420.00000E-6	30.494474E-3	10.917054E-6	31.031229E-3	36.125966E-6	30.736076E-3	-62.668041E-6	31.160345E-3	35.567795E-6
422.00001E-6	30.470762E-3	70.302856E-6	31.142062E-3	65.702719E-6	30.731551E-3	-41.794174E-6	31.214030E-3	-52.463234E-6
423.99997E-6	30.374082E-3	36.926245E-6	31.225843E-3	18.768278E-6	30.793982E-3	6.5771169E-6	31.169992E-3	-53.560783E-6
425.99998E-6	30.447261E-3	-39.165272E-6	31.308085E-3	-48.283389E-6	30.788321E-3	61.152285E-6	31.152319E-3	8.3542909E-6
428.00000E-6	30.525863E-3	-64.267449E-6	31.305734E-3	-82.033592E-6	30.750589E-3	24.954879E-6	31.165730E-3	64.553074E-6
430.00001E-6	30.609086E-3	-43.489814E-6	31.342518E-3	-31.714499E-6	30.791279E-3	-35.665456E-6	31.213555E-3	15.237957E-6
431.99997E-6	30.692844E-3	56.623790E-6	31.330295E-3	54.637323E-6	30.772045E-3	-89.175264E-6	31.188047E-3	-62.725441E-6
433.99999E-6	30.783005E-3	47.026198E-6	31.350978E-3	70.264599E-6	30.825177E-3	-31.075426E-6	31.156909E-3	-59.120455E-6
436.00000E-6	30.831417E-3	8.3326413E-6	31.363271E-3	34.856166E-6	30.873233E-3	37.437057E-6	31.190760E-3	39.085608E-6
438.00002E-6	30.880246E-3	-76.668795E-6	31.355102E-3	-56.817942E-6	30.949067E-3	78.447818E-6	31.143410E-3	71.202863E-6
439.99997E-6	30.911710E-3	-87.097345E-6	31.392314E-3	-98.898818E-6	33.213694E-3	2.8625466E-3	32.662746E-3	1.1698968E-3
441.99999E-6	30.945277E-3	-13.761345E-6	31.422529E-3	-26.705915E-6	33.891641E-3	3.1274064E-3	33.810232E-3	1.4589824E-3
444.00000E-6	30.898543E-3	46.556528E-6	31.495366E-3	59.471764E-6	35.476614E-3	1.8761654E-3	33.888217E-3	876.05772E-6
445.99996E-6	30.934473E-3	53.608910E-6	31.576831E-3	66.654058E-6	34.730535E-3	1.5000971E-3	33.055492E-3	1.0387400E-3
447.99998E-6	30.950693E-3	-15.963680E-6	31.690791E-3	8.8148436E-6	33.731304E-3	1.5721493E-3	31.732883E-3	1.5619770E-3
449.99999E-6	30.871928E-3	-70.329974E-6	31.682122E-3	-61.860104E-6	33.349466E-3	2.2457535E-3	33.323314E-3	1.7486111E-3
452.00001E-6	30.851763E-3	-54.793996E-6	31.653102E-3	-66.838540E-6	34.189213E-3	2.9482460E-3	33.593327E-3	1.0309089E-3
453.99996E-6	30.865686E-3	28.363986E-6	31.596817E-3	7.8097210E-6	33.721015E-3	2.6187629E-3	31.966317E-3	110.42691E-6
455.99998E-6	30.826796E-3	69.760747E-6	31.553544E-3	77.050892E-6	34.671865E-3	2.9985204E-3	32.134473E-3	766.34629E-6
457.99999E-6	30.923644E-3	40.982981E-6	31.461582E-3	67.102272E-6	39.383367E-3	1.8663779E-3	39.114598E-3	2.3522624E-3
460.00001E-6	30.906385E-3	-38.137463E-6	31.339899E-3	2.7966864E-6	39.794214E-3	1.6735588E-3	39.391048E-3	1.7435427E-3
461.99997E-6	30.962653E-3	-61.547253E-6	31.301256E-3	-68.756817E-6	39.611530E-3	1.4366184E-3	39.037738E-3	2.0283835E-3
463.99998E-6	31.001050E-3	-23.761428E-6	31.218501E-3	-62.626925E-6	39.273996E-3	1.2188981E-3	38.213722E-3	2.3440463E-3
466.00000E-6	31.067254E-3	41.632899E-6	31.250793E-3	-6.4633973E-6	39.297991E-3	1.0765109E-3	38.351428E-3	1.9383382E-3
468.00001E-6	31.058054E-3	63.894950E-6	31.224582E-3	50.885348E-6	39.306425E-3	1.4012307E-3	39.017271E-3	1.9943626E-3
469.99997E-6	31.146629E-3	8.9729638E-6	31.239292E-3	57.363472E-6	39.711833E-3	1.4782005E-3	38.968589E-3	1.5999191E-3
471.99999E-6	31.263169E-3	-73.191164E-6	31.250078E-3	-30.159879E-6	39.301153E-3	1.6281728E-3	39.536506E-3	1.7175885E-3
474.00000E-6	31.549506E-3	-68.445210E-6	31.190632E-3	-65.453314E-6	38.862854E-3	1.5584145E-3	38.334265E-3	2.1794527E-3
476.00002E-6	31.514600E-3	10.184778E-6	31.159025E-3	-44.647662E-6	38.844712E-3	1.2121524E-3	38.954709E-3	1.7056322E-3
477.99997E-6	31.446856E-3	61.875588E-6	31.161081E-3	20.183586E-6	40.036615E-3	815.68235E-6	40.185511E-3	918.89827E-6
479.99999E-6	31.476878E-3	52.536187E-6	31.130992E-3	80.784157E-6	40.095270E-3	800.22408E-6	40.219344E-3	834.18883E-6
482.00000E-6	31.540882E-3	-30.210138E-6	31.102806E-3	41.837950E-6	40.172864E-3	854.10150E-6	40.241405E-3	821.45981E-6
483.99996E-6	31.482983E-3	-75.367512E-6	30.994086E-3	-41.123953E-6	40.207684E-3	904.74670E-6	40.269647E-3	906.55836E-6
485.99998E-6	31.375490E-3	-53.239506E-6	30.915705E-3	-83.772306E-6	40.213812E-3	917.15285E-6	40.312584E-3	960.21622E-6
487.99999E-6	31.312402E-3	49.186812E-6	30.878805E-3	-57.710418E-6	40.261872E-3	892.23054E-6	40.396180E-3	878.52526E-6
490.00001E-6	31.262752E-3	63.814441E-6	30.870490E-3	31.288942E-6	40.283438E-3	818.51473E-6	40.447712E-3	798.67785E-6
491.99996E-6	31.220665E-3	-6.0758052E-6	30.934330E-3	60.963477E-6	40.282767E-3	816.78340E-6	40.465787E-3	830.64899E-6
493.99998E-6	31.165157E-3	-75.137737E-6	31.014821E-3	21.726306E-6	40.345285E-3	838.51244E-6	40.510323E-3	915.65179E-6
495.99999E-6	36.327571E-3	3.2469463E-3	36.332991E-3	2.5993444E-3	40.489268E-3	868.80580E-6	40.679112E-3	894.88720E-6
498.00001E-6	37.030254E-3	3.2650866E-3	35.410453E-3	3.0457103E-3	40.502649E-3	886.57555E-6	40.710129E-3	817.14126E-6
499.99997E-6	37.461482E-3	3.0481834E-3	37.618719E-3	3.3712429E-3	40.570546E-3	867.10881E-6	40.782582E-3	764.80198E-6
501.99998E-6	36.814526E-3	2.7480877E-3	36.937062E-3	3.2971271E-3	40.649150E-3	788.32870E-6	40.824853E-3	800.91337E-6
504.00000E-6	36.622576E-3	2.8277524E-3	38.736463E-3	2.7729725E-3	40.712051E-3	755.11175E-6	40.867660E-3	863.06757E-6
506.00001E-6	35.927601E-3	3.0526707E-3	37.878316E-3	2.2258153E-3	40.830608E-3	789.03505E-6	40.873822E-3	898.46354E-6
507.99997E-6	37.791487E-3	2.9972447E-3	36.936719E-3	2.6330678E-3	40.918097E-3	879.53336E-6	40.958636E-3	796.71404E-6
509.99998E-6	38.747672E-3	2.6887194E-3	37.542269E-3	3.0523723E-3	40.921118E-3	883.68839E-6	41.030314E-3	758.36171E-6
512.00000E-6	38.009927E-3	2.9379248E-3	37.984297E-3	3.1133583E-3	40.866878E-3	859.07691E-6	41.068491E-3	816.14900E-6
514.00001E-6	37.509594E-3	2.7015177E-3	37.830316E-3	3.2766866E-3	40.789478E-3	789.15310E-6	41.048098E-3	882.19275E-6
515.99997E-6	40.183514E-3	1.0323960E-3	40.590528E-3	1.1425891E-3	40.755816E-3	745.54695E-6	41.075841E-3	866.17284E-6
517.99999E-6	40.200405E-3	895.09715E-6	40.778667E-3	1.0859868E-3	40.688030E-3	783.19327E-6	41.111816E-3	776.15026E-6
520.00000E-6	39.989822E-3	919.76830E-6	40.988699E-3	931.87252E-6	40.700868E-3	842.20915E-6	41.123431E-3	745.62622E-6
522.00002E-6	39.855920E-3	1.0258212E-3	40.991742E-3	857.85938E-6	40.689059E-3	911.98145E-6	41.097343E-3	832.41559E-6
523.99997E-6	39.962735E-3	1.1141916E-3	41.038774E-3	857.60676E-6	40.667657E-3	868.55819E-6	41.114185E-3	901.95012E-6
525.99999E-6	40.055245E-3	1.0246703E-3	40.856179E-3	999.02379E-6	40.641222E-3	777.61622E-6	41.136965E-3	858.43913E-6
528.00000E-6	40.015791E-3	944.51127E-6	41.035116E-3	1.0482263E-3	40.609051E-3	754.67385E-6	41.165061E-3	772.01903E-6
529.99996E-6	39.841190E-3	819.39867E-6	40.995475E-3	913.97145E-6	40.584981E-3	791.84060E-6	41.150976E-3	759.79356E-6
531.99998E-6	39.758064E-3	942.58721E-6	40.851936E-3	957.08668E-6	40.541254E-3	863.43696E-6	41.184537E-3	832.18678E-6
533.99999E-6	40.234786E-3	892.95814E-6	41.032221E-3	788.03312E-6	40.468037E-3	907.78054E-6	41.137159E-3	899.85167E-6
536.00001E-6	40.322248E-3	885.14644E-6	40.956814E-3	815.63846E-6	40.393017E-3	860.10597E-6	41.097991E-3	836.29717E-6
537.99996E-6	40.408742E-3	819.88849E-6	40.887628E-3	879.14470E-6	40.263094E-3	800.74882E-6	41.088816E-3	764.73143E-6
539.99998E-6	40.507659E-3	777.22978E-6	40.837217E-3	897.47604E-6	40.229712E-3	760.21557E-6	41.071203E-3	773.36654E-6
541.99999E-6	40.607855E-3	790.20241E-6	40.826041E-3	838.85679E-6	40.117420E-3	783.34496E-6	41.047450E-3	883.59235E-6
544.00001E-6	40.662382E-3	850.60886E-6	40.810928E-3	768.42360E-6	40.084708E-3	863.96985E-6	41.104171E-3	887.82364E-6
545.99997E-6	40.682744E-3	905.80579E-6	40.791325E-3	783.99334E-6	40.149227E-3	905.51603E-6	41.143235E-3	810.14901E-6
547.99998E-6	40.648445E-3	878.36117E-6	40.812816E-3	846.05085E-6	40.215313E-3	888.39245E-6	41.186929E-3	745.10899E-6
550.00000E-6	40.677719E-3	812.84496E-6	40.806703E-3	897.17365E-6	40.277164E-3	780.98872E-6	41.216768E-3	810.28207E-6
552.00001E-6	40.672861E-3	774.03290E-6	40.792793E-3	863.13678E-6	40.302139E-3	766.80584E-6	41.249715E-3	899.46523E-6
553.99997E-6	40.740337E-3	790.91021E-6	40.892851E-3	791.21126E-6	40.169090E-3	804.46998E-6	41.136358E-3	930.86716E-6
555.99998E-6	40.745988E-3	874.25433E-6	40.872820E-3	750.27294E-6	40.212814E-3	900.11902E-6	41.145653E-3	842.06642E-6
558.00000E-6	40.743884E-3	893.24196E-6	40.840220E-3	778.20726E-6	40.222302E-3	1.0317558E-3	41.159999E-3	806.78659E-6
560.00001E-6	40.736977E-3	841.08789E-6	40.737666E-3	850.36451E-6	40.291533E-3	1.0079446E-3	40.997554E-3	905.51825E-6
561.99997E-6	40.786374E-3	767.22278E-6	40.698938E-3	900.86338E-6	40.232930E-3	987.84710E-6	41.076619E-3	952.84177E-6
563.99999E-6	40.870119E-3	753.52989E-6	40.574856E-3	851.01882E-6	40.179539E-3	922.61133E-6	41.144133E-3	994.27591E-6
566.00000E-6	40.986925E-3	802.42450E-6	40.461257E-3	765.89122E-6	40.236432E-3	915.14568E-6	41.110545E-3	891.79352E-6
568.00002E-6	41.083198E-3	852.97844E-6	40.458288E-3	743.78820E-6	40.283322E-3	940.86170E-6	41.030336E-3	863.06280E-6
569.99997E-6	41.165575E-3	880.66782E-6	40.483229E-3	782.38233E-6	40.547922E-3	1.2008783E-3	41.039657E-3	900.46739E-6
571.99999E-6	41.094210E-3	825.90949E-6	40.535755E-3	892.41314E-6	37.696287E-3	2.5264262E-3	38.725868E-3	2.9938803E-3
574.00001E-6	41.070689E-3	767.74420E-6	40.611215E-3	885.22740E-6	38.427841E-3	1.9890235E-3	38.817231E-3	2.3800796E-3
575.99996E-6	40.921669E-3	744.69659E-6	40.658578E-3	837.79433E-6	38.924508E-3	1.4939297E-3	38.818315E-3	2.0468505E-3
577.99998E-6	40.760659E-3	828.59088E-6	40.798880E-3	767.64321E-6	39.194226E-3	2.3862484E-3	39.166298E-3	2.1898828E-3
579.99999E-6	40.700175E-3	883.53170E-6	40.844463E-3	762.68980E-6	38.736776E-3	2.8588311E-3	38.969748E-3	2.6002845E-3
582.00001E-6	40.660985E-3	887.89267E-6	40.876932E-3	840.52671E-6	39.166346E-3	2.5944519E-3	38.766295E-3	2.7498640E-3
583.99996E-6	40.666059E-3	827.05275E-6	40.871941E-3	880.38051E-6	37.522782E-3	2.7470756E-3	37.942417E-3	2.4490368E-3
585.99998E-6	40.661968E-3	780.05553E-6	40.883441E-3	882.23611E-6	38.022775E-3	2.3742605E-3	38.832352E-3	1.6821140E-3
588.00000E-6	40.629189E-3	756.65925E-6	40.754251E-3	799.94643E-6	38.204290E-3	2.0414118E-3	39.041184E-3	2.4265905E-3
590.00001E-6	40.637575E-3	824.70087E-6	40.799338E-3	734.95950E-6	37.906412E-3	2.9276218E-3	39.047234E-3	2.7849900E-3
591.99997E-6	40.535308E-3	949.74478E-6	40.677030E-3	816.28450E-6	31.764504E-3	1.6317302E-3	34.639340E-3	1.4153010E-3
593.99998E-6	40.455159E-3	918.52277E-6	40.675972E-3	899.01168E-6	31.673681E-3	143.26784E-6	32.246489E-3	938.71180E-6
596.00000E-6	40.441092E-3	837.50836E-6	40.718094E-3	934.16893E-6	32.446466E-3	93.204580E-6	31.883672E-3	1.6691680E-3
598.00001E-6	40.304899E-3	775.56859E-6	40.688284E-3	894.30925E-6	31.380542E-3	281.74874E-6	31.268008E-3	1.3849606E-3
599.99997E-6	40.261175E-3	814.46074E-6	40.669113E-3	804.87732E-6	31.397127E-3	897.78571E-6	33.864796E-3	1.6819712E-3
601.99999E-6	40.247794E-3	886.78498E-6	40.666193E-3	780.20769E-6	31.326193E-3	1.0038295E-3	34.407046E-3	1.0718729E-3
604.00000E-6	40.131815E-3	945.33386E-6	40.681940E-3	838.53171E-6	30.482505E-3	21.450860E-6	33.670183E-3	918.80740E-6
606.00002E-6	40.088397E-3	902.86887E-6	40.749017E-3	917.36193E-6	30.468961E-3	76.601878E-6	31.187680E-3	893.67304E-6
607.99997E-6	39.998278E-3	814.31161E-6	40.759325E-3	949.44279E-6	30.471237E-3	23.349323E-6	32.700554E-3	2.4759627E-3
609.99999E-6	38.607534E-3	1.4175783E-3	39.675832E-3	1.8716210E-3	30.487860E-3	-37.343252E-6	31.186329E-3	60.211045E-6
612.00000E-6	37.704017E-3	1.9046472E-3	39.355107E-3	2.0303223E-3	30.603938E-3	-70.887756E-6	31.171603E-3	54.048040E-6
613.99996E-6	37.151452E-3	2.3709650E-3	38.913161E-3	1.8610599E-3	30.704396E-3	-65.061540E-6	31.214127E-3	-35.689089E-6
615.99998E-6	37.876915E-3	2.6918345E-3	39.117388E-3	2.2077025E-3	30.745916E-3	46.070934E-6	31.186637E-3	-80.715705E-6
617.99999E-6	38.997877E-3	2.0648229E-3	38.276963E-3	2.8459264E-3	30.740961E-3	81.748352E-6	31.221494E-3	-44.977347E-6
620.00001E-6	38.790230E-3	2.2301862E-3	39.365251E-3	2.5522998E-3	30.785037E-3	31.751977E-6	31.236326E-3	55.765067E-6
621.99996E-6	38.407005E-3	1.9625537E-3	39.555285E-3	2.2330245E-3	30.826097E-3	-45.914137E-6	31.185757E-3	36.445090E-6
623.99998E-6	38.347006E-3	2.1052863E-3	39.062273E-3	2.3682953E-3	30.812331E-3	-61.981293E-6	31.216692E-3	-28.566510E-6
625.99999E-6	38.398083E-3	2.6569415E-3	38.196594E-3	1.8875863E-3	30.803574E-3	-29.534875E-6	31.206694E-3	-65.446249E-6
628.00001E-6	38.826011E-3	2.6650259E-3	38.041163E-3	2.1522830E-3	30.802289E-3	10.936357E-6	31.225091E-3	-32.357158E-6
629.99997E-6	33.397947E-3	2.6486353E-3	34.155171E-3	1.0924421E-3	30.813843E-3	82.009836E-6	31.234292E-3	65.319698E-6
631.99998E-6	33.112243E-3	2.5392282E-3	34.346480E-3	1.7041608E-3	30.829586E-3	21.247988E-6	31.182144E-3	57.762794E-6
634.00000E-6	32.287650E-3	1.6225588E-3	32.657634E-3	2.7200649E-3	30.941723E-3	-47.971658E-6	31.220252E-3	-32.538490E-6
636.00001E-6	31.721532E-3	822.08833E-6	31.798515E-3	1.8202964E-3	31.046873E-3	-74.302807E-6	31.236393E-3	-70.363945E-6
637.99997E-6	33.637494E-3	977.15715E-6	31.716999E-3	845.24736E-6	31.153349E-3	-25.331106E-6	31.203358E-3	-14.585363E-6
639.99998E-6	34.594886E-3	1.5744221E-3	33.623349E-3	931.22217E-6	31.219155E-3	43.248521E-6	31.203182E-3	56.137687E-6
642.00000E-6	33.188459E-3	2.8859980E-3	31.846736E-3	125.15027E-6	31.294670E-3	81.080885E-6	31.213343E-3	62.572079E-6
644.00001E-6	31.573974E-3	1.7495784E-3	33.064179E-3	1.7355125E-3	31.228635E-3	24.111063E-6	31.206090E-3	-42.268046E-6
645.99997E-6	34.154750E-3	1.6276209E-3	30.857708E-3	-34.314897E-6	31.134142E-3	-60.123948E-6	31.194577E-3	-69.773669E-6
647.99999E-6	31.159362E-3	-9.0943413E-6	30.699147E-3	-74.868432E-6	30.985404E-3	-75.357908E-6	31.202868E-3	-18.990457E-6
650.00000E-6	31.231923E-3	70.849324E-6	30.671641E-3	-53.934069E-6	30.995920E-3	-19.926720E-6	31.201217E-3	62.040395E-6
652.00002E-6	31.239534E-3	50.703111E-6	30.662743E-3	19.173189E-6	31.032337E-3	52.321575E-6	31.224204E-3	42.045547E-6
653.99997E-6	31.231435E-3	-37.182810E-6	30.688845E-3	51.158419E-6	31.028407E-3	70.343762E-6	31.198064E-3	-36.515448E-6
655.99999E-6	31.129716E-3	-81.984123E-6	30.729651E-3	42.601077E-6	30.960200E-3	20.372103E-6	31.197447E-3	-85.809887E-6
658.00000E-6	31.041762E-3	-40.264134E-6	30.791426E-3	-43.498672E-6	30.985739E-3	-51.776937E-6	31.208858E-3	12.314530E-6
659.99996E-6	30.985747E-3	36.334335E-6	30.900683E-3	-66.917797E-6	30.955574E-3	-86.953543E-6	31.210547E-3	60.950173E-6
661.99998E-6	30.893853E-3	78.943689E-6	30.972462E-3	-25.027037E-6	30.981319E-3	-35.394885E-6	31.205673E-3	46.477784E-6
663.99999E-6	30.814445E-3	29.828761E-6	31.073527E-3	47.850888E-6	30.936945E-3	31.224259E-6	31.153634E-3	-68.767113E-6
666.00001E-6	30.813714E-3	-53.767617E-6	31.105317E-3	66.938490E-6	30.821450E-3	67.316454E-6	31.156857E-3	-67.540488E-6
667.99996E-6	30.800467E-3	-75.776894E-6	31.090148E-3	29.533529E-6	30.613953E-3	42.059557E-6	31.194687E-3	13.287556E-6
669.99998E-6	30.779894E-3	-30.622170E-6	31.120082E-3	-56.382658E-6	30.493589E-3	-39.354960E-6	31.170808E-3	79.110694E-6
671.99999E-6	30.781675E-3	43.465072E-6	31.146230E-3	-86.705346E-6	30.455172E-3	-80.528916E-6	31.191893E-3	44.508211E-6
674.00001E-6	30.933550E-3	72.123934E-6	31.099617E-3	-9.8520641E-6	30.451987E-3	-38.314840E-6	31.178705E-3	-43.565622E-6
675.99997E-6	30.914545E-3	14.070480E-6	31.092906E-3	65.509303E-6	30.581081E-3	43.886692E-6	31.177869E-3	-71.828894E-6
677.99998E-6	30.945027E-3	-73.106261E-6	31.113133E-3	70.063448E-6	30.688701E-3	62.662191E-6	31.216007E-3	17.559369E-6
680.00000E-6	30.915879E-3	-57.460376E-6	31.104933E-3	-12.192896E-6	30.717457E-3	34.109904E-6	31.140676E-3	64.370972E-6
682.00001E-6	30.894650E-3	-12.714672E-6	31.135591E-3	-59.657126E-6	30.772330E-3	-26.097621E-6	31.175643E-3	32.395939E-6
683.99997E-6	30.862819E-3	58.443686E-6	31.154821E-3	-63.249958E-6	30.720014E-3	-81.385529E-6	31.195296E-3	-34.940411E-6
685.99998E-6	30.891407E-3	52.044437E-6	31.258676E-3	13.873514E-6	30.825578E-3	-38.439186E-6	31.244926E-3	-80.330799E-6
688.00000E-6	30.850872E-3	-2.4777496E-6	31.314395E-3	64.113185E-6	30.795751E-3	8.6101718E-6	31.255223E-3	-6.6820003E-6
690.00002E-6	30.805910E-3	-90.582056E-6	31.415924E-3	51.766725E-6	30.823400E-3	69.787144E-6	31.202827E-3	73.399009E-6
691.99997E-6	30.759908E-3	-51.324005E-6	31.488638E-3	-20.726708E-6	30.841043E-3	41.470703E-6	31.167088E-3	37.516886E-6
693.99999E-6	30.707052E-3	32.253545E-6	31.509046E-3	-65.804728E-6	30.783094E-3	-14.893005E-6	31.166853E-3	-44.428438E-6
696.00000E-6	30.618234E-3	62.400788E-6	31.502843E-3	-47.087648E-6	31.043485E-3	-83.948275E-6	31.170666E-3	-58.594655E-6
697.99996E-6	30.616784E-3	24.404771E-6	31.439681E-3	10.122264E-6	31.167768E-3	-61.013201E-6	31.166745E-3	9.9233403E-6
699.99998E-6	30.581960E-3	-52.069612E-6	31.341519E-3	62.810497E-6	31.370461E-3	4.5239062E-6	31.139299E-3	59.341015E-6
701.99999E-6	30.618437E-3	-72.893286E-6	31.235348E-3	23.618803E-6	31.443413E-3	46.873760E-6	31.155132E-3	54.775552E-6
704.00001E-6	30.592451E-3	11.179371E-6	31.129949E-3	-49.560604E-6	31.420697E-3	60.040988E-6	31.181930E-3	-49.698687E-6
705.99996E-6	30.712897E-3	72.580871E-6	31.144407E-3	-89.605208E-6	31.395871E-3	-22.045991E-6	31.151457E-3	-80.771766E-6
707.99998E-6	30.807780E-3	64.162356E-6	31.083455E-3	-33.448490E-6	31.278718E-3	-68.535104E-6	31.188892E-3	-32.321939E-6
709.99999E-6	30.875526E-3	11.488090E-6	31.030593E-3	35.112658E-6	31.206263E-3	-56.729008E-6	31.189349E-3	70.328490E-6
712.00001E-6	30.940633E-3	-72.395800E-6	31.032711E-3	64.370819E-6	31.146294E-3	17.068165E-6	31.162083E-3	36.476067E-6
713.99997E-6	30.996848E-3	-63.786385E-6	31.062985E-3	5.2658961E-6	31.134909E-3	61.722756E-6	31.180715E-3	-31.628500E-6
715.99998E-6	31.024270E-3	6.9345351E-6	31.021096E-3	-66.674256E-6	31.073079E-3	35.455658E-6	31.175153E-3	-75.828379E-6
718.00000E-6	31.029075E-3	69.586102E-6	31.007608E-3	-73.768504E-6	31.117368E-3	-29.039367E-6	31.205170E-3	-34.607332E-6
720.00001E-6	31.029616E-3	38.965889E-6	31.016199E-3	-5.5245582E-6	31.090252E-3	-83.364808E-6	31.208593E-3	64.159605E-6
721.99997E-6	30.924296E-3	-23.428751E-6	30.971715E-3	72.699157E-6	31.088430E-3	-51.566411E-6	31.226011E-3	69.803202E-6
723.99998E-6	30.896580E-3	-67.021836E-6	30.967010E-3	69.738155E-6	30.932933E-3	227.52033E-9	31.231171E-3	-12.897243E-6
726.00000E-6	30.925784E-3	-60.555878E-6	30.988628E-3	-11.759599E-6	30.839708E-3	47.085490E-6	31.240176E-3	-69.936446E-6
728.00001E-6	30.891014E-3	-2.9395433E-6	31.006185E-3	-77.565244E-6	30.804340E-3	38.860482E-6	31.281266E-3	-33.352229E-6
729.99997E-6	30.905416E-3	65.700086E-6	30.922223E-3	-68.787864E-6	30.707972E-3	-56.820125E-6	31.298906E-3	43.220763E-6
731.99999E-6	30.930473E-3	24.675530E-6	30.888287E-3	882.64784E-9	30.564765E-3	-85.894622E-6	31.268340E-3	53.101296E-6
734.00000E-6	31.022837E-3	-46.129022E-6	30.850610E-3	76.366712E-6	30.517172E-3	-48.886242E-6	31.234838E-3	475.22451E-9
736.00002E-6	31.024408E-3	-93.109651E-6	30.768398E-3	50.311115E-6	30.513478E-3	35.448436E-6	31.240467E-3	-74.529475E-6
737.99997E-6	31.147746E-3	-41.293246E-6	30.556863E-3	-50.979601E-6	30.537177E-3	77.992147E-6	31.252358E-3	-59.034308E-6
739.99999E-6	31.196607E-3	18.896193E-6	30.408192E-3	-64.646920E-6	30.640390E-3	42.736028E-6	31.206865E-3	32.250879E-6
742.00000E-6	31.236408E-3	53.490279E-6	30.375015E-3	-35.962905E-6	30.734792E-3	-25.745516E-6	31.201620E-3	62.275809E-6
743.99996E-6	31.245846E-3	22.654584E-6	30.394364E-3	39.991355E-6	30.806083E-3	-55.764809E-6	31.272531E-3	-4.3985365E-6
745.99998E-6	31.235753E-3	-31.620610E-6	30.423645E-3	71.062444E-6	30.815933E-3	-49.582090E-6	31.280547E-3	-72.268580E-6
747.99999E-6	31.145751E-3	-77.495286E-6	30.432355E-3	20.616233E-6	30.857021E-3	17.710709E-6	31.238744E-3	-64.669584E-6
750.00001E-6	31.017672E-3	-15.774003E-6	30.538607E-3	-81.048529E-6	30.818885E-3	51.811796E-6	31.228082E-3	12.447262E-6
751.99996E-6	30.939363E-3	48.280715E-6	30.591017E-3	-63.529100E-6	30.815359E-3	67.796282E-6	31.237230E-3	87.785360E-6
753.99998E-6	30.856267E-3	66.163368E-6	30.605758E-3	-7.1425020E-6	30.831877E-3	-3.8963817E-6	31.252969E-3	18.236287E-6
755.99999E-6	30.805646E-3	3.0761967E-6	30.695558E-3	67.093446E-6	30.879710E-3	-60.052724E-6	31.249519E-3	-63.458101E-6
758.00001E-6	30.782569E-3	-68.711459E-6	30.740656E-3	42.786138E-6	30.963466E-3	-71.281800E-6	31.254090E-3	-57.667210E-6
759.99997E-6	30.942928E-3	-69.301634E-6	30.783169E-3	-48.201935E-6	31.036898E-3	2.8785662E-6	31.203603E-3	19.203528E-6
761.99998E-6	30.957021E-3	2.8495908E-6	30.820614E-3	-87.733461E-6	31.131595E-3	78.465280E-6	31.234121E-3	78.783247E-6
764.00000E-6	30.916842E-3	78.352889E-6	30.821333E-3	-44.134285E-6	31.221630E-3	60.765145E-6	31.226357E-3	28.383864E-6
766.00001E-6	30.961854E-3	49.795653E-6	30.818496E-3	60.525275E-6	31.328660E-3	-16.222404E-6	31.249985E-3	-60.630551E-6
767.99997E-6	30.900879E-3	-22.233875E-6	30.831700E-3	71.924900E-6	31.292178E-3	-74.801290E-6	31.237127E-3	-83.348204E-6
769.99998E-6	30.892652E-3	-65.818196E-6	30.819451E-3	3.9735751E-6	31.242441E-3	-46.672929E-6	31.241072E-3	34.462388E-6
772.00000E-6	30.684071E-3	-48.753351E-6	30.841134E-3	-64.776534E-6	31.280413E-3	16.287288E-6	31.224517E-3	62.143488E-6
774.00001E-6	30.670160E-3	33.784618E-6	30.830590E-3	-68.528258E-6	31.199498E-3	56.949553E-6	31.256188E-3	47.797555E-6
775.99997E-6	30.669095E-3	71.615505E-6	30.836506E-3	8.8804700E-6	31.140212E-3	51.559895E-6	31.242242E-3	-40.825103E-6
777.99999E-6	30.640213E-3	18.740178E-6	30.865593E-3	73.752359E-6	30.987103E-3	-15.095817E-6	31.223929E-3	-62.843399E-6
780.00000E-6	30.774647E-3	-61.227358E-6	30.882908E-3	23.654380E-6	30.931028E-3	-74.939089E-6	31.236948E-3	-14.538459E-6
782.00002E-6	30.688737E-3	-87.634297E-6	30.860109E-3	-52.444608E-6	30.906245E-3	-62.885476E-6	31.238701E-3	56.938272E-6
784.00003E-6	30.626560E-3	-15.204811E-6	30.818358E-3	-97.226068E-6	30.903494E-3	2.3973234E-6	31.240836E-3	41.875144E-6
785.99993E-6	30.563606E-3	42.661690E-6	30.839207E-3	-10.775861E-6	30.895028E-3	51.178020E-6	31.233462E-3	-28.092807E-6
787.99995E-6	30.505862E-3	52.230625E-6	30.865217E-3	59.496273E-6	30.900156E-3	67.235793E-6	31.236099E-3	-92.684320E-6
789.99996E-6	30.547110E-3	-15.736474E-6	30.846367E-3	65.877190E-6	30.846365E-3	-16.141512E-6	31.246457E-3	-11.123788E-6
791.99998E-6	30.395554E-3	-63.108877E-6	31.150531E-3	-12.043542E-6	30.763447E-3	-65.273496E-6	31.252395E-3	47.253430E-6
793.99999E-6	30.464774E-3	-72.375202E-6	31.175615E-3	-66.995293E-6	30.646181E-3	-70.954025E-6	31.274259E-3	71.479357E-6
796.00001E-6	30.507278E-3	-3.7396064E-6	31.187868E-3	-42.726748E-6	30.584728E-3	17.882281E-6	31.250253E-3	1.9034616E-6
798.00002E-6	30.543504E-3	55.782297E-6	31.222500E-3	4.9036430E-6	30.490112E-3	74.099604E-6	31.261068E-3	-68.879555E-6
800.00004E-6	30.571312E-3	38.767525E-6	31.254966E-3	92.469600E-6	30.429235E-3	53.364049E-6	31.259678E-3	-40.839033E-6
801.99994E-6	30.690527E-3	-20.403586E-6	31.449791E-3	29.011704E-6	30.414768E-3	-29.779630E-6	31.268805E-3	26.380947E-6
803.99995E-6	30.722937E-3	-82.267768E-6	31.455435E-3	-44.768021E-6	30.489590E-3	-79.774451E-6	31.225409E-3	79.194295E-6
805.99997E-6	30.837120E-3	-49.156366E-6	31.508483E-3	-73.028241E-6	30.573588E-3	-47.188089E-6	31.214476E-3	21.168335E-6
807.99998E-6	30.838152E-3	26.070396E-6	31.521179E-3	-29.339551E-6	30.628044E-3	20.204034E-6	31.246508E-3	-62.949628E-6
810.00000E-6	30.814005E-3	70.162234E-6	31.262431E-3	71.483664E-6	30.748289E-3	67.686262E-6	31.260394E-3	-68.380410E-6
812.00001E-6	30.880824E-3	15.771146E-6	31.284425E-3	66.340719E-6	30.774057E-3	45.019107E-6	31.281777E-3	38.044796E-6
814.00003E-6	30.842276E-3	-49.491056E-6	31.217862E-3	-14.487926E-6	30.809037E-3	-44.956629E-6	31.451523E-3	65.995948E-6
816.00004E-6	30.901523E-3	-73.327385E-6	31.224605E-3	-77.650693E-6	30.796058E-3	-67.438952E-6	31.515993E-3	20.631500E-6
817.99994E-6	30.893365E-3	3.4195236E-6	31.162800E-3	-59.283815E-6	30.824309E-3	-60.351387E-6	31.479515E-3	-54.052722E-6
819.99996E-6	30.844845E-3	61.153398E-6	31.085730E-3	8.1307535E-6	30.832913E-3	30.788055E-6	31.498246E-3	-82.549166E-6
821.99997E-6	30.845506E-3	60.750517E-6	31.134753E-3	73.891424E-6	30.820757E-3	75.158125E-6	31.501319E-3	-12.739614E-6
823.99999E-6	30.898312E-3	-16.885982E-6	31.099211E-3	18.307961E-6	30.829178E-3	39.431892E-6	31.491250E-3	68.288915E-6
826.00000E-6	30.919427E-3	-63.627245E-6	31.046376E-3	-56.694971E-6	30.851992E-3	-42.124586E-6	31.527314E-3	39.843118E-6
828.00002E-6	30.989725E-3	-53.968604E-6	31.028200E-3	-67.588851E-6	30.865828E-3	-82.288301E-6	31.536471E-3	-44.268436E-6
830.00003E-6	30.956298E-3	26.735024E-6	30.992795E-3	-15.670948E-6	31.835381E-3	250.00350E-6	31.539027E-3	-100.61624E-6
831.99993E-6	31.003745E-3	78.252400E-6	30.945674E-3	62.139916E-6	30.982435E-3	29.039200E-6	31.567495E-3	-26.537671E-6
833.99995E-6	31.060753E-3	12.772463E-6	30.964343E-3	56.709159E-6	31.097906E-3	78.341218E-6	31.573199E-3	59.215941E-6
835.99996E-6	31.116443E-3	-47.230424E-6	30.950025E-3	-14.417695E-6	31.143850E-3	18.515335E-6	31.574741E-3	72.267198E-6
837.99998E-6	31.206034E-3	-92.945214E-6	30.925175E-3	-75.168376E-6	31.207858E-3	-64.034713E-6	31.612769E-3	4.2838510E-6
839.99999E-6	31.299822E-3	-32.083848E-6	30.885577E-3	-60.337250E-6	35.754517E-3	3.0517096E-3	36.141828E-3	2.9807934E-3
842.00001E-6	31.287402E-3	42.051535E-6	30.958673E-3	21.424021E-6	36.540523E-3	2.7466659E-3	36.865957E-3	2.7389263E-3
844.00002E-6	31.276561E-3	64.275308E-6	30.942388E-3	50.912426E-6	37.237518E-3	2.8546695E-3	38.027234E-3	2.7616869E-3
846.00004E-6	31.179180E-3	27.095604E-6	30.929863E-3	30.726103E-6	36.403205E-3	3.1211574E-3	38.064200E-3	3.1076297E-3
847.99994E-6	31.131379E-3	-95.220552E-6	30.945161E-3	-55.344241E-6	34.199495E-3	3.2174618E-3	36.279753E-3	3.3157147E-3
849.99995E-6	31.048570E-3	-74.873024E-6	30.935438E-3	-55.674282E-6	34.871653E-3	3.2569296E-3	35.923570E-3	3.1941319E-3
851.99997E-6	30.953111E-3	-8.0373711E-6	30.935735E-3	-23.015464E-6	35.652597E-3	2.7636234E-3	37.230037E-3	2.8413050E-3
853.99998E-6	30.879913E-3	53.324376E-6	30.920114E-3	59.309637E-6	36.340982E-3	2.7947882E-3	37.517577E-3	2.7644269E-3
856.00000E-6	30.858250E-3	62.288666E-6	30.927459E-3	73.111194E-6	35.951961E-3	2.7429380E-3	37.681289E-3	2.9292111E-3
858.00001E-6	34.051854E-3	909.85646E-6	32.962304E-3	1.2359519E-3	39.639238E-3	1.1953514E-3	40.642142E-3	1.0302593E-3
860.00003E-6	34.731891E-3	2.3025149E-3	35.031907E-3	2.0903801E-3	39.942004E-3	990.54736E-6	40.863577E-3	1.0105504E-3
862.00004E-6	34.383174E-3	2.3541467E-3	34.069639E-3	2.7589854E-3	39.943259E-3	1.0304180E-3	40.936403E-3	1.1906909E-3
863.99994E-6	33.233304E-3	2.9758292E-3	33.019178E-3	2.9837093E-3	40.190451E-3	1.0541116E-3	40.940050E-3	1.3412755E-3
865.99996E-6	33.869311E-3	2.4413357E-3	33.239070E-3	2.3659682E-3	40.102791E-3	1.2436038E-3	40.867079E-3	1.1752652E-3
867.99997E-6	32.033026E-3	1.3748789E-3	33.520933E-3	1.3344698E-3	39.833244E-3	1.2448461E-3	40.706154E-3	1.0247175E-3
869.99999E-6	34.533609E-3	1.8870353E-3	35.420958E-3	2.0751143E-3	39.500266E-3	1.1219184E-3	40.926371E-3	1.0562062E-3
872.00000E-6	35.190448E-3	2.0115233E-3	34.203891E-3	2.4621033E-3	39.341904E-3	936.99142E-6	41.143663E-3	1.1339057E-3
874.00002E-6	34.305908E-3	2.8154317E-3	33.282511E-3	2.9106315E-3	39.342992E-3	953.86402E-6	40.997393E-3	1.3812544E-3
876.00003E-6	34.144972E-3	3.0407894E-3	33.885188E-3	2.7282864E-3	39.379708E-3	1.0348643E-3	41.003060E-3	1.2422763E-3
877.99993E-6	38.763735E-3	1.6417367E-3	39.405473E-3	1.5758293E-3	40.003385E-3	856.29296E-6	41.600235E-3	885.63672E-6
879.99995E-6	39.432112E-3	1.5406900E-3	39.546054E-3	1.4262879E-3	40.192001E-3	908.58276E-6	41.585304E-3	807.62553E-6
881.99996E-6	39.545592E-3	1.3847611E-3	39.720796E-3	1.2895996E-3	40.308196E-3	907.86500E-6	41.551169E-3	793.90948E-6
883.99998E-6	39.560888E-3	1.1082516E-3	39.392922E-3	1.6430895E-3	40.349770E-3	851.15968E-6	41.566249E-3	850.81015E-6
885.99999E-6	39.197132E-3	1.1340224E-3	39.406985E-3	1.1223657E-3	40.373337E-3	768.00922E-6	41.582312E-3	914.94992E-6
888.00001E-6	39.336760E-3	1.1280081E-3	39.621651E-3	1.3168525E-3	40.522363E-3	787.64313E-6	41.593224E-3	915.67682E-6
890.00002E-6	39.795708E-3	1.2783431E-3	39.846029E-3	1.5680307E-3	40.507000E-3	868.69940E-6	41.574787E-3	833.05890E-6
892.00004E-6	39.977632E-3	1.4055106E-3	40.048070E-3	1.2082212E-3	40.527433E-3	915.02775E-6	41.530021E-3	771.63248E-6
893.99994E-6	40.195499E-3	1.1355261E-3	39.835095E-3	1.0553498E-3	40.473029E-3	881.42802E-6	41.525211E-3	821.17890E-6
895.99995E-6	40.671416E-3	781.37062E-6	40.657695E-3	835.65479E-6	40.630702E-3	809.52042E-6	41.653492E-3	876.64265E-6
897.99997E-6	40.631149E-3	852.94858E-6	40.679976E-3	912.05293E-6	40.637963E-3	758.52952E-6	41.634116E-3	899.54340E-6
899.99998E-6	40.623371E-3	909.04895E-6	40.771581E-3	917.37817E-6	40.665682E-3	778.73439E-6	41.623119E-3	821.46237E-6
902.00000E-6	40.626075E-3	925.27719E-6	40.749982E-3	841.90565E-6	40.765069E-3	828.40282E-6	41.589156E-3	780.57917E-6
904.00001E-6	40.634338E-3	861.23869E-6	40.789772E-3	803.91107E-6	40.883608E-3	895.79157E-6	41.510608E-3	781.35089E-6
906.00003E-6	40.683199E-3	782.33465E-6	40.754437E-3	827.62854E-6	40.974621E-3	877.00109E-6	41.476503E-3	825.57148E-6
908.00005E-6	40.660404E-3	764.66496E-6	40.625598E-3	881.66638E-6	41.026492E-3	804.57336E-6	41.411549E-3	903.00594E-6
909.99994E-6	40.684905E-3	853.44340E-6	40.667109E-3	927.66248E-6	41.124348E-3	739.28258E-6	41.397400E-3	860.17087E-6
911.99996E-6	40.733796E-3	897.65427E-6	40.712789E-3	880.47684E-6	41.060191E-3	764.16857E-6	41.385464E-3	757.85012E-6
913.99997E-6	40.771570E-3	890.98036E-6	40.742464E-3	834.42329E-6	40.961470E-3	863.05680E-6	41.426424E-3	757.62562E-6
915.99999E-6	40.909704E-3	794.18265E-6	40.862057E-3	768.80667E-6	40.857904E-3	905.63443E-6	41.471135E-3	803.57125E-6
918.00001E-6	41.013569E-3	751.78308E-6	40.895175E-3	822.66476E-6	40.821761E-3	871.87625E-6	41.444115E-3	883.19532E-6
920.00002E-6	41.044150E-3	788.33930E-6	40.955774E-3	872.22474E-6	40.726356E-3	787.40803E-6	41.422751E-3	888.01590E-6
922.00004E-6	41.096613E-3	859.06120E-6	40.973082E-3	875.78880E-6	40.721148E-3	751.69466E-6	41.400574E-3	802.55006E-6
923.99993E-6	41.117039E-3	873.78593E-6	40.983781E-3	814.98589E-6	40.734161E-3	778.18899E-6	41.385315E-3	757.36310E-6
925.99995E-6	41.095182E-3	867.77704E-6	41.003957E-3	751.18901E-6	40.748995E-3	866.55084E-6	41.371416E-3	776.30702E-6
927.99996E-6	41.060984E-3	796.96620E-6	41.039668E-3	751.52051E-6	40.781960E-3	894.55064E-6	41.302871E-3	852.08373E-6
929.99998E-6	41.050758E-3	748.83865E-6	41.086212E-3	843.70404E-6	40.755022E-3	850.73680E-6	41.295238E-3	895.03382E-6
932.00000E-6	40.956497E-3	791.89031E-6	40.974233E-3	901.69086E-6	40.746748E-3	783.59887E-6	41.301753E-3	845.98624E-6
934.00001E-6	40.896825E-3	860.81662E-6	41.035425E-3	851.59938E-6	40.740587E-3	741.78050E-6	41.317768E-3	762.62350E-6
936.00003E-6	40.750511E-3	909.45925E-6	41.051984E-3	806.46313E-6	40.637966E-3	835.10851E-6	41.425265E-3	771.76432E-6
938.00004E-6	40.719476E-3	851.35421E-6	41.112259E-3	748.24714E-6	40.634401E-3	910.25542E-6	41.280553E-3	850.74658E-6
939.99994E-6	40.645652E-3	768.17611E-6	41.009184E-3	822.43979E-6	40.520329E-3	940.39639E-6	41.235059E-3	916.94063E-6
941.99996E-6	40.631063E-3	763.58346E-6	40.972408E-3	896.62266E-6	40.555123E-3	833.56077E-6	41.216087E-3	900.16046E-6
943.99997E-6	40.593173E-3	813.29816E-6	41.051727E-3	889.68454E-6	40.515505E-3	782.87948E-6	41.167431E-3	810.66694E-6
945.99999E-6	40.624950E-3	882.73786E-6	41.051049E-3	794.93294E-6	40.439118E-3	776.11837E-6	41.172631E-3	767.19507E-6
948.00000E-6	40.623590E-3	895.80321E-6	40.984195E-3	763.77526E-6	40.360264E-3	857.59227E-6	41.150380E-3	843.45380E-6
950.00002E-6	40.629920E-3	839.95197E-6	40.918317E-3	784.74951E-6	40.302534E-3	922.31721E-6	41.177593E-3	918.01194E-6
952.00003E-6	40.649593E-3	765.26846E-6	40.865503E-3	872.68313E-6	40.195607E-3	894.69337E-6	41.183397E-3	914.75592E-6
953.99993E-6	40.229104E-3	938.85773E-6	40.642202E-3	942.06876E-6	39.444990E-3	1.5742381E-3	40.646058E-3	1.4732337E-3
955.99995E-6	40.373154E-3	874.87116E-6	40.631607E-3	898.90213E-6	39.136413E-3	1.3495754E-3	40.257808E-3	1.3899362E-3
957.99996E-6	40.306430E-3	996.95323E-6	40.650073E-3	825.67916E-6	39.092012E-3	1.1322319E-3	39.861429E-3	1.1653490E-3
959.99998E-6	40.093675E-3	941.90339E-6	40.503919E-3	890.54048E-6	39.455656E-3	1.2752195E-3	40.324431E-3	1.0886545E-3
961.99999E-6	39.977301E-3	885.93259E-6	40.640112E-3	1.0918647E-3	39.756805E-3	1.4820307E-3	40.616293E-3	1.5671836E-3
964.00001E-6	39.778545E-3	874.62168E-6	40.615536E-3	954.11495E-6	39.483432E-3	1.6081888E-3	40.614974E-3	1.5218735E-3
966.00002E-6	39.837971E-3	1.0220307E-3	40.550254E-3	963.79610E-6	39.623398E-3	1.4196563E-3	40.245384E-3	1.1458953E-3
968.00004E-6	40.123653E-3	1.1377786E-3	40.471915E-3	869.52769E-6	39.241575E-3	1.1988825E-3	39.797574E-3	1.1489058E-3
969.99994E-6	40.290192E-3	1.0898054E-3	40.435407E-3	823.52315E-6	39.474741E-3	1.1540024E-3	39.970201E-3	1.1502339E-3
971.99995E-6	40.053122E-3	946.04841E-6	40.398803E-3	937.21942E-6	39.756954E-3	1.3494401E-3	40.153310E-3	1.1836038E-3
973.99997E-6	37.689835E-3	3.0795489E-3	36.562100E-3	2.6372098E-3	35.913214E-3	2.9146096E-3	36.179069E-3	2.7907717E-3
975.99998E-6	38.435824E-3	2.7666835E-3	37.317678E-3	3.0278498E-3	36.796663E-3	2.6008352E-3	35.678133E-3	2.1520290E-3
978.00000E-6	37.899159E-3	2.0997168E-3	36.241103E-3	3.3087728E-3	36.285557E-3	2.5900216E-3	34.958296E-3	2.5234972E-3
980.00001E-6	36.397159E-3	2.8027871E-3	38.637046E-3	2.1566001E-3	34.208510E-3	2.8525139E-3	34.314729E-3	3.0694180E-3
982.00003E-6	36.733992E-3	3.0679561E-3	38.028758E-3	2.5815985E-3	33.571057E-3	3.2301708E-3	34.995813E-3	3.2502315E-3
984.00004E-6	36.283683E-3	3.1357426E-3	36.715977E-3	2.7067186E-3	34.355994E-3	3.0631660E-3	35.963085E-3	2.9752115E-3
985.99994E-6	36.489051E-3	2.7837935E-3	35.946403E-3	3.1457634E-3	35.967287E-3	2.6965954E-3	35.466060E-3	2.2647935E-3
987.99996E-6	36.995668E-3	2.7147816E-3	37.125293E-3	2.8958255E-3	36.262363E-3	2.4654353E-3	36.503218E-3	2.6857324E-3
989.99997E-6	37.720293E-3	2.5686065E-3	36.352862E-3	3.2267026E-3	35.454985E-3	2.5777481E-3	34.371216E-3	2.9437884E-3
991.99999E-6	30.954158E-3	46.010799E-6	30.977258E-3	681.22061E-6	30.798625E-3	-23.415076E-6	30.805955E-3	45.740773E-6
994.00000E-6	30.963378E-3	73.708346E-6	31.035271E-3	-37.047805E-6	30.879078E-3	54.336906E-6	30.847292E-3	73.364165E-6
996.00002E-6	31.011032E-3	31.708223E-6	30.972958E-3	55.285083E-6	31.006057E-3	51.314652E-6	30.835375E-3	23.786268E-6
998.00003E-6	31.056311E-3	-29.673451E-6	32.599982E-3	964.54966E-6	31.260733E-3	8.6292766E-6	30.879170E-3	-45.546549E-6
999.99993E-6	31.096902E-3	-77.277633E-6	30.943761E-3	-11.670346E-6	31.248763E-3	-69.224523E-6	30.851275E-3	-60.969262E-6
