Experiment	Sweeper	
Saved Date	30.06.2023 19:26:18	
User		
Date		
Start time	30.06.2023 19:14:13	
Sweep channel: Name	Output 2 (V)	
Sweep channel: Start (V)	-100E-6	
Sweep channel: Stop (V)	200E-6	
Sweep channel: Points	601	
Sweep channel: Max slew rate (V/s)	Inf	
Sweep channel: Initial settling time (s)	20E+3	
Sweep channel: End settling time (s)	2E+0	
Sweep channel: Backward sweep	TRUE	
Sweep channel: Number of sweeps	2	
Sweep channel: Reset	FALSE	
Step channel 1: Name	Output 3 (V)	
Step channel 1: Start (V)	50E-3	
Step channel 1: Stop (V)	50E-3	
Step channel 1: Points	2	
Step channel 1: Max slew rate (V/s)	10E+0	
Step channel 1:  Initial settling time (s)	2E+0	
Step channel 1: End settling time (s)	2E+0	
Step channel 1: Backward sweep	FALSE	
Step channel 1: Reset	FALSE	
Sweep Type	2D-Both RT	
Acquire channels	Input 1 (V);LI Demod 3 X (V)	
Filter type	None	
Order		
Cutoff frq		

[DATA]
Output 2 Setp. (V)	Input 1 [00001] (V)	LI Demod 3 X [00001] (V)	Input 1 [00002] (V)	LI Demod 3 X [00002] (V)	Input 1 [00001] [bwd] (V)	LI Demod 3 X [00001] [bwd] (V)	Input 1 [00002] [bwd] (V)	LI Demod 3 X [00002] [bwd] (V)
-99.999997E-6	31.068960E-3	49.391481E-6	30.788345E-3	-33.425084E-6	30.964632E-3	21.351381E-6	30.941352E-3	5.0519575E-6
-99.500001E-6	31.075886E-3	71.065260E-6	30.705081E-3	-91.278169E-6	30.986484E-3	54.011183E-6	30.945711E-3	57.182930E-6
-98.999997E-6	31.078542E-3	9.3071449E-6	30.641416E-3	-48.518901E-6	30.965535E-3	27.378452E-6	30.993901E-3	48.523158E-6
-98.500001E-6	31.056665E-3	-55.792985E-6	30.657336E-3	46.835601E-6	30.980017E-3	-38.665632E-6	31.028777E-3	-17.602841E-6
-97.999997E-6	31.041276E-3	-54.063061E-6	30.725725E-3	83.185223E-6	31.010158E-3	-78.660909E-6	31.120475E-3	-76.824763E-6
-97.500000E-6	31.031044E-3	68.667134E-6	30.787492E-3	34.774777E-6	31.011075E-3	-44.213106E-6	31.110656E-3	-45.439017E-6
-96.999996E-6	31.003792E-3	80.861486E-6	30.923923E-3	-40.980209E-6	31.058215E-3	31.859396E-6	31.100107E-3	44.762011E-6
-96.500000E-6	31.018842E-3	-6.8468030E-6	31.002963E-3	-80.919963E-6	31.098299E-3	78.976926E-6	31.121183E-3	75.056763E-6
-95.999996E-6	30.978896E-3	-87.291592E-6	31.076452E-3	-40.124367E-6	31.102369E-3	33.233886E-6	31.157745E-3	20.301648E-6
-95.500000E-6	31.008402E-3	-72.618379E-6	31.092528E-3	74.295756E-6	31.177903E-3	-50.360060E-6	31.152455E-3	-61.599094E-6
-94.999996E-6	31.029476E-3	47.554942E-6	31.144954E-3	75.822085E-6	31.251110E-3	-73.211137E-6	31.143958E-3	-36.569629E-6
-94.499999E-6	31.003507E-3	78.420730E-6	31.165421E-3	-6.6254906E-6	31.373471E-3	-11.937986E-6	31.113964E-3	-23.018047E-6
-93.999995E-6	30.967504E-3	3.1801981E-6	31.162757E-3	-56.339151E-6	31.407174E-3	71.441413E-6	31.157302E-3	62.516374E-6
-93.499999E-6	30.956529E-3	-73.670984E-6	31.172950E-3	-54.942528E-6	31.444028E-3	77.076307E-6	31.157127E-3	57.414418E-6
-92.999995E-6	30.962056E-3	-41.974330E-6	31.193856E-3	-11.789938E-6	31.449646E-3	-6.8766512E-6	31.203296E-3	-15.261783E-6
-92.499999E-6	30.939721E-3	52.573130E-6	31.170255E-3	59.328162E-6	31.409025E-3	-78.193931E-6	31.158213E-3	-70.119138E-6
-91.999995E-6	30.944474E-3	75.135431E-6	31.199589E-3	38.290767E-6	31.372905E-3	-59.231781E-6	31.194784E-3	-50.438299E-6
-91.499998E-6	30.929457E-3	-14.415872E-6	31.192305E-3	-8.1653980E-6	31.317666E-3	6.0776315E-6	31.205859E-3	29.330733E-6
-90.999994E-6	30.941810E-3	-64.049840E-6	31.247064E-3	-73.218755E-6	31.324115E-3	69.427035E-6	31.235902E-3	78.754972E-6
-90.499998E-6	30.880084E-3	-75.647135E-6	31.253770E-3	-75.203578E-6	31.271514E-3	42.413736E-6	31.346895E-3	36.902438E-6
-90.000001E-6	30.916726E-3	46.516157E-6	31.272281E-3	3.6618151E-6	31.243907E-3	-36.945828E-6	31.385694E-3	-57.187030E-6
-89.499998E-6	30.902779E-3	65.328371E-6	31.355958E-3	71.026261E-6	31.200018E-3	-74.203483E-6	31.460464E-3	-91.629452E-6
-88.999994E-6	30.904623E-3	-11.838884E-6	31.594444E-3	37.713897E-6	31.219803E-3	-45.212273E-6	31.518202E-3	-25.304269E-6
-88.499997E-6	30.910270E-3	-56.290079E-6	31.833746E-3	-38.656704E-6	31.208862E-3	38.741546E-6	31.597935E-3	45.048084E-6
-88.000001E-6	30.898539E-3	-33.265176E-6	31.876229E-3	-89.072615E-6	31.211691E-3	59.420985E-6	31.647313E-3	76.106997E-6
-87.499997E-6	30.928412E-3	16.749662E-6	31.885646E-3	-40.302821E-6	31.084063E-3	20.912843E-6	31.665064E-3	-2.0606576E-6
-87.000000E-6	30.882742E-3	76.896227E-6	31.902965E-3	46.706391E-6	31.030031E-3	-55.805234E-6	31.639639E-3	-84.794825E-6
-86.499997E-6	30.898433E-3	1.6391961E-6	31.879842E-3	81.803038E-6	31.022109E-3	-93.798386E-6	31.611189E-3	-77.090262E-6
-86.000000E-6	30.885620E-3	-52.761548E-6	31.788263E-3	5.4022066E-6	31.022947E-3	-23.202607E-6	31.605095E-3	3.7963212E-6
-85.499996E-6	30.950993E-3	-50.680403E-6	31.664338E-3	-57.717574E-6	30.990997E-3	57.248169E-6	31.538751E-3	62.367479E-6
-85.000000E-6	30.952394E-3	53.179134E-6	31.540342E-3	-64.416941E-6	30.918816E-3	69.535847E-6	31.483077E-3	47.204911E-6
-84.499996E-6	30.967871E-3	82.213191E-6	31.256102E-3	-2.3178350E-6	30.882925E-3	-4.7923177E-6	31.419754E-3	-37.382502E-6
-83.999999E-6	30.935235E-3	16.950766E-6	31.214353E-3	56.978966E-6	30.836036E-3	-49.002920E-6	31.392954E-3	-92.967879E-6
-83.499996E-6	30.951343E-3	-61.555089E-6	31.188063E-3	65.564775E-6	30.749714E-3	-56.770357E-6	31.347085E-3	-50.550927E-6
-82.999999E-6	31.009952E-3	-62.314059E-6	31.159289E-3	10.447347E-6	30.635124E-3	5.9895533E-6	31.318892E-3	34.875604E-6
-82.499995E-6	30.949518E-3	17.190456E-6	31.164106E-3	-86.135464E-6	30.576270E-3	63.891704E-6	31.354748E-3	88.426481E-6
-81.999999E-6	31.008730E-3	72.017996E-6	31.136552E-3	-62.109859E-6	30.593049E-3	91.312191E-6	31.341743E-3	29.629799E-6
-81.499995E-6	31.024372E-3	41.203064E-6	31.165825E-3	18.683217E-6	30.656490E-3	-14.637121E-6	31.332709E-3	-67.356887E-6
-80.999998E-6	31.059740E-3	-52.099182E-6	31.152595E-3	65.747023E-6	30.712398E-3	-54.447912E-6	31.340897E-3	-77.131488E-6
-80.500002E-6	31.032199E-3	-59.773640E-6	31.152029E-3	55.009201E-6	30.928804E-3	-73.801311E-6	31.288683E-3	10.284080E-6
-79.999998E-6	31.048208E-3	193.40082E-9	31.081429E-3	-23.112290E-6	31.018322E-3	23.581033E-6	31.262379E-3	50.110342E-6
-79.499994E-6	31.034341E-3	60.406484E-6	31.019356E-3	-68.417598E-6	31.092484E-3	72.265269E-6	31.283658E-3	56.947356E-6
-78.999998E-6	31.020960E-3	41.462525E-6	30.937918E-3	-57.477893E-6	31.203121E-3	49.462044E-6	31.265225E-3	-43.247026E-6
-78.500001E-6	31.056624E-3	-1.6974589E-6	30.879216E-3	34.871719E-6	31.211181E-3	-49.097544E-6	31.208787E-3	-84.916072E-6
-77.999997E-6	31.048717E-3	-77.718556E-6	30.806633E-3	84.071144E-6	31.189715E-3	-90.391826E-6	30.968605E-3	-54.940760E-6
-77.499993E-6	30.964132E-3	-26.335856E-6	30.730875E-3	36.033249E-6	31.208593E-3	-19.029916E-6	31.043462E-3	20.086694E-6
-76.999997E-6	30.979697E-3	15.009326E-6	30.806636E-3	-22.768219E-6	31.220103E-3	51.642302E-6	30.984430E-3	38.280214E-6
-76.500000E-6	30.976051E-3	64.568907E-6	30.812146E-3	-69.964524E-6	31.226560E-3	57.262510E-6	30.890621E-3	25.719664E-6
-75.999997E-6	31.019576E-3	-8.2462511E-6	30.895509E-3	-63.774773E-6	31.225847E-3	30.664331E-6	30.828077E-3	-53.588024E-6
-75.500000E-6	31.058917E-3	-67.707850E-6	31.007523E-3	31.174182E-6	31.245470E-3	-61.392464E-6	30.804019E-3	-71.255221E-6
-74.999996E-6	31.037087E-3	-64.895328E-6	31.050015E-3	65.874439E-6	31.292118E-3	-74.752701E-6	30.689336E-3	-20.680067E-6
-74.500000E-6	31.061513E-3	6.7481947E-6	31.116124E-3	39.215309E-6	31.361826E-3	-20.951922E-6	30.654596E-3	35.754099E-6
-73.999996E-6	31.059735E-3	70.837210E-6	31.163177E-3	-54.193988E-6	31.434149E-3	59.976417E-6	30.671561E-3	58.720998E-6
-73.499999E-6	31.064276E-3	55.178578E-6	31.205904E-3	-81.676248E-6	31.469278E-3	60.856044E-6	30.756218E-3	14.950311E-6
-72.999996E-6	31.095346E-3	-48.766600E-6	31.245407E-3	-32.728247E-6	31.385507E-3	912.72096E-9	30.819727E-3	-64.859123E-6
-72.499999E-6	31.078145E-3	-79.801830E-6	31.192651E-3	63.606654E-6	31.491980E-3	-64.175838E-6	30.859876E-3	-69.834532E-6
-71.999995E-6	31.063877E-3	-9.3816388E-6	31.229941E-3	71.755516E-6	31.602230E-3	-60.009876E-6	30.938171E-3	-14.512695E-6
-71.499999E-6	31.154359E-3	45.056509E-6	31.269319E-3	24.923025E-6	31.652715E-3	-23.800085E-6	30.969489E-3	67.329893E-6
-70.999995E-6	31.106181E-3	65.642649E-6	31.266086E-3	-50.121045E-6	31.584863E-3	79.692683E-6	31.037770E-3	64.922562E-6
-70.499998E-6	31.133259E-3	-9.1749307E-6	31.284995E-3	-63.262618E-6	31.560585E-3	55.335215E-6	30.998185E-3	-22.727882E-6
-69.999995E-6	31.158639E-3	-79.846301E-6	31.274468E-3	-12.244786E-6	31.441052E-3	-9.4667557E-6	31.018561E-3	-75.796816E-6
-69.499998E-6	31.233104E-3	-52.376257E-6	31.394150E-3	57.069294E-6	31.296842E-3	-57.128633E-6	31.048462E-3	-48.777547E-6
-69.000002E-6	31.235119E-3	35.399709E-6	31.437598E-3	55.155913E-6	31.273961E-3	-65.220600E-6	31.053875E-3	30.544285E-6
-68.499998E-6	31.227408E-3	66.060791E-6	31.557601E-3	15.104445E-6	31.233519E-3	11.250399E-6	31.048393E-3	83.246508E-6
-67.999994E-6	31.266727E-3	-1.4617975E-6	31.638525E-3	-64.873195E-6	31.241938E-3	68.774279E-6	31.005966E-3	43.175900E-6
-67.499997E-6	31.293672E-3	-58.435227E-6	31.670406E-3	-69.886672E-6	31.186583E-3	56.345656E-6	31.034734E-3	-33.155244E-6
-67.000001E-6	31.309508E-3	-63.185769E-6	31.696148E-3	13.406469E-6	31.207671E-3	-2.2348063E-6	31.068601E-3	-62.185623E-6
-66.499997E-6	31.333506E-3	12.735621E-6	31.668846E-3	56.974910E-6	31.224433E-3	-58.946440E-6	31.101683E-3	-26.438280E-6
-65.999993E-6	31.326059E-3	64.040731E-6	31.594768E-3	56.679772E-6	31.167887E-3	-27.194683E-6	31.176154E-3	43.575841E-6
-65.499997E-6	31.347565E-3	47.866237E-6	31.457946E-3	-5.8421160E-6	31.173795E-3	17.547713E-6	31.231113E-3	59.921906E-6
-65.000000E-6	31.380560E-3	-29.600407E-6	31.330772E-3	-57.736903E-6	31.117769E-3	55.071381E-6	31.337641E-3	20.290712E-6
-64.499996E-6	31.400546E-3	-106.68424E-6	31.268470E-3	-54.298838E-6	31.060442E-3	51.249910E-6	31.424992E-3	-64.715117E-6
-63.999993E-6	31.198449E-3	-19.254428E-6	31.192675E-3	14.394466E-6	30.929156E-3	-21.980752E-6	31.486794E-3	-71.495604E-6
-63.499996E-6	31.214327E-3	76.396362E-6	31.190172E-3	80.897873E-6	30.863792E-3	-84.533087E-6	31.506911E-3	-36.402791E-6
-62.999999E-6	31.169832E-3	57.827558E-6	31.189548E-3	55.153669E-6	30.769706E-3	-79.551013E-6	31.465635E-3	54.385633E-6
-62.499996E-6	31.126373E-3	-17.101242E-6	31.171028E-3	-29.784514E-6	30.714046E-3	2.3291450E-6	31.389020E-3	50.573843E-6
-61.999999E-6	30.980449E-3	-72.875657E-6	31.147350E-3	-74.760806E-6	30.714031E-3	82.611077E-6	31.297669E-3	15.053587E-6
-61.500003E-6	30.959157E-3	-45.241810E-6	31.163342E-3	-67.388457E-6	30.829063E-3	56.241464E-6	31.176751E-3	-65.125416E-6
-60.999999E-6	30.922676E-3	41.451633E-6	31.158406E-3	25.006048E-6	30.919256E-3	-21.860618E-6	31.143937E-3	-80.635611E-6
-60.499999E-6	30.912803E-3	70.683505E-6	31.121125E-3	81.287573E-6	30.999517E-3	-72.716553E-6	31.147823E-3	-23.869947E-6
-59.999998E-6	30.885430E-3	5.2986338E-6	31.135758E-3	59.010381E-6	30.992733E-3	-33.800708E-6	31.142807E-3	71.024049E-6
-59.499998E-6	30.827334E-3	-59.078226E-6	31.079004E-3	-26.615717E-6	30.951740E-3	26.128535E-6	31.114107E-3	63.301566E-6
-58.999998E-6	30.820454E-3	-62.647363E-6	31.011591E-3	-88.323759E-6	30.984942E-3	62.803731E-6	31.123394E-3	2.0099549E-6
-58.499998E-6	30.775327E-3	31.480296E-6	30.925376E-3	-46.356479E-6	30.987822E-3	45.596036E-6	31.152425E-3	-54.930704E-6
-57.999998E-6	30.773252E-3	73.642412E-6	30.856356E-3	42.054180E-6	30.974958E-3	-36.548830E-6	31.103877E-3	-61.764251E-6
-57.499998E-6	30.734517E-3	36.224210E-6	30.794835E-3	82.739774E-6	30.950770E-3	-101.52597E-6	31.095007E-3	-22.008047E-6
-56.999997E-6	30.655434E-3	-29.081570E-6	30.881774E-3	35.247260E-6	30.931126E-3	-49.085524E-6	31.053238E-3	65.220876E-6
-56.499997E-6	30.663349E-3	-66.693385E-6	30.978071E-3	-36.989983E-6	30.947048E-3	13.131369E-6	31.003281E-3	56.452536E-6
-55.999997E-6	30.531308E-3	-9.1727870E-6	31.082576E-3	-81.287784E-6	31.027740E-3	99.699173E-6	30.980660E-3	-21.575799E-6
-55.499997E-6	30.565863E-3	67.212735E-6	31.137075E-3	-30.442236E-6	31.143075E-3	32.621945E-6	30.844636E-3	-63.460313E-6
-54.999997E-6	30.706143E-3	74.282863E-6	31.247774E-3	40.219627E-6	31.212861E-3	-24.252458E-6	30.749155E-3	-55.994857E-6
-54.499997E-6	30.795403E-3	-23.271476E-6	31.236930E-3	58.483762E-6	31.197397E-3	-64.834872E-6	30.667402E-3	6.4025385E-6
-53.999996E-6	30.783836E-3	-65.765504E-6	31.270698E-3	20.036685E-6	31.221338E-3	-32.841075E-6	30.655339E-3	89.834757E-6
-53.499996E-6	30.774599E-3	-49.306796E-6	31.316780E-3	-43.103202E-6	31.298175E-3	49.763676E-6	30.673634E-3	59.336151E-6
-52.999996E-6	30.804718E-3	54.935390E-6	31.299338E-3	-69.649832E-6	31.303916E-3	64.687491E-6	30.772798E-3	-16.191052E-6
-52.499996E-6	30.758020E-3	59.269285E-6	31.297252E-3	-41.374366E-6	31.240698E-3	19.543644E-6	30.897543E-3	-79.872450E-6
-51.999996E-6	30.805642E-3	-5.3895924E-6	31.295653E-3	57.964644E-6	31.167297E-3	-53.496547E-6	30.940669E-3	-36.431746E-6
-51.499999E-6	30.801054E-3	-85.598935E-6	31.230194E-3	57.817913E-6	31.094763E-3	-61.505067E-6	30.996302E-3	30.706076E-6
-50.999999E-6	30.808453E-3	-65.263332E-6	31.205036E-3	28.499229E-6	31.028988E-3	3.9053161E-6	30.991951E-3	73.839816E-6
-50.499999E-6	30.800773E-3	21.637050E-6	31.290911E-3	-49.599184E-6	30.927146E-3	47.895159E-6	30.972755E-3	33.886528E-6
-49.999999E-6	30.782085E-3	47.382102E-6	31.489823E-3	-84.684914E-6	30.943114E-3	62.602208E-6	31.044124E-3	-16.813463E-6
-49.499999E-6	30.820245E-3	26.326765E-6	31.568456E-3	-22.452450E-6	30.927643E-3	25.479900E-6	31.017158E-3	-82.780942E-6
-48.999998E-6	30.816127E-3	-42.572345E-6	31.619333E-3	35.284258E-6	30.905556E-3	-59.400136E-6	31.049540E-3	-87.303917E-6
-48.499998E-6	30.810742E-3	-78.306257E-6	31.590313E-3	82.451239E-6	30.887011E-3	-87.687069E-6	31.088369E-3	30.242836E-6
-47.999998E-6	30.763743E-3	-15.018097E-6	31.559244E-3	31.046296E-6	30.928349E-3	-1.6524128E-6	31.122822E-3	56.913192E-6
-47.499998E-6	30.752406E-3	62.102496E-6	31.494189E-3	-77.378470E-6	30.867940E-3	68.322493E-6	31.177541E-3	30.334475E-6
-46.999998E-6	30.765118E-3	49.160724E-6	31.336881E-3	-80.556580E-6	30.871345E-3	50.179107E-6	31.237477E-3	-45.857116E-6
-46.499998E-6	30.749105E-3	-21.064438E-6	31.265289E-3	-19.775851E-6	30.866232E-3	-29.603614E-6	31.311266E-3	-84.662686E-6
-45.999997E-6	30.715680E-3	-63.954583E-6	31.204876E-3	53.297099E-6	30.876469E-3	-89.258057E-6	31.410560E-3	-55.199915E-6
-45.499997E-6	30.684350E-3	-36.055717E-6	31.193938E-3	41.250962E-6	30.857883E-3	-31.714746E-6	31.507447E-3	40.415041E-6
-44.999997E-6	30.662315E-3	54.116616E-6	31.162912E-3	-10.144031E-6	30.791296E-3	44.269509E-6	31.499691E-3	62.946077E-6
-44.499997E-6	30.610932E-3	65.917440E-6	31.169897E-3	-58.549493E-6	30.716760E-3	54.735789E-6	31.478282E-3	40.609819E-6
-43.999997E-6	30.617736E-3	25.619902E-6	31.147432E-3	-110.58793E-6	30.695250E-3	26.922329E-6	31.415537E-3	-48.185193E-6
-43.499997E-6	30.520150E-3	-65.718275E-6	31.136524E-3	-5.8685637E-6	30.628541E-3	-44.359265E-6	31.384282E-3	-66.966495E-6
-42.999996E-6	30.486435E-3	-54.196116E-6	31.122357E-3	69.823946E-6	30.561667E-3	-74.871117E-6	31.304356E-3	-39.099654E-6
-42.499996E-6	30.489272E-3	-6.4241258E-6	31.091314E-3	62.077823E-6	30.464536E-3	-16.087397E-6	31.192251E-3	50.747585E-6
-41.999996E-6	30.472524E-3	67.162902E-6	31.110138E-3	14.939891E-6	30.466370E-3	70.392700E-6	31.175090E-3	59.551407E-6
-41.499996E-6	30.471481E-3	33.195978E-6	31.013276E-3	-64.170126E-6	30.503260E-3	67.380177E-6	31.122791E-3	8.3527520E-6
-40.999999E-6	30.613044E-3	-11.381089E-6	30.967459E-3	-72.356830E-6	30.524492E-3	-11.971895E-6	31.120965E-3	-56.437028E-6
-40.499999E-6	30.630782E-3	-75.516022E-6	30.937342E-3	7.7007444E-6	30.622354E-3	-64.984190E-6	31.116243E-3	-69.917158E-6
-39.999999E-6	30.638088E-3	-50.747814E-6	30.821905E-3	53.531858E-6	30.691003E-3	-66.286862E-6	31.133842E-3	-12.654930E-6
-39.499999E-6	30.690290E-3	55.313903E-6	30.806778E-3	53.765387E-6	30.762790E-3	-6.4288602E-6	31.077854E-3	60.030256E-6
-38.999999E-6	30.769847E-3	69.490583E-6	30.799491E-3	-30.638268E-6	30.790435E-3	71.029754E-6	31.125542E-3	67.614783E-6
-38.499995E-6	30.832397E-3	10.071564E-6	30.833125E-3	-67.916902E-6	30.823473E-3	50.317005E-6	31.076774E-3	9.8918308E-6
-37.999998E-6	30.876957E-3	-70.532951E-6	30.900769E-3	-40.576226E-6	30.849824E-3	-17.251719E-6	31.073812E-3	-73.901225E-6
-37.499995E-6	30.932400E-3	-81.150836E-6	30.933477E-3	38.756905E-6	30.899910E-3	-67.030036E-6	31.039147E-3	-57.316705E-6
-36.999998E-6	30.925829E-3	9.0873218E-6	31.045133E-3	73.277552E-6	30.862909E-3	-43.159540E-6	30.956911E-3	21.904129E-6
-36.499994E-6	30.968707E-3	52.624899E-6	31.111814E-3	40.688996E-6	30.897504E-3	43.838394E-6	30.835215E-3	69.973466E-6
-35.999998E-6	30.961998E-3	51.723087E-6	31.165631E-3	-46.608355E-6	30.875653E-3	50.153372E-6	30.776037E-3	25.812758E-6
-35.500001E-6	30.990342E-3	-33.059350E-6	31.214530E-3	-86.243992E-6	30.923612E-3	30.069574E-6	30.665331E-3	-786.44433E-9
-34.999997E-6	30.972894E-3	-49.410603E-6	31.236712E-3	-30.974028E-6	30.906096E-3	-71.449846E-6	30.628514E-3	-74.674666E-6
-34.500001E-6	31.010741E-3	-63.172709E-6	31.231182E-3	56.436889E-6	30.920925E-3	-71.601840E-6	30.629180E-3	-67.552901E-6
-33.999997E-6	30.973824E-3	32.367461E-6	31.290926E-3	58.511905E-6	30.927721E-3	-9.9671206E-6	30.730946E-3	16.426442E-6
-33.500000E-6	30.995933E-3	72.785551E-6	31.261161E-3	-4.7468679E-6	30.799434E-3	67.780529E-6	30.800860E-3	74.990152E-6
-32.999997E-6	31.013651E-3	24.665042E-6	31.235162E-3	-59.096601E-6	30.830691E-3	58.646725E-6	30.796854E-3	31.518553E-6
-32.500000E-6	31.018104E-3	-56.545145E-6	31.240193E-3	-63.177169E-6	30.812446E-3	-21.216087E-6	30.873226E-3	-35.625846E-6
-31.999996E-6	31.016026E-3	-53.740219E-6	31.270519E-3	-4.1086946E-6	30.914770E-3	-85.093954E-6	30.920565E-3	-89.439753E-6
-31.500000E-6	30.991200E-3	205.72011E-9	31.272605E-3	71.338662E-6	30.988717E-3	-60.309601E-6	30.918518E-3	-34.776138E-6
-30.999996E-6	30.953661E-3	59.963691E-6	31.280801E-3	53.604890E-6	31.157048E-3	10.746283E-6	30.928394E-3	18.189825E-6
-30.499999E-6	30.985612E-3	45.598237E-6	31.300254E-3	-13.523880E-6	31.261221E-3	72.289185E-6	30.947391E-3	61.369326E-6
-29.999996E-6	31.060370E-3	-15.643165E-6	31.354576E-3	-70.098460E-6	31.302515E-3	37.684851E-6	30.949598E-3	33.086118E-6
-29.499999E-6	31.087089E-3	-53.681229E-6	31.400111E-3	-41.354753E-6	31.349938E-3	-42.974374E-6	30.952603E-3	-58.385740E-6
-28.999995E-6	31.175354E-3	-46.671434E-6	31.505711E-3	31.206026E-6	31.352330E-3	-63.765867E-6	30.956434E-3	-73.465002E-6
-28.499999E-6	31.224906E-3	30.758561E-6	31.546704E-3	76.557168E-6	31.467233E-3	-34.058026E-6	30.945078E-3	-16.224620E-6
-27.999995E-6	31.287163E-3	64.422675E-6	31.592906E-3	41.235427E-6	31.414505E-3	45.038654E-6	30.968938E-3	38.908187E-6
-27.499998E-6	31.324394E-3	31.740496E-6	31.646598E-3	-48.887086E-6	31.347301E-3	75.979115E-6	31.040175E-3	53.058440E-6
-26.999995E-6	31.332750E-3	-65.118795E-6	31.619478E-3	-77.057855E-6	31.277522E-3	18.057470E-6	31.109130E-3	18.635694E-6
-26.499998E-6	31.369168E-3	-70.719972E-6	31.538229E-3	-27.992321E-6	31.202212E-3	-64.645181E-6	31.242644E-3	-56.679386E-6
-25.999994E-6	31.374995E-3	-12.074830E-6	31.486448E-3	68.380141E-6	31.184396E-3	-65.463035E-6	31.338125E-3	-86.388580E-6
-25.499998E-6	31.348564E-3	64.935084E-6	31.408362E-3	73.808682E-6	31.152161E-3	-23.249839E-6	31.397477E-3	-15.786090E-6
-25.000001E-6	31.322997E-3	71.781120E-6	31.302113E-3	11.966456E-6	31.153543E-3	53.362597E-6	31.405181E-3	42.661926E-6
-24.499997E-6	31.278983E-3	-25.470255E-6	31.285185E-3	-50.123355E-6	31.148568E-3	49.213508E-6	31.292148E-3	66.144588E-6
-24.000001E-6	31.195905E-3	-66.979024E-6	31.202545E-3	-53.733718E-6	31.118343E-3	1.5579204E-6	31.352211E-3	2.7688152E-6
-23.499997E-6	31.168891E-3	-38.584876E-6	31.183282E-3	-9.2900000E-6	31.106161E-3	-54.368236E-6	31.285428E-3	-93.985807E-6
-23.000001E-6	31.113898E-3	36.039004E-6	31.155765E-3	57.634086E-6	31.122733E-3	-83.401355E-6	31.260900E-3	-53.669286E-6
-22.499997E-6	31.038182E-3	73.738345E-6	31.176379E-3	65.448272E-6	31.069880E-3	5.0302538E-6	31.181902E-3	26.762662E-6
-22.000000E-6	30.973922E-3	7.8082639E-6	31.138455E-3	-14.650418E-6	31.068757E-3	87.427768E-6	31.127429E-3	54.864733E-6
-21.499996E-6	30.852424E-3	-53.791606E-6	31.119239E-3	-74.590214E-6	31.012971E-3	59.833597E-6	31.080496E-3	41.466978E-6
-21.000000E-6	30.787721E-3	-65.736123E-6	31.115741E-3	-77.440105E-6	31.081984E-3	-17.678860E-6	31.078674E-3	-26.410318E-6
-20.499996E-6	30.905882E-3	-8.0064065E-6	31.111196E-3	347.72896E-9	30.970318E-3	-81.460545E-6	31.107301E-3	-59.375390E-6
-19.999999E-6	30.905632E-3	53.073200E-6	31.148687E-3	61.404462E-6	30.908734E-3	-33.302189E-6	31.088803E-3	-43.197811E-6
-19.499996E-6	30.894764E-3	48.379581E-6	31.074373E-3	52.206349E-6	30.633070E-3	19.547331E-6	31.051017E-3	49.303861E-6
-18.999999E-6	30.869378E-3	-12.712154E-6	30.978309E-3	-6.1886108E-6	30.617686E-3	62.563064E-6	31.073792E-3	76.624579E-6
-18.499995E-6	30.867679E-3	-83.806495E-6	30.870343E-3	-65.844310E-6	30.674309E-3	32.974549E-6	31.071592E-3	7.7233890E-6
-17.999999E-6	30.900221E-3	-28.809844E-6	30.823600E-3	-68.599365E-6	30.703755E-3	-36.242312E-6	31.027922E-3	-39.856335E-6
-17.499995E-6	30.881785E-3	43.281911E-6	30.752245E-3	14.977103E-6	30.796574E-3	-81.797843E-6	31.042900E-3	-63.663050E-6
-16.999998E-6	30.884821E-3	71.207265E-6	30.795040E-3	75.175405E-6	30.888021E-3	-46.397210E-6	31.053403E-3	-3.4545919E-6
-16.499995E-6	30.877829E-3	21.959106E-6	30.891074E-3	46.634352E-6	30.956995E-3	36.600279E-6	31.006576E-3	77.503886E-6
-15.999998E-6	30.889319E-3	-78.162200E-6	30.984081E-3	6.6960974E-6	31.007566E-3	90.424910E-6	30.940933E-3	64.553533E-6
-15.499994E-6	30.868405E-3	-61.619634E-6	31.113761E-3	-60.587809E-6	30.974451E-3	38.120739E-6	30.944396E-3	-29.751594E-6
-14.999998E-6	30.862803E-3	8.4132980E-6	31.170821E-3	-59.481557E-6	30.997451E-3	-37.694357E-6	30.906837E-3	-78.304860E-6
-14.500001E-6	30.828571E-3	58.901398E-6	31.224351E-3	23.817383E-6	31.021202E-3	-59.205555E-6	30.835703E-3	-40.387396E-6
-13.999997E-6	30.823668E-3	21.715836E-6	31.220725E-3	58.588768E-6	30.997217E-3	-50.968196E-6	30.790633E-3	44.587876E-6
-13.500001E-6	30.807456E-3	-56.930126E-6	31.201135E-3	70.159389E-6	31.012014E-3	37.104175E-6	30.722162E-3	94.120369E-6
-12.999997E-6	30.784583E-3	-70.858056E-6	31.219099E-3	-13.611903E-6	31.031441E-3	75.000964E-6	30.689646E-3	25.085666E-6
-12.500001E-6	30.792749E-3	-40.360428E-6	31.250492E-3	-75.063508E-6	31.067945E-3	20.023854E-6	30.641519E-3	-66.970752E-6
-11.999997E-6	30.780047E-3	50.905503E-6	31.266842E-3	-74.569318E-6	31.128030E-3	-37.594207E-6	30.590601E-3	-66.110391E-6
-11.500000E-6	30.784748E-3	55.344903E-6	31.308174E-3	27.164206E-6	31.218193E-3	-74.891519E-6	30.550146E-3	-12.773847E-6
-10.999996E-6	30.721921E-3	8.4292424E-6	31.351443E-3	64.492575E-6	31.332217E-3	-29.405510E-6	30.595081E-3	56.849156E-6
-10.500000E-6	30.719744E-3	-76.908786E-6	31.442083E-3	61.756095E-6	31.434320E-3	33.413213E-6	30.606965E-3	62.576190E-6
-9.9999961E-6	30.691642E-3	-43.898781E-6	31.527437E-3	-38.862137E-6	31.499412E-3	86.586726E-6	30.631961E-3	-18.279448E-6
-9.4999996E-6	30.690897E-3	38.414895E-6	31.585131E-3	-60.683302E-6	31.468369E-3	30.596671E-6	30.758282E-3	-75.376389E-6
-8.9999958E-6	30.667942E-3	60.505343E-6	31.575479E-3	-72.517119E-6	31.349890E-3	-28.046697E-6	30.810008E-3	-71.178314E-6
-8.4999992E-6	30.598368E-3	10.943770E-6	31.507351E-3	2.5729146E-6	31.262521E-3	-96.004347E-6	30.863618E-3	28.169634E-6
-7.9999954E-6	30.604159E-3	-60.985694E-6	31.358536E-3	46.832563E-6	31.182801E-3	-37.228696E-6	30.893221E-3	59.777667E-6
-7.4999989E-6	30.660877E-3	-50.281084E-6	31.274032E-3	62.506188E-6	31.163521E-3	35.769466E-6	30.883446E-3	54.151966E-6
-6.9999951E-6	30.667599E-3	13.615416E-6	31.224465E-3	-22.850834E-6	31.148089E-3	62.592524E-6	30.687040E-3	-62.037754E-6
-6.4999986E-6	30.624021E-3	70.421986E-6	31.128893E-3	-75.721517E-6	31.094892E-3	22.069673E-6	30.717069E-3	-70.302551E-6
-5.9999948E-6	30.568963E-3	20.128935E-6	31.130156E-3	-85.316118E-6	31.088434E-3	-41.299973E-6	30.686308E-3	-30.411438E-6
-5.4999982E-6	30.475292E-3	-51.162649E-6	31.087639E-3	1.4319496E-6	31.069871E-3	-90.604182E-6	30.734984E-3	60.865565E-6
-4.9999944E-6	30.420950E-3	-52.275125E-6	31.082084E-3	71.075090E-6	31.080021E-3	-46.179939E-6	30.755172E-3	57.667821E-6
-4.4999979E-6	30.383563E-3	-721.98463E-9	31.103548E-3	38.744809E-6	31.062804E-3	38.303271E-6	30.772449E-3	-7.3819378E-6
-3.9999941E-6	30.336061E-3	77.923447E-6	31.071160E-3	-58.066784E-6	30.993316E-3	53.700427E-6	30.753100E-3	-79.919584E-6
-3.4999975E-6	30.340785E-3	68.210080E-6	31.056846E-3	-87.724795E-6	30.945618E-3	20.586916E-6	30.843355E-3	-61.482082E-6
-3.0000010E-6	30.375954E-3	-46.703975E-6	31.072492E-3	-47.871876E-6	30.834282E-3	-53.016727E-6	31.129755E-3	18.275186E-6
-2.4999972E-6	30.345712E-3	-89.595203E-6	31.042764E-3	34.258559E-6	30.727850E-3	-72.168514E-6	31.147348E-3	80.281694E-6
-2.0000007E-6	30.312676E-3	-23.991641E-6	30.998094E-3	67.356785E-6	30.600430E-3	-31.559761E-6	31.223753E-3	36.343441E-6
-1.4999969E-6	30.341243E-3	35.902845E-6	30.888336E-3	23.646300E-6	30.593326E-3	45.703186E-6	31.275984E-3	-23.684950E-6
-1.0000003E-6	30.357692E-3	73.337877E-6	30.831695E-3	-45.940487E-6	30.684853E-3	67.397654E-6	31.326640E-3	-63.394080E-6
-499.99653E-9	30.391989E-3	-13.843349E-6	30.736530E-3	-67.372603E-6	30.655829E-3	14.316861E-6	31.239053E-3	-49.797993E-6
0.0000000E+0	30.393055E-3	-71.839117E-6	30.825939E-3	-24.814186E-6	30.669130E-3	-36.004942E-6	31.331316E-3	41.040068E-6
500.00381E-9	30.356374E-3	-25.518733E-6	30.890225E-3	16.933516E-6	30.747239E-3	-84.138912E-6	31.374983E-3	87.513028E-6
1.0000003E-6	30.400004E-3	54.088541E-6	30.983735E-3	80.479433E-6	30.813621E-3	-14.104321E-6	31.423029E-3	34.979679E-6
1.5000041E-6	30.316355E-3	63.765452E-6	31.075228E-3	34.468449E-6	30.793242E-3	70.794194E-6	31.437714E-3	-69.558628E-6
2.0000007E-6	30.339805E-3	8.6393975E-6	31.167507E-3	-43.694061E-6	30.782601E-3	70.225768E-6	31.427298E-3	-73.984666E-6
2.5000045E-6	30.392738E-3	-48.383528E-6	31.220015E-3	-82.549515E-6	30.837286E-3	11.260274E-6	31.312291E-3	-27.767474E-6
3.0000010E-6	30.407703E-3	-37.883237E-6	31.295776E-3	-24.945175E-6	30.805705E-3	-39.243048E-6	31.260759E-3	52.466814E-6
3.5000048E-6	30.463815E-3	9.4453808E-6	31.266108E-3	26.778293E-6	30.859718E-3	-72.157149E-6	31.191571E-3	45.667028E-6
4.0000014E-6	30.484602E-3	82.281018E-6	31.261887E-3	64.163381E-6	30.837959E-3	-30.712366E-6	31.150879E-3	6.7966703E-6
4.5000052E-6	30.524023E-3	-10.015062E-6	31.257369E-3	42.671953E-6	30.850830E-3	48.436064E-6	31.132726E-3	-59.696526E-6
5.0000017E-6	30.555423E-3	-41.856183E-6	31.234963E-3	-31.746986E-6	30.911710E-3	61.317631E-6	31.130020E-3	-61.104780E-6
5.5000055E-6	30.581815E-3	-82.685103E-6	31.286791E-3	-76.813711E-6	30.968990E-3	8.8397601E-6	31.064216E-3	18.569655E-6
6.0000020E-6	30.621832E-3	-21.348049E-6	31.311341E-3	-40.344832E-6	31.071179E-3	-46.122084E-6	31.052090E-3	60.470000E-6
6.5000058E-6	30.644201E-3	85.605985E-6	31.405576E-3	25.313420E-6	31.074921E-3	-80.617872E-6	31.044833E-3	50.401191E-6
7.0000024E-6	30.659229E-3	41.233037E-6	31.509079E-3	64.054788E-6	31.108281E-3	-12.750764E-6	31.071439E-3	-17.175611E-6
7.4999989E-6	30.682432E-3	-10.089357E-6	31.607818E-3	39.721413E-6	31.208759E-3	74.383068E-6	31.094112E-3	-77.006101E-6
8.0000027E-6	30.713595E-3	-59.615813E-6	31.640284E-3	-51.279774E-6	31.169690E-3	62.527652E-6	31.039879E-3	-49.801220E-6
8.4999992E-6	30.661376E-3	-35.683854E-6	31.530760E-3	-55.413089E-6	31.089997E-3	-11.303161E-6	31.048117E-3	31.066429E-6
9.0000030E-6	30.701373E-3	41.708699E-6	31.453449E-3	-53.620763E-6	31.009272E-3	-72.225754E-6	31.014314E-3	76.100929E-6
9.4999996E-6	30.761756E-3	59.483133E-6	31.201141E-3	32.229669E-6	30.944256E-3	-55.378663E-6	30.984256E-3	33.867793E-6
10.000003E-6	30.739242E-3	30.472009E-6	31.101272E-3	62.224637E-6	30.875372E-3	-3.9566971E-6	30.929679E-3	-51.276253E-6
10.500000E-6	30.750353E-3	-87.756111E-6	31.044981E-3	20.449801E-6	30.839728E-3	50.370400E-6	30.829031E-3	-78.751749E-6
11.000004E-6	30.783668E-3	-67.398440E-6	31.029293E-3	-60.319424E-6	30.833045E-3	53.321495E-6	30.748477E-3	-14.937722E-6
11.500000E-6	30.647879E-3	43.350643E-6	31.007959E-3	-61.238155E-6	30.819207E-3	-40.856008E-6	30.669633E-3	36.771737E-6
12.000004E-6	30.670309E-3	65.688408E-6	31.033885E-3	-52.186377E-6	30.831501E-3	-74.949516E-6	30.611275E-3	72.210707E-6
12.500001E-6	30.660676E-3	26.074753E-6	31.053009E-3	40.094743E-6	30.853059E-3	-57.367448E-6	30.563839E-3	11.902008E-6
13.000004E-6	30.621305E-3	-21.545124E-6	31.086368E-3	64.997686E-6	30.817054E-3	13.019714E-6	30.576413E-3	-72.706745E-6
13.500001E-6	30.624988E-3	-77.005861E-6	31.064343E-3	10.454307E-6	30.791288E-3	72.992501E-6	30.634951E-3	-77.342935E-6
14.000005E-6	30.643890E-3	-23.369697E-6	31.030210E-3	-46.941484E-6	30.768672E-3	51.283172E-6	30.688401E-3	-10.115025E-6
14.500001E-6	30.694550E-3	60.681687E-6	30.935220E-3	-79.882499E-6	30.721627E-3	-20.682926E-6	30.772483E-3	59.688085E-6
15.000005E-6	30.704910E-3	59.294096E-6	30.829865E-3	-36.956339E-6	30.587468E-3	-81.877872E-6	30.829206E-3	34.319521E-6
15.500002E-6	30.696748E-3	-9.1663442E-6	30.744320E-3	19.691652E-6	30.470552E-3	-32.687363E-6	30.907160E-3	-14.910191E-6
16.000005E-6	30.703912E-3	-74.231633E-6	30.759163E-3	60.921935E-6	30.377351E-3	20.981235E-6	30.893000E-3	-45.057866E-6
16.500002E-6	30.752761E-3	-67.637091E-6	30.849019E-3	29.757064E-6	30.324243E-3	70.016416E-6	30.892294E-3	-62.019157E-6
17.000006E-6	30.777561E-3	18.494324E-6	30.997550E-3	-58.497200E-6	30.352267E-3	50.033785E-6	30.898513E-3	10.677699E-6
17.500002E-6	30.830253E-3	61.647203E-6	31.093663E-3	-69.068781E-6	30.432193E-3	-15.865688E-6	30.996760E-3	61.452520E-6
17.999999E-6	30.845463E-3	30.962681E-6	31.143710E-3	-49.032660E-6	30.465309E-3	-85.091429E-6	31.072900E-3	39.718092E-6
18.500003E-6	30.935669E-3	-46.938476E-6	31.210868E-3	29.533681E-6	30.558266E-3	-30.556144E-6	31.111304E-3	-30.045403E-6
18.999999E-6	30.935470E-3	-66.604334E-6	31.234100E-3	54.066342E-6	30.624971E-3	34.324366E-6	31.086544E-3	-72.091148E-6
19.500003E-6	30.986663E-3	-10.680171E-6	31.211266E-3	44.336459E-6	30.682627E-3	79.729412E-6	31.109514E-3	-21.517793E-6
19.999999E-6	31.083202E-3	52.175939E-6	31.200659E-3	-22.757393E-6	30.652216E-3	17.203660E-6	31.037793E-3	37.934984E-6
20.500003E-6	31.055566E-3	54.600379E-6	31.210382E-3	-47.655987E-6	30.800840E-3	-30.451220E-6	31.032564E-3	72.011222E-6
21.000000E-6	30.969163E-3	-18.515149E-6	31.274691E-3	-64.957436E-6	30.821901E-3	-76.722514E-6	31.053027E-3	23.161898E-6
21.500004E-6	30.994317E-3	-73.490672E-6	31.306211E-3	6.5293088E-6	30.812209E-3	-39.164057E-6	31.103248E-3	-73.585419E-6
22.000000E-6	30.960878E-3	-42.922769E-6	31.361438E-3	51.832314E-6	30.969184E-3	40.042760E-6	31.130711E-3	-56.414421E-6
22.500004E-6	30.954881E-3	37.442813E-6	31.463478E-3	59.676131E-6	31.037580E-3	71.865899E-6	31.219769E-3	-11.679082E-6
23.000008E-6	30.845631E-3	68.333808E-6	31.544909E-3	-23.951396E-6	31.060284E-3	25.613006E-6	31.268869E-3	74.675183E-6
23.499997E-6	30.815179E-3	5.8765568E-6	31.588852E-3	-76.500044E-6	31.145945E-3	-66.644512E-6	31.376034E-3	38.599639E-6
24.000001E-6	30.764617E-3	-77.860561E-6	31.454377E-3	-77.188422E-6	31.179113E-3	-94.992567E-6	31.359948E-3	-6.2911090E-6
24.500005E-6	30.733604E-3	-43.010616E-6	31.353451E-3	24.913743E-6	31.282481E-3	-21.536634E-6	31.468239E-3	-74.024523E-6
25.000008E-6	30.663896E-3	4.1127969E-6	31.264238E-3	67.841058E-6	31.360567E-3	47.151134E-6	31.475503E-3	-47.530266E-6
25.499998E-6	30.637097E-3	57.611593E-6	31.143831E-3	55.832545E-6	31.433411E-3	59.066650E-6	31.423826E-3	21.259053E-6
26.000002E-6	30.613760E-3	41.582723E-6	31.065270E-3	-29.125005E-6	31.504784E-3	1.7647212E-6	31.403411E-3	68.963731E-6
26.500005E-6	30.588910E-3	-38.520193E-6	31.064570E-3	-71.914561E-6	31.494863E-3	-66.793560E-6	31.331729E-3	30.260202E-6
27.000009E-6	30.555414E-3	-80.014950E-6	31.054169E-3	-41.635030E-6	31.418860E-3	-57.698308E-6	31.291861E-3	-38.583581E-6
27.499998E-6	30.554045E-3	-23.576298E-6	31.069757E-3	18.487272E-6	31.110883E-3	-12.320991E-6	31.234624E-3	-104.24477E-6
28.000002E-6	30.576967E-3	28.653067E-6	31.036636E-3	65.238950E-6	31.020664E-3	60.628790E-6	31.185418E-3	-11.281581E-6
28.500006E-6	30.533396E-3	55.966073E-6	31.032788E-3	70.849172E-6	30.932743E-3	82.073420E-6	31.082876E-3	39.071547E-6
28.999995E-6	30.418305E-3	14.639723E-6	31.013543E-3	-1.2402490E-6	30.926753E-3	8.0582413E-6	31.081660E-3	62.056613E-6
29.499999E-6	30.498939E-3	-81.114500E-6	30.893657E-3	-56.427620E-6	30.903490E-3	-55.407185E-6	31.064706E-3	-30.392530E-6
30.000003E-6	30.494031E-3	-57.640242E-6	30.829085E-3	-52.251431E-6	30.829567E-3	-85.396168E-6	31.049663E-3	-63.470965E-6
30.500007E-6	30.761875E-3	1.6261640E-6	30.750604E-3	-4.2403562E-6	30.845424E-3	-13.615607E-6	31.066060E-3	-63.133826E-6
30.999996E-6	30.701132E-3	71.452967E-6	30.772932E-3	60.514703E-6	30.855939E-3	55.510867E-6	30.903261E-3	25.179179E-6
31.500000E-6	30.698536E-3	54.358690E-6	30.831298E-3	70.715803E-6	30.856797E-3	58.474143E-6	30.900992E-3	66.234563E-6
32.000004E-6	30.661538E-3	-27.765713E-6	30.951587E-3	2.2035902E-6	30.778553E-3	-265.64121E-9	30.889487E-3	3.1308603E-6
32.500007E-6	30.734252E-3	-78.709483E-6	31.081399E-3	-69.788155E-6	30.733753E-3	-68.502428E-6	30.892491E-3	-44.450800E-6
32.999997E-6	30.742060E-3	-27.368818E-6	31.162972E-3	-62.588522E-6	30.638119E-3	-70.962669E-6	30.851277E-3	-74.009004E-6
33.500000E-6	30.716281E-3	37.739355E-6	31.173633E-3	-14.735865E-6	30.537259E-3	-15.711244E-6	30.906962E-3	-18.539273E-6
34.000004E-6	30.691545E-3	63.725704E-6	31.208007E-3	44.998673E-6	30.469408E-3	63.284271E-6	30.914180E-3	47.437155E-6
34.500008E-6	30.508468E-3	13.748642E-6	31.208511E-3	59.124573E-6	30.405577E-3	37.978763E-6	30.883795E-3	48.057700E-6
34.999997E-6	30.475773E-3	-49.610808E-6	31.215636E-3	2.5469981E-6	30.398067E-3	-10.040604E-6	30.886769E-3	-30.232986E-6
35.500001E-6	30.454671E-3	-73.633899E-6	31.261031E-3	-68.295827E-6	30.464943E-3	-74.515941E-6	30.848447E-3	-80.069534E-6
36.000005E-6	30.381037E-3	-7.5976232E-6	31.069160E-3	-63.800289E-6	30.519061E-3	-78.815123E-6	30.862032E-3	-47.488160E-6
36.500009E-6	30.359304E-3	80.181853E-6	31.108165E-3	-40.863873E-6	30.630475E-3	6.7235387E-6	30.875102E-3	30.338191E-6
36.999998E-6	30.302390E-3	49.363898E-6	31.199567E-3	39.194361E-6	30.655235E-3	57.924146E-6	30.814070E-3	88.863322E-6
37.500002E-6	30.272238E-3	-33.601078E-6	31.371452E-3	58.677317E-6	30.682927E-3	56.244517E-6	30.848848E-3	21.229091E-6
38.000006E-6	30.271085E-3	-77.902776E-6	31.575751E-3	21.130290E-6	30.767724E-3	-13.863948E-6	30.758876E-3	-54.872060E-6
38.500009E-6	30.404516E-3	-34.364486E-6	31.548459E-3	-63.756001E-6	30.778553E-3	-63.778229E-6	30.713961E-3	-56.126293E-6
38.999999E-6	30.422563E-3	49.228056E-6	31.504419E-3	-61.240229E-6	30.779475E-3	-52.884621E-6	30.712057E-3	10.313598E-6
39.500002E-6	30.387752E-3	62.167870E-6	31.393543E-3	-21.911714E-6	30.768637E-3	35.526209E-6	30.671861E-3	47.657628E-6
40.000006E-6	30.433277E-3	15.694721E-6	31.296723E-3	32.596348E-6	30.757818E-3	88.660221E-6	30.628510E-3	32.692584E-6
40.499996E-6	30.491756E-3	-80.203114E-6	31.206977E-3	66.435146E-6	30.761953E-3	28.859013E-6	30.586762E-3	-39.748200E-6
40.999999E-6	30.590847E-3	-51.306317E-6	31.071698E-3	17.986038E-6	30.750684E-3	-18.234627E-6	30.541634E-3	-89.342211E-6
41.500003E-6	30.584725E-3	2.5655715E-6	31.103350E-3	-58.052665E-6	30.944988E-3	-80.551363E-6	30.503133E-3	-37.690370E-6
42.000007E-6	30.671135E-3	72.565861E-6	31.097354E-3	-86.446365E-6	31.016827E-3	-31.196378E-6	30.452663E-3	39.778068E-6
42.499996E-6	30.685669E-3	21.838247E-6	31.121362E-3	-32.197589E-6	31.124940E-3	32.763015E-6	30.456724E-3	78.400575E-6
43.000000E-6	30.701034E-3	-44.370856E-6	31.099088E-3	54.370870E-6	31.215837E-3	47.246318E-6	30.438116E-3	4.2596998E-6
43.500004E-6	30.746302E-3	-67.974193E-6	31.070638E-3	65.584914E-6	31.291418E-3	36.480731E-6	32.960873E-3	714.41598E-6
44.000008E-6	30.769087E-3	-942.88413E-9	31.072395E-3	17.822751E-6	31.368446E-3	-49.254340E-6	30.496534E-3	-57.624980E-6
44.499997E-6	30.825496E-3	44.379784E-6	31.002363E-3	-59.896422E-6	31.335436E-3	-91.843147E-6	30.492309E-3	13.155284E-6
45.000001E-6	30.763097E-3	41.553769E-6	30.953249E-3	-78.894554E-6	31.260815E-3	-49.560575E-6	30.528624E-3	52.146555E-6
45.500004E-6	30.936437E-3	-7.7154391E-6	30.807182E-3	-33.636981E-6	31.145947E-3	40.488867E-6	30.597588E-3	48.092199E-6
46.000008E-6	30.988932E-3	-67.048095E-6	30.755511E-3	46.722555E-6	31.057559E-3	66.436616E-6	30.636180E-3	-65.674460E-6
46.499998E-6	30.952590E-3	-54.049495E-6	30.747138E-3	84.824242E-6	31.056242E-3	31.062442E-6	30.715879E-3	-92.607159E-6
47.000001E-6	30.980740E-3	26.980937E-6	30.802552E-3	29.229575E-6	31.032968E-3	-52.888434E-6	30.711308E-3	-14.545017E-6
47.500005E-6	30.987380E-3	68.920170E-6	30.886581E-3	-65.835884E-6	31.133939E-3	-81.546008E-6	30.760292E-3	67.346031E-6
48.000009E-6	30.994480E-3	30.529518E-6	31.030513E-3	-76.407276E-6	31.136770E-3	-36.426267E-6	30.800315E-3	77.202909E-6
48.499998E-6	31.003617E-3	-29.179535E-6	31.120759E-3	-23.268689E-6	31.143731E-3	46.188165E-6	30.831544E-3	-10.396583E-6
49.000002E-6	30.968824E-3	-84.772633E-6	31.190751E-3	48.449634E-6	31.171331E-3	67.791487E-6	30.840887E-3	-72.487172E-6
49.500006E-6	31.000141E-3	516.93218E-9	31.205408E-3	71.799594E-6	31.123331E-3	10.300924E-6	30.862845E-3	-56.781595E-6
49.999995E-6	30.985568E-3	46.495807E-6	31.243408E-3	37.668273E-6	31.109530E-3	-63.120446E-6	30.835269E-3	24.411709E-6
50.499999E-6	31.017466E-3	73.660034E-6	31.236513E-3	-45.801378E-6	31.083876E-3	-69.465706E-6	30.858228E-3	78.001627E-6
51.000003E-6	30.990023E-3	-27.641234E-6	31.088956E-3	-81.223530E-6	31.095380E-3	-16.876942E-6	30.872380E-3	13.695033E-6
51.500007E-6	31.031052E-3	-85.290740E-6	31.161988E-3	-31.965061E-6	31.015618E-3	56.519923E-6	30.853149E-3	-35.765999E-6
51.999996E-6	31.015225E-3	-24.891835E-6	31.165671E-3	22.742839E-6	30.869657E-3	59.499449E-6	30.824289E-3	-86.372980E-6
52.500000E-6	31.035878E-3	53.852218E-6	31.233434E-3	73.539595E-6	30.822504E-3	3.0354890E-6	30.843530E-3	-1.5005784E-6
53.000003E-6	31.076377E-3	63.038111E-6	31.292912E-3	8.2705701E-6	30.722076E-3	-69.489986E-6	30.835269E-3	50.258433E-6
53.500007E-6	31.149196E-3	12.550329E-6	31.317946E-3	-46.111367E-6	30.667614E-3	-48.472084E-6	30.848831E-3	48.116624E-6
53.999996E-6	31.191394E-3	-76.341603E-6	31.320490E-3	-55.541470E-6	30.628011E-3	25.767766E-6	30.920267E-3	-9.8959408E-6
54.500000E-6	31.215800E-3	-71.787486E-6	31.239325E-3	-51.509494E-6	30.617386E-3	78.633602E-6	30.898582E-3	-72.922558E-6
55.000004E-6	31.279419E-3	-6.7851088E-6	31.173570E-3	32.814158E-6	30.620005E-3	47.733229E-6	30.911811E-3	-61.287232E-6
55.500008E-6	31.286582E-3	73.616626E-6	31.174017E-3	82.008177E-6	30.701961E-3	38.511826E-6	31.843748E-3	254.50197E-6
55.999997E-6	31.345077E-3	54.742031E-6	31.068349E-3	47.898244E-6	30.781345E-3	-70.492926E-6	31.023500E-3	785.80121E-6
56.500001E-6	31.366430E-3	-2.9148409E-6	30.982105E-3	-33.996504E-6	30.839466E-3	-26.340693E-6	31.066986E-3	36.526573E-6
57.000005E-6	31.374890E-3	-101.41612E-6	30.969545E-3	-76.143748E-6	35.932433E-3	2.4666856E-3	34.382917E-3	3.2332139E-3
57.500009E-6	31.303212E-3	-42.832366E-6	31.698123E-3	206.40815E-6	37.026461E-3	2.9937974E-3	34.989018E-3	2.4556066E-3
57.999998E-6	31.268012E-3	32.480300E-6	31.684998E-3	609.39207E-6	34.991466E-3	3.0645565E-3	35.863061E-3	2.6990506E-3
58.500002E-6	31.217709E-3	51.867377E-6	30.926498E-3	105.71426E-6	34.459636E-3	3.2355152E-3	37.226163E-3	2.5685637E-3
59.000005E-6	31.174807E-3	21.247988E-6	31.820759E-3	376.49708E-6	35.451282E-3	3.1452558E-3	35.100292E-3	2.6274545E-3
59.500009E-6	31.151071E-3	-55.625227E-6	31.783197E-3	54.793978E-6	36.297228E-3	2.5381765E-3	35.905190E-3	3.1625500E-3
59.999998E-6	31.064466E-3	-68.727495E-6	32.719027E-3	737.32121E-6	37.754968E-3	2.7337195E-3	34.973912E-3	3.1694607E-3
60.500002E-6	31.002084E-3	-5.1604275E-6	31.555902E-3	518.60488E-6	37.702274E-3	3.2806501E-3	35.666153E-3	2.8395159E-3
61.000006E-6	31.002613E-3	51.570070E-6	31.512599E-3	797.15665E-6	36.620084E-3	3.3092254E-3	36.286894E-3	2.6787033E-3
61.499995E-6	30.933475E-3	54.806391E-6	30.558217E-3	62.103980E-6	35.485551E-3	3.2088398E-3	35.688046E-3	2.6239355E-3
61.999999E-6	30.897189E-3	-43.332184E-6	30.645614E-3	55.849239E-6	36.091663E-3	2.9691018E-3	35.811428E-3	2.9359057E-3
62.500003E-6	32.548707E-3	539.69689E-6	31.634130E-3	-24.152303E-6	36.839738E-3	2.6527944E-3	34.959994E-3	3.2419891E-3
63.000007E-6	30.910421E-3	-29.488418E-6	31.588171E-3	-68.411493E-6	36.748983E-3	2.6772018E-3	34.450557E-3	3.0609982E-3
63.499996E-6	30.877491E-3	45.117333E-6	30.926917E-3	-50.559043E-6	34.602772E-3	2.8703271E-3	35.372280E-3	2.4969932E-3
64.000000E-6	30.867312E-3	68.053268E-6	31.726480E-3	624.91954E-6	35.683349E-3	3.0626692E-3	35.764903E-3	2.2849285E-3
64.500004E-6	30.874737E-3	17.268332E-6	31.047100E-3	62.402083E-6	35.232373E-3	3.2299180E-3	35.580263E-3	2.6187520E-3
65.000007E-6	30.870145E-3	-42.307634E-6	31.090088E-3	876.19288E-6	36.251798E-3	2.7494910E-3	34.774311E-3	3.0034306E-3
65.499997E-6	30.877640E-3	-77.799414E-6	32.823801E-3	137.05100E-6	36.912981E-3	2.4266108E-3	35.738025E-3	3.1981759E-3
66.000001E-6	31.707361E-3	834.23522E-6	31.913202E-3	133.51695E-6	36.593009E-3	2.6136693E-3	35.267696E-3	2.7702947E-3
66.500004E-6	30.832423E-3	78.089673E-6	31.085853E-3	-67.768502E-6	35.749886E-3	2.9911024E-3	36.079660E-3	2.8024171E-3
67.000008E-6	30.801807E-3	42.734973E-6	31.084418E-3	20.748344E-6	34.970582E-3	3.2639334E-3	35.763148E-3	2.5969807E-3
67.499997E-6	30.790880E-3	-10.845995E-6	31.163307E-3	93.919662E-6	35.883375E-3	3.1478584E-3	35.685614E-3	2.8239484E-3
68.000001E-6	30.783078E-3	-75.265270E-6	31.175332E-3	113.96914E-6	36.414433E-3	2.8008355E-3	34.795243E-3	3.1959182E-3
68.500005E-6	30.770687E-3	-27.512173E-6	31.265296E-3	344.09223E-6	36.037523E-3	2.3676364E-3	35.528630E-3	3.0155925E-3
69.000009E-6	30.723825E-3	32.688695E-6	32.314528E-3	495.06972E-6	35.633478E-3	2.6786909E-3	34.771912E-3	2.9280798E-3
69.499998E-6	30.695667E-3	69.787537E-6	32.313086E-3	791.79811E-6	34.941614E-3	3.1321722E-3	35.121482E-3	2.3037267E-3
70.000002E-6	30.510409E-3	23.312981E-6	31.418547E-3	21.724531E-6	34.536906E-3	3.2528029E-3	34.808666E-3	2.4638860E-3
70.500006E-6	31.376958E-3	325.15760E-6	31.378329E-3	74.765179E-6	34.938660E-3	2.8426195E-3	34.127779E-3	2.9715740E-3
70.999995E-6	31.210680E-3	312.35639E-6	31.230051E-3	50.836450E-6	36.371838E-3	2.7681352E-3	33.928566E-3	3.2767714E-3
71.499999E-6	30.365525E-3	-1.6294542E-6	31.139791E-3	-41.050880E-6	36.288153E-3	2.7197604E-3	34.269057E-3	3.0906487E-3
72.000003E-6	30.440051E-3	868.29119E-6	31.035239E-3	-66.651206E-6	34.990564E-3	2.7793341E-3	35.547689E-3	2.2606964E-3
72.500006E-6	30.463239E-3	36.176032E-6	31.876318E-3	781.02015E-6	34.501743E-3	3.2810601E-3	35.253707E-3	2.1452392E-3
72.999996E-6	30.508645E-3	-33.693217E-6	30.898035E-3	38.929858E-6	35.255305E-3	3.1667899E-3	34.782790E-3	2.5404170E-3
73.499999E-6	30.479008E-3	-82.902494E-6	30.907450E-3	446.82188E-6	36.265232E-3	2.7951377E-3	34.157168E-3	3.0405847E-3
74.000003E-6	30.505355E-3	-42.827560E-6	30.871971E-3	617.77153E-6	35.823219E-3	2.3188989E-3	34.368578E-3	3.3391474E-3
74.500007E-6	30.543823E-3	54.939981E-6	30.864485E-3	-50.804505E-6	36.695793E-3	3.0560698E-3	35.012059E-3	3.0331567E-3
74.999996E-6	30.560665E-3	592.94561E-6	30.910019E-3	-72.595423E-6	34.876075E-3	3.0614680E-3	36.008112E-3	2.5904917E-3
75.500000E-6	30.653557E-3	25.503830E-6	30.872608E-3	-29.634430E-6	34.549646E-3	3.3055553E-3	36.097702E-3	2.7593479E-3
76.000004E-6	36.752392E-3	2.9067374E-3	36.975525E-3	3.3607148E-3	40.149979E-3	1.2376724E-3	39.605487E-3	1.2061687E-3
76.500008E-6	37.396450E-3	3.1330178E-3	38.410529E-3	2.1553533E-3	40.171269E-3	1.2550650E-3	39.557837E-3	1.0397793E-3
76.999997E-6	36.488775E-3	3.2468315E-3	37.093394E-3	2.3709708E-3	39.825063E-3	1.3064065E-3	39.661206E-3	991.40382E-6
77.500001E-6	38.459864E-3	1.6269841E-3	36.929782E-3	2.7746591E-3	39.660119E-3	1.1667527E-3	39.841399E-3	1.2288059E-3
78.000005E-6	37.949413E-3	2.0166412E-3	37.442539E-3	3.1144612E-3	39.472412E-3	1.0584784E-3	39.964944E-3	1.3409294E-3
78.500008E-6	37.465949E-3	2.1073543E-3	36.372453E-3	3.2633827E-3	39.363597E-3	1.2765714E-3	39.632376E-3	1.3668113E-3
78.999998E-6	36.905754E-3	2.6879422E-3	38.197227E-3	2.7020555E-3	39.729644E-3	1.2728465E-3	39.386090E-3	1.1616335E-3
79.500001E-6	36.355186E-3	3.3222681E-3	37.562691E-3	2.4732484E-3	39.630350E-3	1.3872364E-3	39.624181E-3	1.0011734E-3
80.000005E-6	38.418226E-3	2.9158776E-3	36.484905E-3	2.7638436E-3	39.465595E-3	1.3486505E-3	39.802451E-3	1.2493528E-3
80.500009E-6	38.121365E-3	2.2082210E-3	35.469946E-3	2.9098282E-3	39.355777E-3	1.1244093E-3	39.950646E-3	1.2967497E-3
80.999998E-6	37.588246E-3	2.1303766E-3	37.017431E-3	3.0145403E-3	39.421555E-3	1.0805309E-3	40.138055E-3	1.3369879E-3
81.500002E-6	36.177319E-3	2.7529781E-3	37.004717E-3	3.3093283E-3	39.790802E-3	1.2293258E-3	39.877050E-3	1.2362984E-3
82.000006E-6	36.568053E-3	3.1541958E-3	38.216595E-3	2.5694845E-3	40.208507E-3	1.2479305E-3	39.781433E-3	1.4847000E-3
82.499995E-6	37.028451E-3	3.2915683E-3	37.260622E-3	2.4257279E-3	39.942868E-3	1.3846493E-3	39.914627E-3	1.0309620E-3
82.999999E-6	38.898833E-3	2.7335191E-3	37.385635E-3	2.3484041E-3	39.718971E-3	1.2045022E-3	40.302169E-3	1.2548761E-3
83.500003E-6	37.893448E-3	2.5283042E-3	37.593484E-3	2.9085858E-3	39.829414E-3	1.0584774E-3	40.325854E-3	1.3441914E-3
84.000007E-6	37.167504E-3	2.2700457E-3	35.908960E-3	3.2858991E-3	39.906170E-3	1.0922002E-3	40.302899E-3	1.3808442E-3
84.499996E-6	36.422253E-3	2.8129017E-3	38.091715E-3	3.0465729E-3	40.226497E-3	1.1894508E-3	39.878488E-3	1.2962879E-3
85.000000E-6	37.847932E-3	3.0599749E-3	38.404118E-3	2.2166038E-3	39.962277E-3	1.3115008E-3	39.921839E-3	1.0873554E-3
85.500003E-6	37.490815E-3	3.2103590E-3	37.253764E-3	2.6664964E-3	39.781246E-3	1.3928224E-3	40.043995E-3	1.0999197E-3
86.000007E-6	38.533702E-3	2.9157633E-3	36.511399E-3	2.5285659E-3	39.507292E-3	1.1960281E-3	39.808694E-3	1.2808584E-3
86.499997E-6	38.159482E-3	2.3861073E-3	37.169009E-3	3.1311195E-3	39.579798E-3	955.55990E-6	39.871268E-3	1.4304438E-3
87.000000E-6	37.341952E-3	2.4397867E-3	38.803693E-3	2.5411695E-3	40.013313E-3	1.0474891E-3	39.640170E-3	1.3852060E-3
87.500004E-6	37.274253E-3	3.1041862E-3	38.727894E-3	2.8888667E-3	39.835945E-3	1.4781529E-3	39.456330E-3	1.2668443E-3
88.000008E-6	37.691168E-3	3.3609911E-3	38.417116E-3	2.0881961E-3	39.931577E-3	1.5172606E-3	39.729383E-3	1.0705156E-3
88.499997E-6	39.263833E-3	2.4357112E-3	37.408162E-3	2.3456630E-3	39.966825E-3	1.3466803E-3	39.844502E-3	1.2414360E-3
89.000001E-6	38.694363E-3	2.7321884E-3	36.625750E-3	2.6740849E-3	40.117055E-3	1.0338426E-3	40.014025E-3	1.3938614E-3
89.500005E-6	37.114117E-3	2.7467152E-3	38.460732E-3	3.0864659E-3	40.283591E-3	966.54386E-6	39.942175E-3	1.5147891E-3
90.000009E-6	36.600932E-3	2.6208153E-3	38.544700E-3	2.8679788E-3	40.569477E-3	1.1141867E-3	39.132867E-3	1.4408322E-3
90.499998E-6	38.482044E-3	2.8118982E-3	39.298784E-3	2.4779439E-3	40.678054E-3	1.2887263E-3	39.604336E-3	1.1060530E-3
91.000002E-6	37.865773E-3	2.9975462E-3	38.775191E-3	2.3528691E-3	40.568605E-3	1.4641074E-3	39.775018E-3	1.0057216E-3
91.500006E-6	38.505867E-3	2.2676548E-3	38.002953E-3	2.2270635E-3	40.279239E-3	1.1548891E-3	39.850097E-3	1.2701233E-3
92.000009E-6	37.987493E-3	2.5653238E-3	38.201958E-3	2.8256117E-3	39.900366E-3	1.0651216E-3	39.905407E-3	1.4190166E-3
92.499999E-6	37.099291E-3	2.5603839E-3	38.578466E-3	2.6232940E-3	40.365148E-3	1.0063474E-3	39.634317E-3	1.4674873E-3
93.000002E-6	36.112800E-3	2.9811701E-3	38.216814E-3	2.7485271E-3	40.247157E-3	1.3180511E-3	39.563093E-3	1.2193840E-3
93.500006E-6	37.409458E-3	3.1315205E-3	38.472962E-3	2.8025333E-3	40.517904E-3	1.2785883E-3	39.605729E-3	1.0530959E-3
93.999995E-6	38.265314E-3	2.8444761E-3	37.758712E-3	2.6396464E-3	39.968126E-3	1.3781434E-3	39.953221E-3	1.0339473E-3
94.499999E-6	38.325999E-3	2.6334869E-3	37.104301E-3	2.4453108E-3	40.055778E-3	1.0720894E-3	39.674733E-3	1.3732922E-3
95.000003E-6	40.273052E-3	1.1413262E-3	40.347483E-3	975.29194E-6	40.819578E-3	817.33702E-6	40.237676E-3	905.63041E-6
95.500007E-6	40.310409E-3	983.88188E-6	40.207595E-3	855.75238E-6	40.770721E-3	778.99615E-6	40.050216E-3	920.18582E-6
95.999996E-6	40.217463E-3	857.94285E-6	40.159851E-3	941.59588E-6	40.747803E-3	831.52746E-6	39.963029E-3	892.09265E-6
96.500000E-6	40.101152E-3	871.83790E-6	40.200915E-3	1.0459293E-3	40.744752E-3	886.14621E-6	40.065870E-3	828.55730E-6
97.000004E-6	40.183414E-3	917.13580E-6	40.288206E-3	986.21426E-6	40.763564E-3	912.60625E-6	40.114220E-3	806.91947E-6
97.500008E-6	39.974019E-3	1.1003974E-3	40.375613E-3	992.29859E-6	40.750850E-3	845.38298E-6	40.185027E-3	843.91300E-6
97.999997E-6	39.914288E-3	1.1382017E-3	40.349424E-3	846.00912E-6	40.675078E-3	795.15122E-6	40.125009E-3	914.03525E-6
98.500001E-6	39.945610E-3	971.92341E-6	40.163808E-3	866.48762E-6	40.672194E-3	809.78853E-6	40.216424E-3	927.21137E-6
99.000004E-6	39.757431E-3	900.77007E-6	40.040541E-3	985.48387E-6	40.669832E-3	872.58371E-6	40.236793E-3	852.71348E-6
99.500008E-6	39.642368E-3	927.23250E-6	39.869707E-3	1.0937225E-3	40.648323E-3	926.27981E-6	40.220510E-3	788.20018E-6
99.999997E-6	39.701842E-3	1.0547455E-3	39.926760E-3	985.36455E-6	40.678620E-3	910.63732E-6	40.231939E-3	814.26214E-6
100.50000E-6	39.856277E-3	1.0634081E-3	39.962769E-3	936.84177E-6	40.674787E-3	800.79690E-6	40.255435E-3	866.13704E-6
101.00001E-6	39.954226E-3	1.1177084E-3	39.882701E-3	892.38357E-6	40.643658E-3	793.57898E-6	40.243730E-3	920.24746E-6
101.50001E-6	40.143311E-3	891.84137E-6	39.924990E-3	900.71675E-6	40.742282E-3	835.44309E-6	40.252857E-3	889.63343E-6
102.00000E-6	40.082693E-3	846.41034E-6	40.019143E-3	1.0135468E-3	40.683135E-3	920.97768E-6	40.221799E-3	830.14258E-6
102.50000E-6	39.989084E-3	973.52255E-6	40.064827E-3	1.1287958E-3	40.627137E-3	923.47129E-6	40.242936E-3	791.29369E-6
103.00001E-6	39.895415E-3	1.1823718E-3	40.439438E-3	1.0214401E-3	40.565081E-3	873.67272E-6	40.280871E-3	829.38786E-6
103.50000E-6	39.994694E-3	1.2273624E-3	40.474039E-3	984.30121E-6	40.466119E-3	791.21819E-6	40.271990E-3	877.22059E-6
104.00000E-6	40.297557E-3	928.70969E-6	40.341433E-3	857.41328E-6	40.376596E-3	814.25806E-6	40.226504E-3	933.15152E-6
104.50000E-6	40.198389E-3	863.88923E-6	40.171266E-3	903.74338E-6	40.299930E-3	859.21795E-6	40.252887E-3	892.53770E-6
105.00001E-6	40.114451E-3	929.65871E-6	40.234722E-3	1.0345943E-3	40.259324E-3	938.40825E-6	40.322263E-3	825.96630E-6
105.50000E-6	40.006854E-3	1.0873151E-3	40.304400E-3	1.0653606E-3	40.193845E-3	911.13080E-6	40.368661E-3	808.47001E-6
106.00000E-6	40.224280E-3	1.1521274E-3	40.404312E-3	1.0049671E-3	40.214457E-3	828.43605E-6	40.413458E-3	856.72532E-6
106.50000E-6	40.432509E-3	1.0220238E-3	40.439580E-3	856.91345E-6	40.215187E-3	782.66108E-6	40.445589E-3	919.93902E-6
107.00001E-6	40.313751E-3	906.89812E-6	40.343352E-3	848.84907E-6	40.257845E-3	841.22864E-6	40.455535E-3	914.70749E-6
107.50000E-6	40.245708E-3	862.79004E-6	40.230535E-3	940.63242E-6	40.211510E-3	880.02754E-6	40.540747E-3	862.42706E-6
108.00000E-6	40.081955E-3	984.15173E-6	40.284146E-3	1.0564787E-3	40.263504E-3	897.12092E-6	40.750854E-3	804.68517E-6
108.50000E-6	40.036179E-3	995.36171E-6	40.562153E-3	1.0032378E-3	40.340938E-3	870.58207E-6	40.712006E-3	795.16147E-6
109.00001E-6	40.135145E-3	1.0574913E-3	40.659700E-3	946.08188E-6	40.368777E-3	803.61828E-6	40.716089E-3	866.78349E-6
109.50000E-6	40.230233E-3	1.0134946E-3	40.670611E-3	829.99154E-6	40.395528E-3	827.15333E-6	40.720914E-3	917.05821E-6
110.00000E-6	40.028457E-3	888.64454E-6	40.634286E-3	853.92746E-6	40.478125E-3	873.53244E-6	40.601764E-3	899.99463E-6
110.50000E-6	40.053919E-3	946.14614E-6	40.583219E-3	932.34942E-6	40.490188E-3	910.86974E-6	40.505745E-3	848.42567E-6
111.00001E-6	40.097807E-3	1.0480131E-3	40.666994E-3	1.0353274E-3	40.560946E-3	901.58882E-6	40.588785E-3	800.45714E-6
111.50000E-6	40.342722E-3	1.1145924E-3	40.704571E-3	1.1236859E-3	40.611450E-3	832.61327E-6	40.538050E-3	809.62584E-6
112.00000E-6	40.407944E-3	1.2131669E-3	40.694565E-3	954.66961E-6	40.642448E-3	800.57705E-6	40.535588E-3	904.26742E-6
112.50001E-6	40.485363E-3	1.0707926E-3	40.671561E-3	838.35662E-6	40.617526E-3	837.74200E-6	40.498279E-3	941.42603E-6
113.00001E-6	40.412836E-3	892.57461E-6	40.398940E-3	858.91510E-6	40.652804E-3	903.20100E-6	40.434759E-3	891.02139E-6
113.50000E-6	40.507257E-3	986.14627E-6	40.419374E-3	950.22749E-6	40.591478E-3	916.55081E-6	40.468521E-3	825.23853E-6
114.00000E-6	40.900730E-3	905.26475E-6	40.594019E-3	907.60150E-6	40.758900E-3	837.07151E-6	40.610496E-3	752.72348E-6
114.50001E-6	40.930074E-3	876.71046E-6	40.548015E-3	885.17775E-6	40.749494E-3	770.49877E-6	40.608108E-3	805.16923E-6
115.00000E-6	40.931724E-3	775.88559E-6	40.521715E-3	790.09472E-6	40.765926E-3	768.33740E-6	40.615268E-3	888.16421E-6
115.50000E-6	40.915854E-3	781.71381E-6	40.538918E-3	764.89587E-6	40.777307E-3	829.13303E-6	40.556494E-3	884.62594E-6
116.00000E-6	40.906698E-3	822.42710E-6	40.503751E-3	794.37438E-6	40.769652E-3	896.55071E-6	40.584374E-3	833.07910E-6
116.50001E-6	40.823597E-3	866.45741E-6	40.496979E-3	887.24721E-6	40.798198E-3	860.92477E-6	40.540285E-3	789.45421E-6
117.00000E-6	40.722676E-3	894.56543E-6	40.538993E-3	899.14864E-6	40.829569E-3	796.03470E-6	40.487420E-3	784.09555E-6
117.50000E-6	40.628426E-3	851.28139E-6	40.522300E-3	875.48792E-6	40.771704E-3	755.76577E-6	40.436670E-3	837.79538E-6
118.00000E-6	40.642958E-3	792.44870E-6	40.509306E-3	819.19384E-6	40.736638E-3	786.94522E-6	40.378220E-3	878.44726E-6
118.50001E-6	40.577017E-3	791.55643E-6	40.434420E-3	789.64053E-6	40.726006E-3	841.57661E-6	40.324040E-3	892.18566E-6
119.00000E-6	40.522829E-3	885.76676E-6	40.353484E-3	791.47506E-6	40.721547E-3	866.35095E-6	40.254507E-3	836.93204E-6
119.50000E-6	40.465180E-3	906.95609E-6	40.269334E-3	894.52550E-6	40.798392E-3	829.15189E-6	40.238742E-3	762.59056E-6
120.00000E-6	40.485818E-3	871.53492E-6	40.257808E-3	906.20929E-6	40.803667E-3	751.17499E-6	40.162880E-3	797.73995E-6
120.50001E-6	40.511623E-3	805.26469E-6	40.323421E-3	859.75055E-6	40.911961E-3	746.23618E-6	40.038683E-3	836.61964E-6
121.00000E-6	40.511645E-3	775.50061E-6	40.440824E-3	816.35546E-6	41.014612E-3	826.10047E-6	40.110461E-3	893.05238E-6
121.50000E-6	40.502269E-3	829.02232E-6	40.516745E-3	754.51995E-6	41.004173E-3	893.16891E-6	40.223949E-3	873.24012E-6
122.00000E-6	40.556546E-3	913.42616E-6	40.636428E-3	845.15498E-6	41.105252E-3	875.19229E-6	40.358733E-3	807.14165E-6
122.50000E-6	40.508840E-3	903.08097E-6	40.651646E-3	875.19741E-6	41.151155E-3	804.59652E-6	40.409911E-3	744.05316E-6
123.00001E-6	40.549755E-3	828.81592E-6	40.717937E-3	905.29240E-6	41.143943E-3	771.67799E-6	40.627364E-3	806.57651E-6
123.50001E-6	40.504161E-3	774.87668E-6	40.728036E-3	863.52148E-6	41.149490E-3	809.06926E-6	40.467340E-3	866.43896E-6
124.00001E-6	40.455464E-3	779.70221E-6	40.759232E-3	779.42020E-6	41.162383E-3	880.87283E-6	40.508516E-3	896.74181E-6
124.49999E-6	40.385354E-3	875.83956E-6	40.703259E-3	767.82255E-6	41.137859E-3	896.83098E-6	40.542632E-3	852.53414E-6
124.99999E-6	40.433317E-3	906.84270E-6	40.737409E-3	812.42982E-6	41.172657E-3	817.49598E-6	40.577203E-3	756.18230E-6
125.50000E-6	40.468119E-3	844.47581E-6	40.714230E-3	903.93436E-6	41.089334E-3	774.06201E-6	40.541448E-3	738.03705E-6
126.00000E-6	40.484000E-3	794.72311E-6	40.705182E-3	885.14615E-6	41.076258E-3	788.49890E-6	40.539537E-3	824.14632E-6
126.50000E-6	40.455785E-3	777.42356E-6	40.727522E-3	865.70287E-6	41.002240E-3	859.42302E-6	40.580478E-3	855.33276E-6
127.00001E-6	40.417891E-3	841.35187E-6	40.813632E-3	793.38573E-6	41.000672E-3	904.43849E-6	40.703215E-3	867.18384E-6
127.50001E-6	40.391583E-3	905.28536E-6	40.944546E-3	764.87882E-6	40.936906E-3	851.08913E-6	40.717810E-3	859.01795E-6
128.00001E-6	40.291194E-3	890.81301E-6	41.034792E-3	840.04318E-6	40.913548E-3	782.11952E-6	40.851496E-3	778.81932E-6
128.49999E-6	40.207896E-3	833.02223E-6	41.017503E-3	890.53117E-6	40.846828E-3	776.28507E-6	40.978737E-3	749.27742E-6
128.99999E-6	40.160794E-3	780.34395E-6	41.030902E-3	891.79334E-6	40.787730E-3	837.08012E-6	40.981721E-3	831.34504E-6
129.50000E-6	40.127259E-3	777.16628E-6	40.938798E-3	860.27459E-6	40.816076E-3	888.46148E-6	41.090567E-3	902.31327E-6
130.00000E-6	40.160995E-3	849.31747E-6	40.824179E-3	790.84275E-6	40.827688E-3	880.59931E-6	41.147478E-3	904.23098E-6
130.50000E-6	40.194906E-3	911.60380E-6	40.687375E-3	794.78195E-6	40.800020E-3	810.95187E-6	41.200198E-3	815.36139E-6
131.00001E-6	40.212471E-3	883.27308E-6	40.613730E-3	818.89646E-6	40.830456E-3	771.98737E-6	41.153844E-3	791.70812E-6
131.50001E-6	40.317826E-3	809.60768E-6	40.524911E-3	889.51387E-6	40.820390E-3	796.18662E-6	41.158803E-3	770.29777E-6
132.00002E-6	40.395826E-3	787.46746E-6	40.522985E-3	908.07612E-6	40.809046E-3	838.71756E-6	41.031733E-3	848.21327E-6
132.49999E-6	40.436227E-3	821.02040E-6	40.587135E-3	839.26797E-6	40.835366E-3	896.59711E-6	40.966284E-3	918.29681E-6
132.99999E-6	40.579703E-3	861.54585E-6	40.695231E-3	777.61919E-6	40.837098E-3	835.23925E-6	41.222658E-3	870.17391E-6
133.50000E-6	40.606454E-3	909.52305E-6	40.666722E-3	768.86785E-6	40.826868E-3	769.54061E-6	41.267321E-3	781.30071E-6
134.00000E-6	40.640969E-3	861.51558E-6	40.660400E-3	837.46295E-6	40.775605E-3	739.69626E-6	41.230295E-3	758.15257E-6
134.50001E-6	40.633466E-3	773.21182E-6	40.633515E-3	894.75780E-6	40.728346E-3	784.05731E-6	40.954020E-3	790.59991E-6
135.00001E-6	40.679652E-3	757.61683E-6	40.620789E-3	885.34015E-6	40.753350E-3	870.51874E-6	40.936276E-3	860.04223E-6
135.50001E-6	40.708710E-3	824.86839E-6	40.512513E-3	826.60490E-6	40.737990E-3	877.00837E-6	40.896803E-3	887.73679E-6
135.99999E-6	40.715579E-3	864.69989E-6	40.421870E-3	752.83559E-6	40.789720E-3	801.33619E-6	40.895559E-3	843.37004E-6
136.49999E-6	40.709928E-3	882.28093E-6	40.313903E-3	781.61247E-6	40.824454E-3	752.35980E-6	40.847741E-3	779.60355E-6
137.00000E-6	40.705208E-3	819.41538E-6	40.255215E-3	829.63798E-6	40.782683E-3	774.37575E-6	40.877406E-3	748.12036E-6
137.50000E-6	40.691119E-3	758.93186E-6	40.278237E-3	887.92853E-6	40.710494E-3	850.60194E-6	40.865593E-3	804.35473E-6
138.00000E-6	40.678021E-3	765.03871E-6	40.375255E-3	858.58145E-6	40.614396E-3	867.46633E-6	40.692888E-3	883.69887E-6
138.50001E-6	40.651936E-3	853.63549E-6	40.508118E-3	807.62542E-6	40.534396E-3	839.96868E-6	40.664509E-3	873.94926E-6
139.00001E-6	40.668637E-3	893.46466E-6	40.613577E-3	751.44996E-6	40.497344E-3	785.06651E-6	40.659260E-3	817.89721E-6
139.50001E-6	40.709678E-3	838.41156E-6	40.699128E-3	763.52409E-6	40.425830E-3	754.93334E-6	40.651325E-3	745.46918E-6
139.99999E-6	40.846955E-3	788.08359E-6	40.728290E-3	837.53950E-6	40.367767E-3	822.47087E-6	40.561739E-3	769.55202E-6
140.49999E-6	40.948972E-3	764.27835E-6	40.756863E-3	897.78414E-6	40.356956E-3	888.79740E-6	40.501002E-3	818.39581E-6
141.00000E-6	41.061837E-3	785.29731E-6	40.774886E-3	868.93211E-6	40.296156E-3	874.25503E-6	40.421683E-3	904.51812E-6
141.50000E-6	41.114289E-3	879.25256E-6	40.754501E-3	821.75486E-6	40.399536E-3	801.75942E-6	40.307082E-3	850.39670E-6
142.00000E-6	41.148562E-3	895.68296E-6	40.767487E-3	762.50784E-6	40.412430E-3	751.79362E-6	40.310785E-3	789.36608E-6
142.50001E-6	41.064184E-3	838.26348E-6	40.764298E-3	789.28791E-6	40.427279E-3	769.89108E-6	40.278818E-3	757.43598E-6
143.00001E-6	40.960766E-3	759.59950E-6	40.796146E-3	833.73301E-6	40.501978E-3	852.54747E-6	40.286716E-3	780.21013E-6
143.50002E-6	40.835667E-3	770.76955E-6	40.869843E-3	924.61653E-6	40.516365E-3	904.87348E-6	40.391963E-3	834.07847E-6
143.99999E-6	40.782597E-3	810.21956E-6	40.889580E-3	863.71950E-6	40.528961E-3	838.70417E-6	40.500354E-3	897.10951E-6
144.49999E-6	40.721297E-3	884.60918E-6	40.953912E-3	801.05668E-6	40.602081E-3	738.85522E-6	40.590037E-3	845.70312E-6
145.00000E-6	40.663715E-3	883.41755E-6	41.065332E-3	767.41364E-6	40.622450E-3	784.67152E-6	40.614620E-3	796.25082E-6
145.50000E-6	40.644694E-3	810.71624E-6	41.100990E-3	774.63157E-6	40.712778E-3	829.18175E-6	40.666249E-3	752.28803E-6
146.00001E-6	40.622517E-3	749.18510E-6	41.085187E-3	841.04360E-6	40.713646E-3	871.55227E-6	40.606681E-3	806.59834E-6
146.49998E-6	40.621430E-3	768.21266E-6	40.982451E-3	884.39882E-6	40.709268E-3	889.03809E-6	40.631592E-3	873.83745E-6
146.99998E-6	40.627401E-3	842.80357E-6	40.878382E-3	867.54840E-6	40.749211E-3	795.76008E-6	40.607002E-3	892.56559E-6
147.49999E-6	40.679980E-3	887.69553E-6	40.816151E-3	802.45401E-6	40.796377E-3	757.44465E-6	40.618431E-3	835.48611E-6
147.99999E-6	40.669043E-3	874.91976E-6	40.724028E-3	759.48465E-6	40.788244E-3	772.05681E-6	40.609755E-3	757.87422E-6
148.50000E-6	40.682618E-3	786.20657E-6	40.683895E-3	775.54298E-6	40.781669E-3	864.53912E-6	40.647108E-3	727.82702E-6
149.00000E-6	40.618829E-3	742.92521E-6	40.626578E-3	833.66892E-6	40.749159E-3	886.82189E-6	40.664803E-3	803.57626E-6
149.50000E-6	40.590692E-3	783.69997E-6	40.709790E-3	888.38610E-6	40.740255E-3	823.71722E-6	40.717680E-3	880.04989E-6
150.00001E-6	40.565025E-3	863.28812E-6	40.661160E-3	862.92595E-6	40.762927E-3	746.28135E-6	40.826764E-3	897.08774E-6
150.49998E-6	40.599100E-3	871.76432E-6	40.664773E-3	797.37761E-6	40.728942E-3	756.73615E-6	40.895090E-3	824.73911E-6
150.99999E-6	40.549375E-3	822.10626E-6	40.618878E-3	743.54606E-6	40.774345E-3	806.58140E-6	40.997311E-3	754.58939E-6
151.49999E-6	40.499598E-3	758.50060E-6	40.608931E-3	790.53961E-6	40.759638E-3	885.49813E-6	41.039150E-3	752.50922E-6
151.99999E-6	40.448502E-3	754.64719E-6	40.586907E-3	842.79163E-6	40.711910E-3	879.74477E-6	41.029327E-3	853.19753E-6
152.50000E-6	40.425345E-3	833.67614E-6	40.521819E-3	898.72646E-6	40.731456E-3	809.42229E-6	41.038502E-3	905.64165E-6
153.00000E-6	40.347740E-3	904.01102E-6	40.473945E-3	873.91725E-6	40.734965E-3	750.56648E-6	40.976230E-3	880.00653E-6
153.50000E-6	40.297594E-3	879.66194E-6	40.359735E-3	805.83326E-6	40.709853E-3	806.80294E-6	40.975720E-3	781.40228E-6
154.00001E-6	40.231839E-3	792.30283E-6	40.330455E-3	747.41000E-6	40.690616E-3	871.32677E-6	40.877458E-3	769.47873E-6
154.49998E-6	40.173072E-3	743.96865E-6	40.289883E-3	780.92684E-6	40.725864E-3	884.67391E-6	40.807161E-3	769.99416E-6
154.99999E-6	40.105924E-3	793.79714E-6	40.325683E-3	838.63467E-6	40.779255E-3	818.65105E-6	40.740628E-3	848.99424E-6
155.49999E-6	40.148910E-3	879.44855E-6	40.412962E-3	908.47822E-6	40.815175E-3	748.96694E-6	40.704843E-3	889.28686E-6
155.99999E-6	40.194653E-3	899.54882E-6	40.505439E-3	868.28804E-6	40.929314E-3	788.91596E-6	40.719427E-3	867.61249E-6
156.50000E-6	40.177342E-3	821.64095E-6	40.618956E-3	788.66910E-6	40.984802E-3	848.24336E-6	40.701598E-3	793.90523E-6
157.00000E-6	40.230703E-3	753.48566E-6	40.647637E-3	754.84393E-6	41.047920E-3	897.15171E-6	40.623400E-3	769.23508E-6
157.50001E-6	40.312961E-3	770.19603E-6	40.652093E-3	787.99768E-6	41.137256E-3	885.76815E-6	40.615447E-3	780.59244E-6
157.99998E-6	40.356714E-3	833.27899E-6	40.764302E-3	849.60909E-6	41.140888E-3	800.76692E-6	40.622842E-3	877.45005E-6
158.49998E-6	40.367246E-3	905.97878E-6	40.763415E-3	929.26488E-6	41.167632E-3	741.21158E-6	40.618956E-3	916.36169E-6
158.99999E-6	40.439051E-3	881.60043E-6	40.782113E-3	858.07429E-6	41.118518E-3	806.06213E-6	40.659439E-3	842.18034E-6
159.49999E-6	40.461283E-3	799.40603E-6	40.792465E-3	793.15185E-6	41.152053E-3	887.18778E-6	40.653713E-3	786.13369E-6
160.00000E-6	40.500201E-3	756.08055E-6	40.803034E-3	754.65033E-6	41.178543E-3	877.67036E-6	40.650859E-3	741.99645E-6
160.50000E-6	40.539220E-3	789.13820E-6	40.806863E-3	794.25855E-6	41.098457E-3	823.69457E-6	40.622823E-3	811.20123E-6
161.00000E-6	40.549610E-3	870.73643E-6	40.841479E-3	839.85139E-6	40.855777E-3	757.40693E-6	40.523838E-3	901.74912E-6
161.50001E-6	40.620822E-3	887.82411E-6	40.872652E-3	888.96608E-6	40.764920E-3	751.42819E-6	40.452130E-3	899.40010E-6
161.99998E-6	40.610258E-3	838.33613E-6	40.964387E-3	846.89632E-6	40.797595E-3	839.17537E-6	40.311817E-3	825.79750E-6
162.49999E-6	40.646482E-3	752.66062E-6	41.035973E-3	789.77353E-6	40.933706E-3	892.63468E-6	40.175721E-3	748.13713E-6
162.99999E-6	40.692616E-3	746.99306E-6	41.133504E-3	771.18276E-6	40.840786E-3	868.92355E-6	40.116753E-3	776.27355E-6
163.49999E-6	40.679418E-3	829.44916E-6	41.084945E-3	803.24331E-6	40.861219E-3	787.60606E-6	40.061206E-3	857.89530E-6
164.00000E-6	40.638164E-3	909.15506E-6	41.035134E-3	876.64922E-6	40.843073E-3	752.23623E-6	40.081270E-3	930.43322E-6
164.50000E-6	40.631957E-3	868.22506E-6	40.924296E-3	899.57594E-6	40.794667E-3	796.15304E-6	40.157385E-3	864.38685E-6
165.00000E-6	40.621255E-3	785.17554E-6	40.830351E-3	853.21977E-6	40.825546E-3	861.55481E-6	40.226024E-3	807.91552E-6
165.50001E-6	40.668249E-3	757.22893E-6	40.739674E-3	762.61570E-6	40.817518E-3	903.02364E-6	40.239699E-3	747.65837E-6
165.99998E-6	40.679637E-3	777.34538E-6	40.689953E-3	749.96444E-6	40.843423E-3	866.19868E-6	40.304590E-3	795.36607E-6
166.49999E-6	40.703613E-3	841.12928E-6	40.692132E-3	799.96290E-6	40.845778E-3	765.50833E-6	40.350731E-3	887.82032E-6
166.99999E-6	40.760979E-3	897.78827E-6	40.607776E-3	879.34668E-6	40.853016E-3	765.51532E-6	40.415369E-3	898.57739E-6
167.49999E-6	40.765349E-3	842.61538E-6	40.629216E-3	892.49999E-6	40.826958E-3	814.95341E-6	40.440451E-3	839.10575E-6
168.00000E-6	40.754020E-3	764.12351E-6	40.697783E-3	833.93499E-6	40.837005E-3	901.25838E-6	40.441677E-3	775.99799E-6
168.50000E-6	40.786732E-3	766.56981E-6	40.626928E-3	782.60869E-6	40.794495E-3	885.92677E-6	40.441930E-3	753.82739E-6
169.00001E-6	40.849056E-3	819.23616E-6	40.700987E-3	748.19918E-6	40.718820E-3	818.14232E-6	40.536895E-3	837.96121E-6
169.49998E-6	40.900104E-3	877.94586E-6	40.664114E-3	816.49364E-6	40.627137E-3	749.57235E-6	40.588636E-3	907.10615E-6
169.99998E-6	40.886629E-3	885.98160E-6	40.601835E-3	883.66622E-6	40.553126E-3	783.03210E-6	40.647898E-3	884.83468E-6
170.49999E-6	40.937480E-3	823.32751E-6	40.602151E-3	899.61168E-6	40.527944E-3	851.37604E-6	40.596206E-3	821.90434E-6
170.99999E-6	40.968608E-3	761.37076E-6	40.462404E-3	833.60041E-6	40.412318E-3	891.70638E-6	40.613361E-3	762.37653E-6
171.50000E-6	40.835276E-3	808.30365E-6	40.192198E-3	786.16542E-6	40.241327E-3	907.28776E-6	40.468860E-3	799.27361E-6
172.00000E-6	40.773164E-3	874.94758E-6	40.141217E-3	788.17591E-6	40.213231E-3	808.08019E-6	40.380422E-3	893.77840E-6
172.50000E-6	40.671717E-3	925.55553E-6	40.164549E-3	858.90712E-6	40.104687E-3	851.76178E-6	40.457845E-3	948.49110E-6
173.00001E-6	40.601481E-3	886.29901E-6	40.209983E-3	926.51014E-6	40.251300E-3	839.51250E-6	40.518392E-3	922.64469E-6
173.49998E-6	40.461443E-3	794.09039E-6	40.302247E-3	900.70284E-6	40.277235E-3	927.12295E-6	40.641792E-3	828.26836E-6
173.99999E-6	40.389750E-3	772.93505E-6	40.446054E-3	840.83102E-6	40.444825E-3	921.77204E-6	40.724736E-3	782.34053E-6
174.49999E-6	40.363841E-3	839.94627E-6	40.543694E-3	776.92687E-6	40.460832E-3	861.59108E-6	40.699337E-3	846.31424E-6
174.99999E-6	40.354662E-3	907.35173E-6	40.666241E-3	791.73612E-6	40.519867E-3	785.60389E-6	40.911406E-3	891.76936E-6
175.50000E-6	40.256191E-3	925.10541E-6	40.717997E-3	866.85992E-6	40.600721E-3	762.18817E-6	40.904317E-3	923.97892E-6
176.00000E-6	40.345270E-3	847.67002E-6	40.685482E-3	924.23981E-6	40.583175E-3	852.13844E-6	40.896710E-3	930.40807E-6
176.50001E-6	40.330529E-3	778.71385E-6	40.727485E-3	886.69040E-6	40.638946E-3	944.38047E-6	40.816583E-3	806.67547E-6
177.00001E-6	40.404923E-3	795.18434E-6	40.718611E-3	828.13791E-6	40.661018E-3	928.39851E-6	40.735982E-3	789.27615E-6
177.49998E-6	40.419780E-3	860.89916E-6	40.698666E-3	790.69263E-6	40.613893E-3	872.37259E-6	40.557977E-3	855.35081E-6
177.99999E-6	40.386721E-3	924.65983E-6	40.738925E-3	797.39676E-6	40.572047E-3	777.89323E-6	40.477149E-3	920.36562E-6
178.49999E-6	40.308416E-3	888.25740E-6	40.795524E-3	875.71319E-6	40.532108E-3	814.16458E-6	40.551491E-3	930.23159E-6
179.00000E-6	40.276147E-3	803.94163E-6	40.796794E-3	916.62182E-6	40.556919E-3	879.63406E-6	40.579863E-3	874.85899E-6
179.50000E-6	40.308390E-3	781.64035E-6	40.817350E-3	896.02306E-6	40.522344E-3	919.72441E-6	40.555034E-3	802.31793E-6
180.00000E-6	40.194307E-3	813.74275E-6	40.821597E-3	814.04491E-6	40.537920E-3	895.63243E-6	40.574934E-3	781.92318E-6
180.50001E-6	40.177323E-3	895.29896E-6	40.875345E-3	753.29927E-6	40.587176E-3	808.22810E-6	40.548306E-3	867.48722E-6
180.99998E-6	40.145531E-3	944.22832E-6	40.964570E-3	819.42114E-6	40.576879E-3	763.99161E-6	40.509883E-3	938.89295E-6
181.49999E-6	40.047254E-3	891.03793E-6	40.971167E-3	879.23341E-6	40.583242E-3	872.12690E-6	40.499970E-3	910.37608E-6
181.99999E-6	40.011067E-3	814.82332E-6	40.985938E-3	942.43290E-6	40.761989E-3	918.90024E-6	40.532939E-3	861.09253E-6
182.49999E-6	40.014669E-3	797.46172E-6	40.932629E-3	871.23655E-6	40.833429E-3	933.58353E-6	40.339775E-3	902.34447E-6
183.00000E-6	39.991662E-3	842.56922E-6	40.825494E-3	795.16135E-6	40.928792E-3	943.28343E-6	40.455058E-3	815.27192E-6
183.50000E-6	40.002014E-3	923.65098E-6	40.776931E-3	777.75505E-6	40.981941E-3	796.31573E-6	40.347677E-3	886.82346E-6
184.00000E-6	40.097274E-3	926.51113E-6	40.694963E-3	816.72339E-6	41.004594E-3	777.12972E-6	40.374368E-3	956.81206E-6
184.50001E-6	40.150378E-3	852.26493E-6	40.671825E-3	901.36548E-6	40.984195E-3	871.58167E-6	40.332541E-3	951.56801E-6
184.99998E-6	40.198132E-3	782.36021E-6	40.598352E-3	925.34337E-6	40.983707E-3	928.85370E-6	40.205952E-3	879.81450E-6
185.49999E-6	40.333524E-3	796.67743E-6	40.571921E-3	903.25775E-6	40.956497E-3	913.19263E-6	40.063199E-3	831.52315E-6
185.99999E-6	40.424101E-3	856.67963E-6	40.471043E-3	797.70840E-6	40.914107E-3	851.09868E-6	39.841201E-3	905.43664E-6
186.49999E-6	40.474828E-3	921.20655E-6	40.460214E-3	786.26041E-6	40.893007E-3	778.32740E-6	39.998654E-3	922.05376E-6
187.00000E-6	40.501077E-3	915.31663E-6	40.425636E-3	839.97298E-6	40.763486E-3	827.90625E-6	39.993580E-3	933.74302E-6
187.50000E-6	40.504705E-3	838.09491E-6	40.379278E-3	900.00185E-6	40.815286E-3	883.55131E-6	40.071826E-3	973.32307E-6
188.00001E-6	40.501911E-3	754.20935E-6	40.400513E-3	932.56787E-6	40.784214E-3	944.79037E-6	39.963633E-3	881.93611E-6
188.49998E-6	40.464193E-3	799.78281E-6	40.441912E-3	858.50223E-6	40.774923E-3	911.92039E-6	40.043868E-3	828.49996E-6
188.99998E-6	40.496375E-3	875.85789E-6	40.387943E-3	796.64431E-6	40.759634E-3	819.33272E-6	40.214643E-3	856.92742E-6
189.49999E-6	40.451806E-3	937.35167E-6	40.351931E-3	772.62602E-6	40.656324E-3	840.49074E-6	40.325083E-3	938.16448E-6
189.99999E-6	40.462885E-3	888.49862E-6	40.305059E-3	852.74741E-6	40.724397E-3	829.03332E-6	40.360156E-3	950.73262E-6
190.50000E-6	39.343446E-3	1.1650641E-3	39.716549E-3	1.5605084E-3	39.925430E-3	1.2545205E-3	39.835982E-3	1.6309054E-3
191.00000E-6	39.631400E-3	1.4181378E-3	38.751505E-3	1.9165884E-3	40.002421E-3	1.7719961E-3	39.336342E-3	1.5559889E-3
191.50000E-6	39.969236E-3	1.6063319E-3	38.979921E-3	1.3774933E-3	39.980687E-3	1.7000225E-3	39.108410E-3	1.2426898E-3
192.00001E-6	39.845206E-3	1.8086697E-3	38.773239E-3	1.3120208E-3	39.533500E-3	1.4639928E-3	39.000895E-3	1.2735227E-3
192.49998E-6	39.872807E-3	1.6613025E-3	40.026870E-3	981.31574E-6	39.147072E-3	1.2553650E-3	39.558772E-3	1.5353368E-3
192.99999E-6	39.665613E-3	1.1554576E-3	39.365754E-3	1.7034982E-3	39.383028E-3	1.1595850E-3	39.232276E-3	1.7177234E-3
193.49999E-6	39.313603E-3	1.2320969E-3	39.459519E-3	1.3674014E-3	39.643358E-3	1.3451130E-3	38.668957E-3	1.6697349E-3
193.99999E-6	39.792772E-3	1.4339568E-3	39.297894E-3	1.4635420E-3	38.905825E-3	2.1314363E-3	39.264217E-3	1.3863315E-3
194.50000E-6	39.826538E-3	1.7825612E-3	39.026011E-3	1.2668979E-3	39.685939E-3	1.6157085E-3	39.317649E-3	1.3026126E-3
195.00000E-6	39.711602E-3	1.8161760E-3	39.340485E-3	1.5103447E-3	39.115477E-3	1.3889514E-3	39.733339E-3	1.3800733E-3
195.50000E-6	39.339866E-3	1.3697469E-3	39.464746E-3	1.7680710E-3	38.897905E-3	1.2130806E-3	40.108234E-3	1.5589364E-3
196.00001E-6	39.279182E-3	1.7350957E-3	39.815087E-3	1.7024425E-3	38.954083E-3	1.3272966E-3	39.794505E-3	1.7485289E-3
196.49998E-6	39.454881E-3	1.2829945E-3	39.796919E-3	1.5748019E-3	39.554566E-3	1.5880113E-3	39.511144E-3	1.6245539E-3
196.99999E-6	39.585188E-3	1.5338430E-3	39.476972E-3	1.3315645E-3	39.547592E-3	1.7138313E-3	39.382800E-3	1.1994784E-3
197.49999E-6	39.808195E-3	1.7337117E-3	39.376713E-3	1.2654878E-3	39.261416E-3	1.6065296E-3	39.524369E-3	1.2852640E-3
197.99999E-6	39.655551E-3	1.4111967E-3	39.557777E-3	1.5096627E-3	38.672440E-3	1.2918037E-3	39.381102E-3	2.1048966E-3
198.50000E-6	39.204095E-3	1.3608870E-3	40.128585E-3	1.5685392E-3	39.013337E-3	1.2009114E-3	39.985571E-3	1.7188890E-3
199.00000E-6	38.960159E-3	1.1553890E-3	39.738774E-3	1.6150340E-3	39.075043E-3	1.4633874E-3	39.825507E-3	1.8524633E-3
199.50001E-6	39.217327E-3	1.3587232E-3	39.543126E-3	1.7308291E-3	39.488349E-3	1.5880627E-3	39.799351E-3	1.5012355E-3
199.99998E-6	39.318591E-3	1.6198594E-3	39.263532E-3	1.7341712E-3	39.367657E-3	1.8190832E-3	39.375734E-3	1.1506749E-3
