Experiment	Sweeper	
Saved Date	30.06.2023 17:43:17	
User		
Date		
Start time	30.06.2023 17:31:12	
Sweep channel: Name	Output 2 (V)	
Sweep channel: Start (V)	-100E-6	
Sweep channel: Stop (V)	200E-6	
Sweep channel: Points	601	
Sweep channel: Max slew rate (V/s)	Inf	
Sweep channel: Initial settling time (s)	20E+3	
Sweep channel: End settling time (s)	2E+0	
Sweep channel: Backward sweep	TRUE	
Sweep channel: Number of sweeps	2	
Sweep channel: Reset	FALSE	
Step channel 1: Name	Output 3 (V)	
Step channel 1: Start (V)	50E-3	
Step channel 1: Stop (V)	50E-3	
Step channel 1: Points	2	
Step channel 1: Max slew rate (V/s)	10E+0	
Step channel 1:  Initial settling time (s)	2E+0	
Step channel 1: End settling time (s)	2E+0	
Step channel 1: Backward sweep	FALSE	
Step channel 1: Reset	FALSE	
Sweep Type	2D-Both RT	
Acquire channels	Input 1 (V);LI Demod 3 X (V)	
Filter type	None	
Order		
Cutoff frq		

[DATA]
Output 2 Setp. (V)	Input 1 [00001] (V)	LI Demod 3 X [00001] (V)	Input 1 [00002] (V)	LI Demod 3 X [00002] (V)	Input 1 [00001] [bwd] (V)	LI Demod 3 X [00001] [bwd] (V)	Input 1 [00002] [bwd] (V)	LI Demod 3 X [00002] [bwd] (V)
-99.999997E-6	31.530175E-3	-5.7467601E-6	31.202789E-3	15.263813E-6	31.277746E-3	50.047962E-6	31.015683E-3	69.838025E-6
-99.500001E-6	31.365264E-3	78.066405E-6	31.135567E-3	-73.822783E-6	31.304777E-3	-42.715918E-6	31.011488E-3	46.873538E-6
-98.999997E-6	31.332824E-3	48.712463E-6	31.018740E-3	-29.799638E-6	31.323351E-3	-65.000982E-6	31.197501E-3	-65.509041E-6
-98.500001E-6	31.361569E-3	-36.471170E-6	30.910058E-3	43.879376E-6	31.348221E-3	6.2448316E-6	31.246735E-3	-51.083363E-6
-97.999997E-6	31.344000E-3	-69.091206E-6	30.837705E-3	58.596288E-6	31.369504E-3	72.739225E-6	31.308230E-3	51.913044E-6
-97.500000E-6	31.353969E-3	-21.349560E-6	30.757466E-3	-41.388317E-6	31.399410E-3	1.8141847E-6	31.423435E-3	57.540012E-6
-96.999996E-6	31.357411E-3	65.484346E-6	30.784864E-3	-70.316637E-6	31.464279E-3	-67.526249E-6	31.535491E-3	-34.208369E-6
-96.500000E-6	31.313069E-3	38.794235E-6	30.826002E-3	28.852186E-6	31.585369E-3	-36.484606E-6	31.522747E-3	-75.874894E-6
-95.999996E-6	31.611014E-3	-34.057903E-6	30.920349E-3	77.861776E-6	31.638756E-3	52.992022E-6	31.522557E-3	2.8014890E-6
-95.500000E-6	31.613413E-3	-88.558671E-6	31.028634E-3	-18.976700E-6	31.651929E-3	50.781880E-6	31.416442E-3	77.321893E-6
-94.999996E-6	31.639036E-3	-24.003757E-6	31.061804E-3	-86.953820E-6	31.671900E-3	-41.243438E-6	31.307109E-3	17.578292E-6
-94.499999E-6	31.603143E-3	45.650697E-6	31.103741E-3	1.2152750E-6	31.588819E-3	-88.257693E-6	31.193277E-3	-88.489927E-6
-93.999995E-6	31.308994E-3	39.025294E-6	31.120578E-3	64.358057E-6	31.492501E-3	19.640362E-6	31.119317E-3	-27.733759E-6
-93.499999E-6	31.309269E-3	-36.834015E-6	31.122787E-3	29.622699E-6	31.362880E-3	76.864926E-6	31.050567E-3	59.488098E-6
-92.999995E-6	31.321544E-3	-93.271963E-6	31.097582E-3	-56.317789E-6	31.324647E-3	16.479298E-6	31.037193E-3	38.203983E-6
-92.499999E-6	31.274199E-3	-53.821426E-6	31.133013E-3	-49.027505E-6	31.245420E-3	-54.097378E-6	31.054456E-3	-65.139815E-6
-91.999995E-6	31.245785E-3	54.069351E-6	31.141408E-3	54.261262E-6	31.141253E-3	-26.021007E-6	31.060027E-3	-60.486789E-6
-91.499998E-6	31.209065E-3	42.482934E-6	31.208452E-3	53.301541E-6	31.039417E-3	62.727289E-6	31.144930E-3	19.269783E-6
-90.999994E-6	31.210350E-3	-20.911690E-6	31.298537E-3	-39.743016E-6	31.045379E-3	42.323394E-6	31.098172E-3	83.577565E-6
-90.499998E-6	31.179363E-3	-62.849394E-6	31.461008E-3	-75.355703E-6	31.054460E-3	-30.070772E-6	31.076862E-3	-15.392337E-6
-90.000001E-6	31.292066E-3	-28.027283E-6	31.548642E-3	15.483030E-6	31.074692E-3	-61.496889E-6	30.998157E-3	-101.60480E-6
-89.499998E-6	31.288024E-3	77.044519E-6	31.621750E-3	69.985072E-6	31.057881E-3	20.017131E-6	30.914580E-3	-19.441895E-6
-88.999994E-6	31.233234E-3	40.852337E-6	31.597588E-3	-14.378435E-6	30.998325E-3	80.177502E-6	30.732971E-3	63.976804E-6
-88.499997E-6	31.237591E-3	-66.287554E-6	31.489670E-3	-79.167905E-6	30.984953E-3	15.899795E-6	30.665670E-3	36.159057E-6
-88.000001E-6	31.221254E-3	-66.538916E-6	31.370714E-3	-18.485583E-6	30.899737E-3	-81.062492E-6	30.644190E-3	-62.028790E-6
-87.499997E-6	31.221196E-3	1.3386061E-6	31.326313E-3	69.080750E-6	30.857010E-3	-37.051508E-6	30.691426E-3	-36.076835E-6
-87.000000E-6	31.195646E-3	98.500910E-6	31.284448E-3	34.804001E-6	30.808963E-3	59.158465E-6	30.716829E-3	34.652803E-6
-86.499997E-6	31.191001E-3	17.531860E-6	31.289235E-3	-61.427912E-6	30.621475E-3	32.770873E-6	30.851584E-3	76.578581E-6
-86.000000E-6	31.174285E-3	-58.904465E-6	31.214569E-3	-53.872755E-6	30.560138E-3	-49.960065E-6	30.960066E-3	-24.559366E-6
-85.499996E-6	31.193081E-3	-75.722848E-6	31.235887E-3	48.307775E-6	30.554026E-3	-65.411899E-6	31.027688E-3	-91.309375E-6
-85.000000E-6	31.154236E-3	23.466015E-6	31.225588E-3	49.427868E-6	30.593881E-3	40.869032E-6	31.100390E-3	-22.639400E-6
-84.499996E-6	31.183355E-3	59.175971E-6	31.193258E-3	-38.569262E-6	30.645477E-3	92.550545E-6	31.131530E-3	70.648355E-6
-83.999999E-6	31.147258E-3	4.8958314E-6	31.139852E-3	-93.563758E-6	30.761573E-3	7.7526502E-6	31.165071E-3	27.098882E-6
-83.499996E-6	31.155670E-3	-76.185810E-6	31.078784E-3	15.576859E-6	30.965302E-3	-60.833925E-6	31.147415E-3	-48.162943E-6
-82.999999E-6	31.173304E-3	-73.602627E-6	30.968715E-3	69.838141E-6	31.026205E-3	-26.864787E-6	31.156220E-3	-51.785650E-6
-82.499995E-6	31.162795E-3	16.937309E-6	30.824702E-3	-5.6851295E-6	31.085836E-3	63.914500E-6	31.196628E-3	39.525759E-6
-81.999999E-6	31.146703E-3	64.184118E-6	30.771527E-3	-68.778791E-6	31.152468E-3	52.324885E-6	31.190231E-3	71.477465E-6
-81.499995E-6	31.160012E-3	-5.8589553E-6	30.786669E-3	-53.849311E-6	31.149512E-3	-37.147849E-6	31.246433E-3	-33.495751E-6
-80.999998E-6	31.131333E-3	-60.355462E-6	30.835710E-3	74.000745E-6	31.138802E-3	-67.949491E-6	31.216633E-3	-83.097002E-6
-80.500002E-6	31.181643E-3	-40.403997E-6	30.887568E-3	37.156526E-6	31.167958E-3	8.7130929E-6	31.274788E-3	-15.015637E-6
-79.999998E-6	31.154178E-3	47.505033E-6	31.026529E-3	-53.330852E-6	31.167878E-3	68.582893E-6	31.343453E-3	66.602493E-6
-79.499994E-6	31.138966E-3	32.768996E-6	31.132633E-3	-62.363113E-6	31.295180E-3	17.597198E-6	31.400781E-3	20.359965E-6
-78.999998E-6	31.108199E-3	-40.304283E-6	31.120397E-3	36.316425E-6	31.286206E-3	-70.509406E-6	31.484012E-3	-66.414352E-6
-78.500001E-6	31.124989E-3	-75.834316E-6	31.147348E-3	58.301270E-6	31.328842E-3	-46.594632E-6	31.510912E-3	-56.779529E-6
-77.999997E-6	31.135380E-3	-33.100103E-6	31.181192E-3	-6.4270807E-6	31.296335E-3	32.596112E-6	31.528797E-3	47.813042E-6
-77.499993E-6	31.109875E-3	61.632403E-6	31.149559E-3	-61.351457E-6	31.322677E-3	55.862660E-6	31.447399E-3	44.180120E-6
-76.999997E-6	31.094057E-3	46.489175E-6	31.167310E-3	7.6620272E-6	31.388775E-3	-27.203796E-6	31.346656E-3	-30.137860E-6
-76.500000E-6	31.054944E-3	-43.431031E-6	31.212486E-3	77.623990E-6	31.425748E-3	-87.130575E-6	31.276505E-3	-83.305400E-6
-75.999997E-6	31.006994E-3	-82.977451E-6	31.253986E-3	13.040277E-6	31.490542E-3	-21.697804E-6	31.148775E-3	12.801805E-6
-75.500000E-6	30.994510E-3	-1.6560928E-6	31.322781E-3	-75.852302E-6	31.581290E-3	53.042761E-6	31.104919E-3	55.163251E-6
-74.999996E-6	30.955605E-3	60.073362E-6	31.436268E-3	-45.435878E-6	31.574950E-3	30.719450E-6	31.042986E-3	23.676703E-6
-74.500000E-6	30.917527E-3	33.620374E-6	31.551234E-3	47.712289E-6	31.636719E-3	-65.802640E-6	31.110980E-3	-65.987449E-6
-73.999996E-6	30.918455E-3	-72.090836E-6	31.617686E-3	46.063989E-6	31.636976E-3	-71.846924E-6	31.200759E-3	-70.854672E-6
-73.499999E-6	30.864190E-3	-61.775143E-6	31.628422E-3	-48.707821E-6	31.613663E-3	39.654780E-6	31.159831E-3	39.379960E-6
-72.999996E-6	30.856110E-3	15.185146E-6	31.510871E-3	-80.468461E-6	31.542659E-3	57.278670E-6	31.065455E-3	76.258402E-6
-72.499999E-6	30.827612E-3	77.633857E-6	31.429779E-3	18.564364E-6	31.502157E-3	-19.031158E-6	31.050729E-3	-5.1219417E-6
-71.999995E-6	30.803796E-3	-11.285993E-6	31.373460E-3	71.942843E-6	31.370051E-3	-79.215177E-6	31.045234E-3	-89.676148E-6
-71.499999E-6	30.770982E-3	-60.430870E-6	31.346768E-3	-20.119798E-6	31.321466E-3	-31.638403E-6	31.091314E-3	-28.856806E-6
-70.999995E-6	30.775812E-3	-54.359101E-6	31.302661E-3	-65.275839E-6	31.241473E-3	51.908795E-6	31.017467E-3	76.679389E-6
-70.499998E-6	30.752238E-3	20.761683E-6	31.291284E-3	-17.665889E-6	31.176340E-3	30.103954E-6	31.003758E-3	49.349648E-6
-69.999995E-6	30.700479E-3	58.949474E-6	31.281468E-3	55.404635E-6	31.183425E-3	-54.943222E-6	31.040242E-3	-38.847367E-6
-69.499998E-6	30.660644E-3	-12.105947E-6	31.234283E-3	25.585752E-6	31.128909E-3	-61.152263E-6	31.014314E-3	-68.586131E-6
-69.000002E-6	30.678226E-3	-68.230940E-6	31.216053E-3	-77.370249E-6	31.108266E-3	19.220413E-6	31.013815E-3	9.3511026E-6
-68.499998E-6	30.709330E-3	-51.348161E-6	31.177459E-3	-51.987252E-6	31.147884E-3	79.880352E-6	30.929770E-3	66.122542E-6
-67.999994E-6	30.661769E-3	22.354545E-6	31.136682E-3	63.339539E-6	31.158464E-3	-4.4759754E-6	30.869154E-3	11.979001E-6
-67.499997E-6	30.726386E-3	66.051391E-6	31.029910E-3	49.803821E-6	31.163326E-3	-70.667069E-6	30.810326E-3	-77.596022E-6
-67.000001E-6	30.709365E-3	-1.8332707E-6	30.891180E-3	-44.939585E-6	31.113969E-3	-30.558265E-6	30.735500E-3	-54.075823E-6
-66.499997E-6	30.791678E-3	-77.655270E-6	30.770464E-3	-87.902285E-6	31.098828E-3	67.546076E-6	30.736871E-3	44.665256E-6
-65.999993E-6	30.796284E-3	-40.841220E-6	30.772641E-3	39.994207E-6	31.048086E-3	66.927067E-6	30.647000E-3	64.527958E-6
-65.499997E-6	30.810574E-3	40.883093E-6	30.831687E-3	70.214788E-6	31.025859E-3	-64.185493E-6	30.667331E-3	-28.918714E-6
-65.000000E-6	30.835114E-3	69.488538E-6	30.926034E-3	-13.802488E-6	30.987157E-3	-62.284562E-6	30.733729E-3	-87.753404E-6
-64.499996E-6	30.921284E-3	-25.481493E-6	31.021528E-3	-96.504475E-6	30.919109E-3	10.578250E-6	30.827194E-3	-23.091654E-6
-63.999993E-6	30.942779E-3	-57.280093E-6	31.090776E-3	-36.179241E-6	30.837677E-3	68.755260E-6	30.901795E-3	59.591472E-6
-63.499996E-6	30.936012E-3	-10.067597E-6	31.145038E-3	60.940620E-6	30.798711E-3	-12.443134E-6	30.972475E-3	34.690078E-6
-62.999999E-6	30.969726E-3	65.238295E-6	31.179033E-3	32.803942E-6	30.785570E-3	-72.200710E-6	31.071184E-3	-63.388965E-6
-62.499996E-6	30.902909E-3	55.230266E-6	31.253036E-3	-67.753215E-6	30.845860E-3	-45.113084E-6	31.135580E-3	-52.920132E-6
-61.999999E-6	30.903308E-3	-38.835697E-6	31.050304E-3	-42.750889E-6	30.882960E-3	40.240015E-6	31.152343E-3	26.743381E-6
-61.500003E-6	30.939564E-3	-66.335058E-6	31.087061E-3	50.694318E-6	31.010136E-3	42.920467E-6	31.161843E-3	94.565483E-6
-60.999999E-6	31.076690E-3	-10.404382E-6	31.117644E-3	79.768637E-6	31.114848E-3	-37.363101E-6	31.170893E-3	-8.5174624E-6
-60.499999E-6	31.089367E-3	75.734773E-6	31.179180E-3	-51.867581E-6	31.176226E-3	-74.553740E-6	31.156460E-3	-87.325825E-6
-59.999998E-6	31.049002E-3	52.398427E-6	31.255879E-3	-47.558166E-6	31.217055E-3	18.690771E-6	31.179082E-3	-25.928639E-6
-59.499998E-6	31.048298E-3	-52.754480E-6	31.364631E-3	-5.7815228E-6	31.252842E-3	57.049423E-6	31.185098E-3	69.370428E-6
-58.999998E-6	30.995218E-3	-62.060935E-6	31.486273E-3	81.205922E-6	31.312060E-3	-7.7096429E-6	31.139368E-3	39.824848E-6
-58.499998E-6	30.985922E-3	23.114797E-6	31.565998E-3	4.7691819E-6	31.271648E-3	-70.161906E-6	31.198207E-3	-81.330581E-6
-57.999998E-6	31.010425E-3	85.537838E-6	31.585798E-3	-71.617120E-6	31.235298E-3	-40.520688E-6	31.271651E-3	-57.069748E-6
-57.499998E-6	31.001208E-3	20.020558E-6	31.532403E-3	-48.863261E-6	31.276271E-3	58.725007E-6	31.296123E-3	40.208997E-6
-56.999997E-6	30.966749E-3	-86.986394E-6	31.432100E-3	53.102962E-6	31.303722E-3	35.440338E-6	31.415347E-3	91.810783E-6
-56.499997E-6	31.003686E-3	-48.683902E-6	31.302676E-3	32.297226E-6	31.337213E-3	-37.914717E-6	31.558547E-3	-49.980117E-6
-55.999997E-6	30.982791E-3	37.257782E-6	31.215806E-3	-59.370323E-6	31.417377E-3	-62.056992E-6	31.627651E-3	-82.410181E-6
-55.499997E-6	30.998275E-3	70.087750E-6	31.102072E-3	-63.260210E-6	31.568777E-3	57.160189E-6	31.499159E-3	-20.008334E-6
-54.999997E-6	31.052072E-3	-3.1410741E-6	31.108633E-3	24.918490E-6	31.616073E-3	49.087754E-6	31.329010E-3	76.203913E-6
-54.499997E-6	31.017574E-3	-52.213618E-6	31.084713E-3	66.593202E-6	31.500552E-3	-54.995489E-6	31.158978E-3	34.932273E-6
-53.999996E-6	31.033212E-3	-38.358812E-6	31.091858E-3	-20.664344E-6	31.341981E-3	-78.344572E-6	31.082639E-3	-66.615656E-6
-53.499996E-6	31.013114E-3	47.620495E-6	31.055987E-3	-68.001376E-6	31.216767E-3	33.115342E-6	30.998761E-3	-64.280161E-6
-52.999996E-6	31.019833E-3	68.600224E-6	31.062469E-3	-16.774933E-6	31.114722E-3	69.785281E-6	30.922707E-3	52.264295E-6
-52.499996E-6	30.997353E-3	-25.161709E-6	31.042472E-3	59.224698E-6	31.099115E-3	-25.868934E-6	30.942263E-3	45.935383E-6
-51.999996E-6	31.043082E-3	-78.514575E-6	30.936187E-3	14.074377E-6	31.112757E-3	-64.520216E-6	30.923545E-3	-32.389875E-6
-51.499999E-6	31.043023E-3	-11.523433E-6	30.867649E-3	-75.145144E-6	31.124966E-3	35.912915E-6	30.922616E-3	-66.411514E-6
-50.999999E-6	31.078856E-3	56.113120E-6	30.784547E-3	-55.227214E-6	31.074381E-3	50.391765E-6	30.924438E-3	12.277839E-6
-50.499999E-6	31.133633E-3	67.742818E-6	30.685248E-3	54.467946E-6	30.958163E-3	-25.039779E-6	30.938949E-3	74.371746E-6
-49.999999E-6	31.169709E-3	-40.588398E-6	30.670188E-3	51.684659E-6	30.787103E-3	-69.600705E-6	30.863503E-3	-11.226894E-6
-49.499999E-6	31.207405E-3	-89.027271E-6	30.573914E-3	-42.835007E-6	30.803630E-3	18.103792E-6	30.865641E-3	-65.423745E-6
-48.999998E-6	31.210598E-3	6.1735586E-6	30.637810E-3	-62.495936E-6	30.902334E-3	97.818869E-6	31.034276E-3	-27.849130E-6
-48.499998E-6	31.273365E-3	62.451763E-6	30.737676E-3	10.875942E-6	31.115124E-3	-3.7875964E-6	31.170664E-3	44.846089E-6
-47.999998E-6	31.236842E-3	48.567301E-6	30.893212E-3	74.368771E-6	31.199742E-3	-77.925382E-6	31.078951E-3	69.576330E-6
-47.499998E-6	31.186841E-3	-17.134853E-6	30.938849E-3	22.333312E-6	31.241653E-3	3.8654543E-6	30.989494E-3	-40.278112E-6
-46.999998E-6	31.230925E-3	-87.051150E-6	30.960955E-3	-74.033756E-6	31.241978E-3	67.169400E-6	30.935841E-3	-67.648434E-6
-46.499998E-6	31.272486E-3	-1.1878105E-6	30.996334E-3	-54.380700E-6	31.235561E-3	-13.844037E-6	30.739080E-3	32.252443E-6
-45.999997E-6	31.254925E-3	66.628570E-6	30.954350E-3	70.056703E-6	31.271428E-3	-83.169019E-6	30.814562E-3	73.427109E-6
-45.499997E-6	31.275403E-3	50.586739E-6	31.023331E-3	21.682401E-6	31.412203E-3	12.936392E-6	30.911725E-3	8.0860909E-6
-44.999997E-6	31.333793E-3	-55.152181E-6	31.055121E-3	-54.586388E-6	31.600650E-3	66.186221E-6	31.007290E-3	-85.770356E-6
-44.499997E-6	31.342696E-3	-75.938311E-6	31.034807E-3	-68.982707E-6	31.652085E-3	-46.196601E-6	31.084370E-3	-32.875570E-6
-43.999997E-6	31.361245E-3	-5.9988974E-6	31.027930E-3	13.424310E-6	31.485043E-3	-66.850487E-6	31.130046E-3	64.841362E-6
-43.499997E-6	31.385325E-3	62.064806E-6	31.062169E-3	76.424003E-6	31.308476E-3	-18.596316E-6	31.162318E-3	54.865595E-6
-42.999996E-6	31.379994E-3	22.941880E-6	31.117758E-3	-9.0702124E-6	31.178394E-3	64.432759E-6	31.180944E-3	-59.648086E-6
-42.499996E-6	31.427119E-3	-48.979331E-6	31.237166E-3	-80.240992E-6	31.155704E-3	3.4707061E-6	31.188410E-3	-46.064972E-6
-41.999996E-6	31.429041E-3	-87.325192E-6	31.350050E-3	-57.713518E-6	31.120716E-3	-62.832325E-6	31.207433E-3	43.750915E-6
-41.499996E-6	31.475905E-3	-1.4456461E-6	31.422880E-3	80.449325E-6	31.101983E-3	-11.292073E-6	31.211572E-3	57.952206E-6
-40.999999E-6	31.474795E-3	59.190472E-6	31.487327E-3	35.294117E-6	31.118831E-3	57.491863E-6	31.215189E-3	-49.826449E-6
-40.499999E-6	31.438518E-3	26.471256E-6	31.495307E-3	-29.305493E-6	31.018825E-3	7.1357117E-6	31.267792E-3	-87.030494E-6
-39.999999E-6	31.464297E-3	-52.417159E-6	31.431418E-3	-71.515111E-6	30.883091E-3	-86.551932E-6	31.382106E-3	-19.891428E-6
-39.499999E-6	31.486113E-3	-85.505875E-6	31.365670E-3	21.994394E-6	30.797666E-3	-12.675902E-6	31.469118E-3	79.063357E-6
-38.999999E-6	31.493738E-3	10.107935E-6	31.255435E-3	56.299254E-6	30.859752E-3	84.920779E-6	31.504370E-3	23.544431E-6
-38.499995E-6	31.468805E-3	57.348781E-6	31.233415E-3	2.1465371E-6	31.046268E-3	14.995368E-6	31.499356E-3	-71.106791E-6
-37.999998E-6	31.465754E-3	20.540007E-6	31.180987E-3	-67.998524E-6	31.192305E-3	-59.569873E-6	31.415444E-3	-39.945731E-6
-37.499995E-6	31.446982E-3	-42.865115E-6	31.188697E-3	-37.858688E-6	31.246172E-3	-15.803087E-6	31.309288E-3	79.592093E-6
-36.999998E-6	31.413674E-3	-76.152719E-6	31.134536E-3	63.970438E-6	31.287767E-3	70.661998E-6	31.159284E-3	58.641763E-6
-36.499994E-6	31.415988E-3	4.9674927E-6	31.189475E-3	44.071476E-6	31.283095E-3	10.083172E-6	31.080764E-3	-67.421126E-6
-35.999998E-6	31.408064E-3	93.765506E-6	31.183055E-3	-76.001073E-6	31.285178E-3	-53.593780E-6	31.078460E-3	-60.273574E-6
-35.500001E-6	31.409964E-3	10.230406E-6	31.100599E-3	-51.438477E-6	31.341661E-3	-29.465573E-6	31.071763E-3	29.436003E-6
-34.999997E-6	31.412479E-3	-78.045843E-6	31.095404E-3	42.760166E-6	31.479817E-3	59.103932E-6	31.071387E-3	64.494161E-6
-34.500001E-6	31.378187E-3	-59.309750E-6	31.075368E-3	71.275761E-6	31.611312E-3	32.844910E-6	31.081872E-3	-21.139022E-6
-33.999997E-6	31.377964E-3	11.376907E-6	30.989880E-3	-41.509717E-6	31.651255E-3	-79.831341E-6	31.065829E-3	-100.94738E-6
-33.500000E-6	31.329852E-3	89.259047E-6	30.874528E-3	-83.524676E-6	31.558212E-3	-63.439024E-6	31.039501E-3	-18.983434E-6
-32.999997E-6	31.304821E-3	-491.56688E-9	30.790532E-3	-1.0478186E-6	31.388476E-3	37.233058E-6	30.977746E-3	83.535131E-6
-32.500000E-6	31.381365E-3	-56.681489E-6	30.720014E-3	65.834356E-6	31.305227E-3	57.751466E-6	30.890848E-3	21.411102E-6
-31.999996E-6	31.365409E-3	-69.836387E-6	30.698230E-3	-3.4722091E-6	31.180548E-3	-55.031618E-6	30.766085E-3	-69.761139E-6
-31.500000E-6	31.346597E-3	24.620276E-6	30.751290E-3	-87.763685E-6	31.201033E-3	-72.757764E-6	30.678088E-3	-45.832487E-6
-30.999996E-6	31.313334E-3	82.442639E-6	30.821512E-3	-35.145578E-6	31.170392E-3	21.710694E-6	30.611875E-3	45.849192E-6
-30.499999E-6	31.254992E-3	17.151780E-6	30.835457E-3	71.009941E-6	31.162445E-3	68.468347E-6	30.781431E-3	73.166040E-6
-29.999996E-6	31.239703E-3	-76.540542E-6	30.920943E-3	43.014690E-6	31.166906E-3	-11.345362E-6	30.937396E-3	-71.536269E-6
-29.499999E-6	31.265538E-3	-42.437234E-6	30.958831E-3	-62.268606E-6	31.139620E-3	-68.489382E-6	30.990189E-3	-91.434173E-6
-28.999995E-6	31.110160E-3	27.526321E-6	31.061623E-3	-83.823405E-6	31.091811E-3	-8.7688659E-6	31.062851E-3	48.522434E-6
-28.499999E-6	31.070694E-3	54.907068E-6	31.018557E-3	8.1973749E-6	30.999051E-3	86.484128E-6	31.094460E-3	71.136063E-6
-27.999995E-6	31.057505E-3	-31.055315E-6	31.023698E-3	79.022437E-6	30.906131E-3	33.114862E-6	31.129532E-3	-7.9312986E-6
-27.499998E-6	31.067763E-3	-80.065547E-6	31.024052E-3	-5.2568780E-6	30.813772E-3	-49.894163E-6	31.157324E-3	-68.051442E-6
-26.999995E-6	31.057520E-3	-62.712999E-6	31.067535E-3	-89.427012E-6	30.864507E-3	-49.600836E-6	31.182596E-3	-10.976028E-6
-26.499998E-6	31.073200E-3	52.167630E-6	31.046286E-3	-17.448376E-6	30.843506E-3	53.374282E-6	31.177983E-3	76.168901E-6
-25.999994E-6	31.036921E-3	52.682160E-6	31.090956E-3	72.259718E-6	30.861707E-3	74.849835E-6	31.217892E-3	42.251570E-6
-25.499998E-6	31.049447E-3	-39.868777E-6	31.134676E-3	40.550654E-6	30.960239E-3	-24.932237E-6	31.241158E-3	-61.478102E-6
-25.000001E-6	31.012621E-3	-70.423615E-6	31.233767E-3	-55.395656E-6	31.043557E-3	-79.179386E-6	31.298805E-3	-61.262632E-6
-24.499997E-6	31.014523E-3	-36.636364E-6	31.354900E-3	-56.695288E-6	31.137776E-3	-1.8997940E-6	31.401888E-3	36.541453E-6
-24.000001E-6	31.012148E-3	67.455709E-6	31.444404E-3	54.806536E-6	31.216823E-3	66.314402E-6	31.467054E-3	49.509013E-6
-23.499997E-6	31.056341E-3	56.780722E-6	31.494997E-3	58.849579E-6	31.237569E-3	34.775006E-6	31.541441E-3	-36.687143E-6
-23.000001E-6	31.053657E-3	-51.804320E-6	31.444781E-3	-29.804187E-6	31.244554E-3	-48.845162E-6	31.527385E-3	-73.483345E-6
-22.499997E-6	31.006379E-3	-89.133515E-6	31.344768E-3	-56.384208E-6	31.263851E-3	-54.925720E-6	31.458687E-3	19.213663E-6
-22.000000E-6	31.035507E-3	27.822452E-6	31.203320E-3	11.463921E-6	31.273954E-3	34.913450E-6	31.318463E-3	68.448462E-6
-21.499996E-6	31.021833E-3	85.544612E-6	31.149091E-3	74.254320E-6	31.320333E-3	82.515893E-6	31.213524E-3	-28.368750E-6
-21.000000E-6	31.001542E-3	8.6623650E-6	31.111352E-3	8.1111411E-6	31.350356E-3	-1.3274591E-6	31.154960E-3	-93.522118E-6
-20.499996E-6	30.963661E-3	-77.774341E-6	31.058542E-3	-82.485072E-6	31.325836E-3	-59.575676E-6	31.121474E-3	3.0430801E-6
-19.999999E-6	30.910267E-3	-53.708834E-6	31.066334E-3	-37.620182E-6	31.314366E-3	-25.932959E-6	31.098338E-3	67.164678E-6
-19.499996E-6	30.885216E-3	28.184648E-6	31.119039E-3	65.498774E-6	31.333685E-3	64.308319E-6	31.121699E-3	25.711974E-6
-18.999999E-6	30.829599E-3	68.593756E-6	31.087201E-3	46.844409E-6	31.351056E-3	53.387310E-6	31.135969E-3	-68.614820E-6
-18.499995E-6	30.784817E-3	1.7571564E-6	31.087905E-3	-47.878275E-6	31.367138E-3	-40.343242E-6	31.107388E-3	-24.632169E-6
-17.999999E-6	30.747624E-3	-82.343293E-6	31.031234E-3	-56.990462E-6	31.382818E-3	-75.089098E-6	31.043958E-3	61.266604E-6
-17.499995E-6	30.652544E-3	-37.755923E-6	30.925570E-3	37.370653E-6	31.418931E-3	9.4306906E-6	31.020170E-3	57.744684E-6
-16.999998E-6	30.608799E-3	57.811860E-6	30.658016E-3	33.637112E-6	31.444438E-3	43.025935E-6	30.908806E-3	-42.402567E-6
-16.499995E-6	30.563699E-3	50.105413E-6	30.561499E-3	-42.545853E-6	31.499133E-3	37.934729E-6	30.781843E-3	-74.044598E-6
-15.999998E-6	30.572139E-3	-65.715431E-6	30.486239E-3	-65.395609E-6	31.536784E-3	-79.705977E-6	30.774690E-3	46.344579E-6
-15.499994E-6	30.544722E-3	-79.368532E-6	30.566094E-3	24.917237E-6	31.628121E-3	-48.968406E-6	30.872511E-3	78.214893E-6
-14.999998E-6	30.553225E-3	-2.4565581E-6	30.666346E-3	108.54747E-6	31.652994E-3	52.949250E-6	31.037739E-3	-17.608949E-6
-14.500001E-6	30.567573E-3	67.404209E-6	30.781394E-3	-6.9208340E-6	31.686675E-3	48.378050E-6	31.130439E-3	-86.512126E-6
-13.999997E-6	30.639615E-3	23.316048E-6	30.809341E-3	-76.012817E-6	31.634536E-3	-13.284293E-6	31.151114E-3	-14.236385E-6
-13.500001E-6	30.674372E-3	-69.554291E-6	30.868707E-3	-44.639117E-6	31.648513E-3	-99.232784E-6	31.207655E-3	67.231042E-6
-12.999997E-6	30.718489E-3	-73.621974E-6	30.863598E-3	64.699721E-6	31.546596E-3	-20.934398E-6	31.223759E-3	-6.0151265E-6
-12.500001E-6	30.743569E-3	21.333091E-6	30.897442E-3	52.972951E-6	31.450953E-3	75.991549E-6	31.179808E-3	-69.656970E-6
-11.999997E-6	30.806471E-3	71.122602E-6	30.851876E-3	-38.165439E-6	31.420831E-3	23.116501E-6	31.210287E-3	-14.807089E-6
-11.500000E-6	30.822644E-3	12.469419E-6	30.896852E-3	-66.380591E-6	31.366836E-3	-36.938760E-6	31.251386E-3	44.064578E-6
-10.999996E-6	30.826569E-3	-75.913988E-6	30.887965E-3	52.717049E-6	31.289764E-3	-74.409458E-6	31.338971E-3	10.445242E-6
-10.500000E-6	30.875606E-3	-50.605497E-6	30.982349E-3	68.807298E-6	31.241208E-3	24.295472E-6	31.478580E-3	-76.744916E-6
-9.9999961E-6	30.859139E-3	42.933323E-6	31.107673E-3	-14.600095E-6	31.252787E-3	73.359217E-6	31.555157E-3	-44.823919E-6
-9.4999996E-6	30.864228E-3	59.590428E-6	31.239633E-3	-74.759235E-6	31.227652E-3	8.1796597E-6	31.506039E-3	48.851289E-6
-8.9999958E-6	30.887678E-3	-9.2992186E-6	31.342611E-3	-10.636534E-6	31.233586E-3	-98.774421E-6	31.375494E-3	33.349803E-6
-8.4999992E-6	30.918935E-3	-62.651321E-6	31.448688E-3	53.504315E-6	31.225678E-3	-41.189331E-6	31.196963E-3	-53.661843E-6
-7.9999954E-6	30.874660E-3	-29.261757E-6	31.393636E-3	-12.596364E-6	31.221021E-3	56.128512E-6	31.142967E-3	-63.166306E-6
-7.4999989E-6	30.907121E-3	55.307999E-6	31.473216E-3	-65.699518E-6	31.193927E-3	58.861449E-6	31.125121E-3	43.417789E-6
-6.9999951E-6	30.897783E-3	53.634321E-6	31.344924E-3	-58.944097E-6	31.200849E-3	-31.936266E-6	31.093052E-3	69.504262E-6
-6.4999986E-6	30.892745E-3	-16.213096E-6	31.269252E-3	52.337356E-6	31.201895E-3	-65.738692E-6	31.067809E-3	-52.083516E-6
-5.9999948E-6	30.898022E-3	-66.434972E-6	31.194795E-3	46.301029E-6	31.188369E-3	-15.856585E-6	31.041674E-3	-60.198665E-6
-5.4999982E-6	30.905532E-3	-26.795888E-6	31.209406E-3	-64.123487E-6	31.197485E-3	66.300410E-6	31.016624E-3	22.368813E-6
-4.9999944E-6	30.903686E-3	63.846608E-6	31.174187E-3	-89.847723E-6	31.166969E-3	41.766059E-6	30.914793E-3	85.530228E-6
-4.4999979E-6	30.928204E-3	58.812602E-6	31.212840E-3	29.151024E-6	31.145278E-3	-63.104671E-6	30.790085E-3	-1.4698982E-6
-3.9999941E-6	30.918626E-3	-39.746163E-6	31.220229E-3	69.824251E-6	31.092230E-3	-84.666230E-6	30.692432E-3	-87.354339E-6
-3.4999975E-6	30.923069E-3	-75.337011E-6	31.179726E-3	-13.068015E-6	31.144585E-3	20.110627E-6	30.693427E-3	9.5374035E-6
-3.0000010E-6	30.931752E-3	-11.538627E-6	31.148547E-3	-72.254239E-6	31.071439E-3	105.84478E-6	30.867592E-3	74.193696E-6
-2.4999972E-6	30.886956E-3	40.742500E-6	31.023705E-3	1.5674385E-6	31.010607E-3	-7.7845525E-6	30.989556E-3	-807.35481E-9
-2.0000007E-6	30.902859E-3	58.482994E-6	30.934419E-3	74.255586E-6	31.042408E-3	-62.266088E-6	31.104401E-3	-67.426590E-6
-1.4999969E-6	30.878672E-3	-46.240959E-6	30.830370E-3	12.140178E-6	30.973790E-3	-64.157008E-6	31.129993E-3	-31.337400E-6
-1.0000003E-6	30.900000E-3	-77.444354E-6	30.715033E-3	-63.306878E-6	30.958004E-3	21.452861E-6	31.116894E-3	79.781683E-6
-499.99653E-9	30.884270E-3	-10.202092E-6	30.689573E-3	-48.091239E-6	30.888738E-3	54.783479E-6	31.159122E-3	19.874649E-6
0.0000000E+0	30.881550E-3	53.730069E-6	30.658232E-3	42.745098E-6	30.896483E-3	-30.678450E-6	31.189205E-3	-92.411639E-6
500.00381E-9	30.864976E-3	33.467404E-6	30.786285E-3	54.024913E-6	30.894147E-3	-70.195623E-6	31.138437E-3	-40.726660E-6
1.0000003E-6	30.877411E-3	-35.708774E-6	31.012306E-3	-55.730292E-6	30.852605E-3	-34.220950E-6	31.251583E-3	50.448878E-6
1.5000041E-6	30.912815E-3	-71.750277E-6	30.882634E-3	-86.292857E-6	30.898519E-3	58.235080E-6	31.358600E-3	46.108260E-6
2.0000007E-6	30.907206E-3	10.142126E-6	30.905031E-3	15.044829E-6	30.899823E-3	42.794149E-6	31.454299E-3	-64.427848E-6
2.5000045E-6	30.879816E-3	69.493457E-6	30.917287E-3	50.919094E-6	30.920237E-3	-40.206858E-6	31.427678E-3	-28.633884E-6
3.0000010E-6	30.932039E-3	37.625050E-6	30.902917E-3	-34.106441E-6	30.976679E-3	-88.969427E-6	31.213956E-3	53.189826E-6
3.5000048E-6	30.919887E-3	-66.609849E-6	30.937674E-3	-92.938135E-6	31.001434E-3	-5.3154295E-6	31.069990E-3	35.107882E-6
4.0000014E-6	30.897571E-3	-53.699903E-6	30.974895E-3	-23.588856E-6	31.034457E-3	81.915008E-6	30.987367E-3	-50.243758E-6
4.5000052E-6	30.937646E-3	-3.2700664E-6	31.031493E-3	60.492115E-6	31.076871E-3	42.424981E-6	30.990873E-3	-81.387298E-6
5.0000017E-6	30.928724E-3	70.649992E-6	31.118032E-3	24.984092E-6	31.182382E-3	-74.227595E-6	30.961230E-3	35.900739E-6
5.5000055E-6	30.931165E-3	34.605298E-6	31.188235E-3	-68.775422E-6	31.215714E-3	-50.268114E-6	30.927708E-3	61.521059E-6
6.0000020E-6	30.936673E-3	-43.723936E-6	31.291466E-3	-52.745861E-6	31.274263E-3	31.458974E-6	30.918768E-3	-36.157871E-6
6.5000058E-6	30.930188E-3	-61.113664E-6	31.358913E-3	44.976827E-6	31.268116E-3	87.167791E-6	30.874334E-3	-68.584566E-6
7.0000024E-6	30.931626E-3	-5.5144810E-6	31.476308E-3	55.056527E-6	31.286184E-3	10.439208E-6	30.797048E-3	8.8797169E-6
7.4999989E-6	30.967006E-3	56.769717E-6	31.485602E-3	-27.083815E-6	31.334415E-3	-87.603286E-6	30.642521E-3	56.785295E-6
8.0000027E-6	30.969538E-3	50.435716E-6	31.461857E-3	-81.718434E-6	31.327233E-3	-59.154867E-6	30.560557E-3	-20.943504E-6
8.4999992E-6	31.048726E-3	-64.537831E-6	31.369638E-3	13.685438E-6	31.347319E-3	26.814971E-6	30.666297E-3	-59.208858E-6
9.0000030E-6	31.163907E-3	-76.303157E-6	31.247364E-3	72.891882E-6	31.347964E-3	70.735296E-6	30.823065E-3	10.811475E-6
9.4999996E-6	31.170892E-3	20.546284E-6	31.140739E-3	14.572020E-6	31.331822E-3	-16.871209E-6	30.967887E-3	69.544069E-6
10.000003E-6	31.218104E-3	89.960915E-6	31.126412E-3	-66.479217E-6	31.355437E-3	-90.374691E-6	31.025346E-3	-907.53645E-9
10.500000E-6	31.234354E-3	26.835773E-6	31.159811E-3	-20.743748E-6	31.299226E-3	-50.832496E-6	31.006400E-3	-103.31748E-6
11.000004E-6	31.245094E-3	-55.352313E-6	31.169768E-3	64.107924E-6	31.319790E-3	29.557496E-6	31.053191E-3	-11.971677E-6
11.500000E-6	31.282995E-3	-75.287244E-6	31.131461E-3	48.709866E-6	31.364676E-3	60.113758E-6	31.055078E-3	75.323747E-6
12.000004E-6	31.274248E-3	49.274564E-6	30.967006E-3	-45.010405E-6	31.336021E-3	-33.300763E-6	31.156396E-3	10.958692E-6
12.500001E-6	31.263269E-3	67.062181E-6	30.952176E-3	-67.948393E-6	31.342939E-3	-70.827482E-6	31.242587E-3	-76.726239E-6
13.000004E-6	31.340357E-3	19.655659E-6	30.956088E-3	8.6832197E-6	31.334203E-3	-17.963823E-6	31.398911E-3	-22.892900E-6
13.500001E-6	31.376123E-3	-73.132389E-6	31.061301E-3	69.123089E-6	31.319402E-3	49.553113E-6	31.505734E-3	78.840836E-6
14.000005E-6	31.333119E-3	-60.088714E-6	30.950699E-3	-21.205085E-6	31.326659E-3	41.114086E-6	31.433009E-3	23.526147E-6
14.500001E-6	31.352825E-3	47.271136E-6	30.855665E-3	-78.253579E-6	31.338725E-3	-43.970984E-6	31.265903E-3	-92.234783E-6
15.000005E-6	31.403966E-3	85.083950E-6	30.727392E-3	-47.913509E-6	31.310152E-3	-71.157396E-6	31.114392E-3	-46.011428E-6
15.500002E-6	31.486515E-3	6.7405163E-6	30.669590E-3	63.276151E-6	31.332593E-3	-8.6539567E-6	31.076372E-3	68.476744E-6
16.000005E-6	31.472247E-3	-70.780799E-6	30.627808E-3	38.334358E-6	31.342823E-3	59.526217E-6	31.034091E-3	39.721290E-6
16.500002E-6	31.506069E-3	-20.327287E-6	30.636806E-3	-63.252031E-6	31.337481E-3	51.784766E-6	31.049224E-3	-76.581608E-6
17.000006E-6	31.501785E-3	50.183247E-6	30.764623E-3	-42.492164E-6	31.359594E-3	-43.794247E-6	31.018566E-3	-38.908995E-6
17.500002E-6	31.561080E-3	73.967094E-6	30.874068E-3	18.747509E-6	31.362548E-3	-75.184107E-6	31.071212E-3	47.029938E-6
17.999999E-6	31.542294E-3	-17.704511E-6	30.920174E-3	62.793937E-6	31.398799E-3	17.256836E-6	30.933091E-3	42.225027E-6
18.500003E-6	31.529367E-3	-85.537686E-6	30.968126E-3	-30.107773E-6	31.421077E-3	60.654427E-6	30.731495E-3	-61.277497E-6
18.999999E-6	31.559814E-3	-27.697592E-6	31.027894E-3	-79.844853E-6	31.410746E-3	37.393642E-6	30.745128E-3	-48.089711E-6
19.500003E-6	31.462077E-3	52.539472E-6	31.069100E-3	-6.0301691E-6	31.484935E-3	-64.000938E-6	30.887501E-3	61.531922E-6
19.999999E-6	31.433918E-3	46.788340E-6	31.070044E-3	74.027033E-6	31.476162E-3	-56.316640E-6	31.084068E-3	62.367166E-6
20.500003E-6	31.449739E-3	-18.718289E-6	31.029107E-3	19.826321E-6	31.487290E-3	12.157527E-6	31.197611E-3	-50.147755E-6
21.000000E-6	31.384800E-3	-77.556804E-6	31.055668E-3	-77.751836E-6	31.488776E-3	67.618392E-6	31.207165E-3	-68.994312E-6
21.500004E-6	31.363461E-3	-19.089655E-6	31.062754E-3	-49.109956E-6	31.540919E-3	1.0365846E-6	31.156311E-3	49.160044E-6
22.000000E-6	31.315614E-3	61.006558E-6	31.096598E-3	43.528744E-6	31.603277E-3	-70.765745E-6	31.256720E-3	54.844135E-6
22.500004E-6	31.268507E-3	53.258394E-6	31.077359E-3	61.213475E-6	31.583790E-3	-58.178106E-6	31.311847E-3	-51.085219E-6
23.000008E-6	31.247444E-3	-52.554289E-6	31.182755E-3	-46.281562E-6	31.596769E-3	39.787141E-6	31.416696E-3	-55.573644E-6
23.499997E-6	31.255901E-3	-83.040410E-6	31.349629E-3	-63.594060E-6	31.625655E-3	64.004649E-6	31.548712E-3	30.788935E-6
24.000001E-6	31.223791E-3	-18.089846E-6	31.438421E-3	4.0971872E-6	31.692922E-3	-7.7131517E-6	31.628970E-3	56.602188E-6
24.500005E-6	31.224785E-3	78.839919E-6	31.485166E-3	73.903058E-6	31.677797E-3	-72.717572E-6	31.422533E-3	-24.594776E-6
25.000008E-6	31.215973E-3	34.815675E-6	31.495839E-3	14.907625E-6	31.707712E-3	-35.578676E-6	31.222774E-3	-83.201820E-6
25.499998E-6	31.192612E-3	-43.962948E-6	31.473793E-3	-77.356519E-6	31.726357E-3	40.670511E-6	31.082539E-3	40.106253E-6
26.000002E-6	31.212004E-3	-76.002281E-6	31.378318E-3	-50.193237E-6	31.807415E-3	50.488812E-6	31.078750E-3	62.440733E-6
26.500005E-6	31.243544E-3	24.064886E-6	31.279925E-3	58.486210E-6	31.822134E-3	-31.271655E-6	31.056494E-3	-50.070699E-6
27.000009E-6	31.217508E-3	78.515543E-6	31.222599E-3	43.462394E-6	31.747956E-3	-88.317276E-6	31.030290E-3	-77.363715E-6
27.499998E-6	31.214034E-3	12.440505E-6	31.213921E-3	-37.822723E-6	31.704847E-3	-24.211135E-6	30.965915E-3	37.205289E-6
28.000002E-6	31.209985E-3	-81.634986E-6	31.189857E-3	-64.488966E-6	31.708159E-3	51.559822E-6	30.831959E-3	66.642264E-6
28.500006E-6	31.180562E-3	-59.154336E-6	31.188453E-3	18.874960E-6	31.676523E-3	48.293634E-6	30.704740E-3	-33.413715E-6
28.999995E-6	31.170527E-3	21.729624E-6	31.187680E-3	64.713749E-6	31.659223E-3	-20.348776E-6	30.654093E-3	-68.895984E-6
29.499999E-6	31.140795E-3	86.776919E-6	31.157566E-3	-19.072788E-6	31.570174E-3	-70.973205E-6	30.725259E-3	9.0931044E-6
30.000003E-6	31.107645E-3	24.630157E-6	31.149512E-3	-80.409569E-6	31.541709E-3	-19.094150E-6	30.890778E-3	46.599176E-6
30.500007E-6	31.167470E-3	-62.492552E-6	31.091060E-3	-17.432643E-6	31.468567E-3	61.421917E-6	31.053374E-3	-9.3016033E-6
30.999996E-6	31.155962E-3	-47.015601E-6	31.028921E-3	83.249382E-6	31.433437E-3	46.685105E-6	31.141220E-3	-99.012366E-6
31.500000E-6	31.131923E-3	25.183046E-6	30.986061E-3	26.186097E-6	31.373784E-3	-42.971868E-6	31.118430E-3	6.4057695E-6
32.000004E-6	31.030020E-3	51.760104E-6	30.898601E-3	-64.244188E-6	31.347666E-3	-76.201293E-6	31.110287E-3	47.048015E-6
32.500007E-6	31.145090E-3	-24.631876E-6	30.784616E-3	-49.967624E-6	31.299844E-3	15.144102E-6	31.149169E-3	-20.569154E-6
32.999997E-6	31.150633E-3	-98.929399E-6	30.716605E-3	39.019178E-6	31.339534E-3	75.445118E-6	31.170165E-3	-70.162263E-6
33.500000E-6	31.125395E-3	-46.280376E-6	30.695630E-3	52.743613E-6	31.265885E-3	44.025386E-6	31.221561E-3	11.043472E-6
34.000004E-6	31.100331E-3	34.304136E-6	30.748036E-3	-27.342152E-6	31.251002E-3	-45.957255E-6	31.375043E-3	58.502847E-6
34.500008E-6	31.006172E-3	70.443872E-6	30.867433E-3	-69.563423E-6	31.226901E-3	-79.811340E-6	31.493276E-3	8.3122577E-6
34.999997E-6	31.013904E-3	-241.78829E-9	30.961948E-3	15.671179E-6	31.083096E-3	32.674052E-6	31.363372E-3	-73.550029E-6
35.500001E-6	31.010453E-3	-59.478050E-6	30.961372E-3	78.208650E-6	31.029658E-3	67.609704E-6	31.218834E-3	-19.979991E-6
36.000005E-6	31.045042E-3	-58.592250E-6	30.988645E-3	26.616619E-6	30.983804E-3	-14.018218E-6	31.075334E-3	63.973945E-6
36.500009E-6	31.044869E-3	48.556103E-6	30.987518E-3	-65.746703E-6	30.974424E-3	-70.132570E-6	31.003200E-3	39.544819E-6
36.999998E-6	31.065783E-3	59.298683E-6	31.011513E-3	-26.045514E-6	30.953279E-3	-57.310375E-6	30.967623E-3	-77.434117E-6
37.500002E-6	31.048032E-3	-30.594343E-6	31.027008E-3	44.549382E-6	30.951466E-3	54.127260E-6	30.951908E-3	-25.554722E-6
38.000006E-6	31.012157E-3	-73.392541E-6	31.023450E-3	29.252480E-6	30.950628E-3	61.964362E-6	30.924020E-3	73.714007E-6
38.500009E-6	31.000476E-3	-60.652517E-6	31.068726E-3	-36.491521E-6	30.959588E-3	-29.206038E-6	30.873211E-3	42.861189E-6
38.999999E-6	31.062331E-3	55.070952E-6	31.150784E-3	-59.957925E-6	30.927207E-3	-97.223266E-6	30.784510E-3	-88.703659E-6
39.500002E-6	31.020205E-3	78.255260E-6	31.283643E-3	30.276835E-6	30.920133E-3	-30.160581E-6	30.664373E-3	-37.062331E-6
40.000006E-6	31.042002E-3	-17.439359E-6	31.386424E-3	52.355474E-6	30.875031E-3	41.286734E-6	30.651648E-3	75.201213E-6
40.499996E-6	31.051628E-3	-81.982114E-6	31.628795E-3	-25.283778E-6	30.909386E-3	49.072067E-6	30.796940E-3	49.834860E-6
40.999999E-6	31.026902E-3	-38.051454E-6	31.671599E-3	-68.407433E-6	30.910812E-3	-51.908122E-6	30.946419E-3	-84.860898E-6
41.500003E-6	31.040652E-3	48.262424E-6	31.598743E-3	76.859735E-9	30.933237E-3	-73.495183E-6	31.045157E-3	-48.039517E-6
42.000007E-6	30.997356E-3	62.524115E-6	31.531464E-3	67.435940E-6	30.893544E-3	-20.868687E-6	31.120656E-3	38.830778E-6
42.499996E-6	31.013547E-3	-7.4711152E-6	31.428311E-3	-11.800132E-6	30.855995E-3	69.419839E-6	31.121520E-3	38.255661E-6
43.000000E-6	31.030854E-3	-86.001215E-6	31.339087E-3	-75.080316E-6	30.833011E-3	34.208413E-6	31.092528E-3	-60.333856E-6
43.500004E-6	31.009000E-3	-45.806188E-6	31.299088E-3	-21.363483E-6	30.794134E-3	-53.366719E-6	31.147283E-3	-51.369847E-6
44.000008E-6	30.997766E-3	32.960077E-6	31.290736E-3	49.800296E-6	30.753279E-3	-57.298152E-6	31.201728E-3	64.781525E-6
44.499997E-6	30.999504E-3	64.543143E-6	31.316202E-3	42.862222E-6	30.721389E-3	13.263133E-6	31.334829E-3	65.658009E-6
45.000001E-6	30.987190E-3	7.9672654E-6	31.331304E-3	-55.204677E-6	30.642081E-3	73.380419E-6	31.509109E-3	-52.244905E-6
45.500004E-6	31.006360E-3	-76.681114E-6	31.282790E-3	-74.927506E-6	30.601004E-3	15.821257E-6	31.471640E-3	-70.755988E-6
46.000008E-6	30.958775E-3	-39.747090E-6	31.227535E-3	55.641969E-6	30.589040E-3	-63.423504E-6	31.366449E-3	23.722101E-6
46.499998E-6	30.995101E-3	14.794762E-6	31.064941E-3	48.765822E-6	30.587595E-3	-34.716206E-6	31.198088E-3	56.517405E-6
47.000001E-6	31.007959E-3	63.727173E-6	30.919073E-3	-29.954606E-6	30.653959E-3	66.313289E-6	31.130716E-3	-30.173895E-6
47.500005E-6	30.975906E-3	-3.5709279E-6	30.806072E-3	-73.012408E-6	30.655764E-3	68.846864E-6	30.995637E-3	-88.017186E-6
48.000009E-6	30.962171E-3	-63.426029E-6	30.739751E-3	-4.1170265E-6	30.684195E-3	-28.959766E-6	30.986276E-3	-3.4609332E-6
48.499998E-6	30.950645E-3	-38.237995E-6	30.783266E-3	99.736913E-6	30.748989E-3	-86.999775E-6	30.996472E-3	61.308485E-6
49.000002E-6	30.971704E-3	58.475107E-6	30.914241E-3	-5.2555320E-6	30.784545E-3	-44.611559E-6	30.994337E-3	-2.0563612E-6
49.500006E-6	30.940639E-3	48.040652E-6	31.043777E-3	-89.097630E-6	30.735804E-3	56.752666E-6	30.950086E-3	-65.966611E-6
49.999995E-6	30.957254E-3	-9.9324525E-6	31.050552E-3	-24.396229E-6	30.786635E-3	43.834829E-6	30.894417E-3	367.34139E-9
50.499999E-6	30.939560E-3	-78.705525E-6	31.151257E-3	59.780472E-6	30.798292E-3	-42.504573E-6	30.730568E-3	65.241125E-6
51.000003E-6	30.925877E-3	-42.790372E-6	31.284366E-3	42.725685E-6	30.858519E-3	-75.901073E-6	30.609317E-3	31.259158E-6
51.500007E-6	30.959416E-3	21.901329E-6	31.265374E-3	-55.561151E-6	30.919177E-3	-8.8737233E-6	30.636797E-3	-75.578282E-6
51.999996E-6	30.971019E-3	63.734085E-6	31.286504E-3	-51.032275E-6	30.911811E-3	72.411727E-6	30.770056E-3	-37.298367E-6
52.500000E-6	30.964170E-3	-1.3545263E-6	31.323899E-3	68.116788E-6	30.934969E-3	28.506052E-6	30.925822E-3	48.777682E-6
53.000003E-6	30.953407E-3	-67.708286E-6	31.370126E-3	57.470043E-6	30.950865E-3	-60.130977E-6	31.043975E-3	15.207440E-6
53.500007E-6	30.964362E-3	-56.384677E-6	31.547002E-3	-38.344238E-6	30.959012E-3	-68.217749E-6	31.092236E-3	-77.334393E-6
53.999996E-6	30.949974E-3	19.205232E-6	31.689137E-3	-80.736267E-6	30.963710E-3	15.294059E-6	31.113982E-3	-47.355174E-6
54.500000E-6	30.926790E-3	64.931293E-6	31.779643E-3	26.189629E-6	30.943817E-3	60.629085E-6	31.082125E-3	54.777611E-6
55.000004E-6	30.953910E-3	24.774894E-6	31.832241E-3	57.371723E-6	30.946454E-3	25.324596E-6	31.118512E-3	45.446366E-6
55.500008E-6	30.971814E-3	-56.241694E-6	31.797975E-3	-37.807269E-6	30.972915E-3	-70.523303E-6	31.161709E-3	-73.987387E-6
55.999997E-6	30.986784E-3	-55.580022E-6	31.711712E-3	-75.897151E-6	30.994406E-3	-25.987927E-6	31.268924E-3	-66.073953E-6
56.500001E-6	31.008968E-3	20.171032E-6	31.719472E-3	8.6833334E-6	30.981306E-3	62.429448E-6	31.387869E-3	53.302254E-6
57.000005E-6	31.006573E-3	580.65943E-6	31.676289E-3	61.122395E-6	35.929807E-3	2.9661499E-3	33.388816E-3	2.4954160E-3
57.500009E-6	31.000504E-3	12.078151E-6	31.625047E-3	15.335901E-6	35.364609E-3	3.3779095E-3	34.818035E-3	2.6453938E-3
57.999998E-6	30.960310E-3	-69.914320E-6	31.598993E-3	-67.717112E-6	35.112962E-3	3.0655083E-3	35.799082E-3	2.1643080E-3
58.500002E-6	31.020235E-3	-74.974894E-6	31.602357E-3	-29.265244E-6	35.963248E-3	2.8225491E-3	35.272051E-3	1.6970210E-3
59.000005E-6	31.833727E-3	725.56105E-6	31.573974E-3	76.746917E-6	36.906235E-3	2.7765662E-3	32.366861E-3	2.6419656E-3
59.500009E-6	31.208601E-3	776.39241E-6	31.502958E-3	43.882348E-6	36.565874E-3	2.9894933E-3	33.848304E-3	2.9365981E-3
59.999998E-6	30.994503E-3	28.799483E-6	31.453971E-3	-62.964129E-6	34.832824E-3	3.2385075E-3	35.105109E-3	1.6894466E-3
60.500002E-6	31.853113E-3	-46.580190E-6	31.410471E-3	-60.085229E-6	35.473138E-3	2.9998915E-3	34.595184E-3	1.9038961E-3
61.000006E-6	31.054901E-3	-80.526828E-6	31.221543E-3	42.918149E-6	36.555052E-3	2.6480164E-3	34.781564E-3	2.4707783E-3
61.499995E-6	31.055203E-3	-10.656183E-6	31.064754E-3	340.38478E-6	36.713596E-3	2.7666294E-3	33.962134E-3	2.7120411E-3
61.999999E-6	30.959098E-3	55.940833E-6	31.026414E-3	189.85532E-6	36.598593E-3	3.1315291E-3	34.842473E-3	2.2857497E-3
62.500003E-6	30.923048E-3	34.803477E-6	31.095734E-3	-85.231870E-6	34.488786E-3	3.3001576E-3	33.079430E-3	1.4214831E-3
63.000007E-6	32.064367E-3	-30.360376E-6	32.043129E-3	812.78395E-6	35.837673E-3	3.0031488E-3	32.907922E-3	2.1878418E-3
63.499996E-6	32.746956E-3	421.40964E-6	31.348702E-3	72.748218E-6	36.497641E-3	2.4148836E-3	33.377137E-3	2.2931613E-3
64.000000E-6	32.757208E-3	1.1655530E-3	32.317102E-3	-804.50400E-9	36.206085E-3	2.6278419E-3	34.821272E-3	2.5086089E-3
64.500004E-6	31.803060E-3	1.4681285E-3	31.402007E-3	-81.937666E-6	35.505693E-3	3.0605774E-3	34.646578E-3	1.8318073E-3
65.000007E-6	32.382343E-3	821.10945E-6	31.409726E-3	-32.532284E-6	35.189345E-3	3.1578217E-3	34.433633E-3	2.3506682E-3
65.499997E-6	31.063851E-3	5.2752234E-6	31.438150E-3	416.88673E-6	36.203966E-3	2.8393457E-3	33.343256E-3	2.9657769E-3
66.000001E-6	31.061552E-3	-63.505278E-6	31.428289E-3	10.153067E-6	36.878336E-3	2.9768641E-3	34.629315E-3	3.0453349E-3
66.500004E-6	31.054387E-3	-59.806527E-6	31.469863E-3	-66.140397E-6	35.641804E-3	2.5571650E-3	35.494402E-3	2.0595284E-3
67.000008E-6	31.079771E-3	454.04147E-6	31.519715E-3	-43.210854E-6	35.257630E-3	3.1149157E-3	33.703484E-3	1.9032730E-3
67.499997E-6	31.068107E-3	528.24628E-6	31.576559E-3	60.797815E-6	34.907091E-3	3.1251335E-3	33.885095E-3	2.9047458E-3
68.000001E-6	31.055382E-3	432.58222E-6	31.755850E-3	67.154448E-6	36.070876E-3	2.6620876E-3	35.078887E-3	2.6106692E-3
68.500005E-6	31.072773E-3	-34.824148E-6	31.887282E-3	-66.500026E-6	35.187066E-3	1.8553415E-3	36.560383E-3	2.4792082E-3
69.000009E-6	31.074559E-3	-81.714403E-6	31.957246E-3	-75.574972E-6	36.543284E-3	2.8442999E-3	32.915499E-3	1.9773992E-3
69.499998E-6	31.767230E-3	330.53040E-6	31.894214E-3	49.907972E-6	35.019513E-3	3.1068313E-3	32.630343E-3	2.6570647E-3
70.000002E-6	31.125849E-3	1.6025425E-3	31.755537E-3	80.806785E-6	35.866864E-3	3.2195693E-3	34.488175E-3	2.2868582E-3
70.500006E-6	32.074612E-3	72.596100E-6	31.649183E-3	-26.943844E-6	36.702380E-3	2.9212963E-3	35.254739E-3	2.0368558E-3
70.999995E-6	32.972056E-3	398.79323E-6	31.586036E-3	-72.745381E-6	36.334369E-3	2.3287546E-3	35.572868E-3	2.1539177E-3
71.499999E-6	32.962795E-3	860.51621E-6	31.592440E-3	-14.400210E-6	36.141004E-3	2.9522860E-3	33.993591E-3	2.8628109E-3
72.000003E-6	32.878369E-3	1.4323250E-3	31.556468E-3	864.18894E-6	35.864469E-3	3.2635184E-3	34.465846E-3	2.6865283E-3
72.500006E-6	32.744858E-3	2.5425749E-3	31.580053E-3	33.875971E-6	35.327073E-3	3.1274871E-3	34.442704E-3	1.5509624E-3
72.999996E-6	31.198101E-3	1.2428968E-3	31.539939E-3	83.626939E-6	36.918573E-3	2.6664687E-3	33.497188E-3	1.6996122E-3
73.499999E-6	32.176085E-3	69.212881E-6	31.492941E-3	-41.409912E-6	37.650213E-3	2.7799383E-3	33.807892E-3	2.5414524E-3
74.000003E-6	32.533128E-3	488.92904E-6	31.432722E-3	39.215203E-6	37.584584E-3	3.2106079E-3	33.295330E-3	2.3458030E-3
74.500007E-6	32.956395E-3	1.2186150E-3	31.082345E-3	54.913507E-6	35.142232E-3	3.2278420E-3	35.262387E-3	2.0639049E-3
74.999996E-6	32.165904E-3	1.5975381E-3	30.923989E-3	-52.506803E-6	35.674989E-3	3.1549332E-3	33.716366E-3	1.5394411E-3
75.500000E-6	31.388037E-3	892.65272E-6	30.851739E-3	-48.782851E-6	36.597591E-3	2.7927591E-3	33.955991E-3	2.6640487E-3
76.000004E-6	39.120283E-3	2.2901793E-3	36.200665E-3	3.2425739E-3	39.901782E-3	1.5201046E-3	39.657112E-3	1.3085161E-3
76.500008E-6	38.857367E-3	1.7674244E-3	36.531731E-3	2.2791666E-3	40.098548E-3	1.1577036E-3	39.978884E-3	1.4199453E-3
76.999997E-6	38.779899E-3	2.6674122E-3	36.926653E-3	2.5998661E-3	40.023241E-3	1.0606394E-3	39.810937E-3	1.8194522E-3
77.500001E-6	39.475225E-3	1.7863013E-3	35.451282E-3	3.1763099E-3	40.407769E-3	1.0385535E-3	39.466821E-3	1.9602762E-3
78.000005E-6	39.312270E-3	1.7723698E-3	37.502088E-3	3.2826392E-3	40.255934E-3	1.3362841E-3	39.765831E-3	1.2181941E-3
78.500008E-6	39.359402E-3	1.9842866E-3	37.401501E-3	2.9965583E-3	40.307634E-3	1.2292839E-3	40.062536E-3	1.4799007E-3
78.999998E-6	38.004540E-3	2.3704565E-3	37.533537E-3	2.6100490E-3	40.014543E-3	1.1119497E-3	38.704325E-3	2.0421757E-3
79.500001E-6	39.517000E-3	2.0678423E-3	36.890510E-3	2.6419135E-3	40.081132E-3	975.14829E-6	39.916825E-3	1.5580103E-3
80.000005E-6	39.720953E-3	1.4891960E-3	36.831632E-3	3.2554672E-3	40.141042E-3	1.2380326E-3	39.794434E-3	1.2653415E-3
80.500009E-6	39.549436E-3	1.9031316E-3	37.533849E-3	2.8962058E-3	39.695803E-3	1.5901962E-3	39.845254E-3	1.6344003E-3
80.999998E-6	39.642822E-3	1.7928807E-3	37.312504E-3	2.7387415E-3	40.135328E-3	1.2725889E-3	39.140705E-3	1.9184018E-3
81.500002E-6	38.720235E-3	2.3605742E-3	36.320724E-3	2.9341944E-3	39.769910E-3	1.1589914E-3	39.377932E-3	1.7387422E-3
82.000006E-6	38.495906E-3	2.9317599E-3	36.827721E-3	3.3286104E-3	40.069528E-3	1.5004718E-3	39.239701E-3	1.7136898E-3
82.499995E-6	39.373979E-3	2.0682353E-3	36.801167E-3	3.0380471E-3	40.109780E-3	1.0837478E-3	39.535083E-3	1.4697426E-3
82.999999E-6	39.531469E-3	2.1154720E-3	38.256064E-3	2.7699212E-3	40.068511E-3	1.5567036E-3	39.210331E-3	2.0161285E-3
83.500003E-6	39.261781E-3	1.6824735E-3	37.044141E-3	2.7655857E-3	39.852638E-3	1.3948935E-3	38.935244E-3	1.5594298E-3
84.000007E-6	38.813114E-3	2.2769892E-3	36.326706E-3	3.2526567E-3	39.590329E-3	1.2005634E-3	39.012820E-3	1.8752620E-3
84.499996E-6	39.463013E-3	2.0190231E-3	37.393209E-3	3.2653622E-3	39.690237E-3	1.1743605E-3	38.700860E-3	1.8340079E-3
85.000000E-6	39.638497E-3	1.2650336E-3	38.080823E-3	2.6595562E-3	39.857510E-3	1.4069092E-3	38.857773E-3	1.9347188E-3
85.500003E-6	39.484400E-3	2.3557986E-3	36.783267E-3	2.3620680E-3	39.884694E-3	1.5481211E-3	39.347690E-3	1.6104324E-3
86.000007E-6	39.091766E-3	1.7518502E-3	36.334336E-3	3.1340183E-3	39.985910E-3	1.2463975E-3	39.265621E-3	1.6412954E-3
86.499997E-6	39.152652E-3	2.1303692E-3	35.419963E-3	3.3044715E-3	39.877374E-3	1.0174975E-3	39.966092E-3	1.4847579E-3
87.000000E-6	39.886236E-3	1.6218282E-3	37.033923E-3	3.0084737E-3	40.018816E-3	1.0548906E-3	39.441843E-3	1.7606893E-3
87.500004E-6	38.356610E-3	2.6184816E-3	36.715385E-3	2.5634826E-3	40.213216E-3	1.1641848E-3	39.714660E-3	1.6461969E-3
88.000008E-6	39.397769E-3	2.6326855E-3	35.382126E-3	3.0985016E-3	40.137567E-3	1.3520548E-3	39.137498E-3	1.9107240E-3
88.499997E-6	39.039966E-3	1.6342262E-3	35.787210E-3	3.1622690E-3	39.867602E-3	1.2633518E-3	39.839432E-3	1.3189263E-3
89.000001E-6	39.300233E-3	1.7885178E-3	36.930013E-3	2.8869738E-3	39.957542E-3	997.93822E-6	39.753433E-3	1.6957289E-3
89.500005E-6	38.137011E-3	2.3611465E-3	36.642827E-3	2.8209924E-3	40.017389E-3	1.0095220E-3	40.095184E-3	1.6787901E-3
90.000009E-6	38.143411E-3	2.9232411E-3	35.780542E-3	2.9557687E-3	40.165469E-3	1.1256220E-3	39.735928E-3	1.2775237E-3
90.499998E-6	38.681377E-3	2.6101647E-3	35.583820E-3	3.3431835E-3	39.994396E-3	1.3066612E-3	39.802235E-3	1.4053746E-3
91.000002E-6	39.540451E-3	1.6149102E-3	37.640084E-3	3.0198044E-3	39.848581E-3	1.1658760E-3	39.997794E-3	1.5709675E-3
91.500006E-6	39.156772E-3	2.0539875E-3	37.662912E-3	2.6982916E-3	39.817121E-3	1.0284763E-3	39.184183E-3	1.8567223E-3
92.000009E-6	38.992930E-3	2.1001452E-3	37.678562E-3	2.7573910E-3	40.066242E-3	1.0596978E-3	39.171170E-3	1.8991346E-3
92.499999E-6	39.692629E-3	1.8859432E-3	36.373168E-3	3.2364246E-3	40.058196E-3	1.2104096E-3	39.550811E-3	1.3000923E-3
93.000002E-6	39.323770E-3	2.5254963E-3	38.220238E-3	2.9524853E-3	39.743710E-3	1.3343864E-3	39.823346E-3	1.3894085E-3
93.500006E-6	38.982525E-3	2.2054398E-3	37.294198E-3	2.9411255E-3	39.487831E-3	1.1808713E-3	39.330270E-3	1.7477989E-3
93.999995E-6	38.699731E-3	1.8910699E-3	37.335347E-3	2.6890817E-3	39.782725E-3	926.96847E-6	39.078187E-3	2.2831573E-3
94.499999E-6	38.829356E-3	2.0810929E-3	36.460888E-3	3.1129932E-3	40.033620E-3	1.0859605E-3	39.428223E-3	1.6695051E-3
95.000003E-6	40.702365E-3	813.33594E-6	40.971939E-3	1.0060386E-3	40.384851E-3	872.99291E-6	40.230669E-3	910.38813E-6
95.500007E-6	40.781464E-3	861.37664E-6	41.070975E-3	1.2121343E-3	40.289260E-3	914.91523E-6	40.309850E-3	923.45494E-6
95.999996E-6	40.674470E-3	1.0283983E-3	41.229963E-3	1.1118153E-3	40.249981E-3	895.00751E-6	40.524218E-3	922.19794E-6
96.500000E-6	40.705092E-3	1.0427808E-3	40.923417E-3	939.85652E-6	40.240832E-3	803.68901E-6	40.699903E-3	819.45775E-6
97.000004E-6	40.679384E-3	871.85018E-6	40.750012E-3	950.53180E-6	40.222820E-3	805.61917E-6	40.723752E-3	836.24863E-6
97.500008E-6	40.727217E-3	826.50629E-6	40.644247E-3	1.1708712E-3	40.256500E-3	862.51530E-6	40.766634E-3	890.58781E-6
97.999997E-6	40.721506E-3	855.88731E-6	40.701997E-3	1.2245114E-3	40.249143E-3	918.66858E-6	40.716831E-3	938.75750E-6
98.500001E-6	40.640466E-3	967.65818E-6	40.646717E-3	1.0031202E-3	40.286046E-3	862.21442E-6	40.680036E-3	855.46169E-6
99.000004E-6	40.688355E-3	933.88988E-6	40.465303E-3	984.45790E-6	40.369824E-3	795.16583E-6	40.802199E-3	817.66327E-6
99.500008E-6	40.689908E-3	881.68762E-6	40.456414E-3	1.1429559E-3	40.407106E-3	791.69765E-6	40.860906E-3	910.11962E-6
99.999997E-6	40.638488E-3	875.62518E-6	40.454078E-3	1.2177434E-3	40.434554E-3	859.09473E-6	41.009266E-3	936.49596E-6
100.50000E-6	40.619597E-3	853.49323E-6	40.606171E-3	1.0301775E-3	40.435802E-3	919.54437E-6	41.064955E-3	864.37393E-6
101.00001E-6	40.635299E-3	919.85002E-6	40.281530E-3	981.89816E-6	40.444270E-3	870.35715E-6	40.942047E-3	819.64087E-6
101.50001E-6	40.615063E-3	967.02931E-6	39.710633E-3	1.0521251E-3	40.431142E-3	770.85302E-6	40.791888E-3	880.66165E-6
102.00000E-6	40.656291E-3	925.24663E-6	39.880183E-3	1.2212893E-3	40.487647E-3	812.76870E-6	40.650345E-3	944.23292E-6
102.50000E-6	40.593967E-3	867.42960E-6	40.063906E-3	1.1043703E-3	40.484753E-3	881.47924E-6	40.602550E-3	849.76736E-6
103.00001E-6	40.444627E-3	856.84314E-6	40.109623E-3	923.37246E-6	40.519483E-3	937.25603E-6	40.589053E-3	825.06170E-6
103.50000E-6	40.439125E-3	978.40047E-6	40.128812E-3	963.60268E-6	40.544994E-3	857.22515E-6	40.558279E-3	886.27357E-6
104.00000E-6	40.593680E-3	1.0122356E-3	40.283199E-3	1.1443768E-3	40.655430E-3	794.40925E-6	40.517319E-3	938.11844E-6
104.50000E-6	40.661223E-3	879.85466E-6	40.392887E-3	1.0274444E-3	40.634770E-3	808.40581E-6	40.396746E-3	874.38902E-6
105.00001E-6	40.662382E-3	815.01179E-6	40.327944E-3	996.40444E-6	40.644895E-3	886.28638E-6	40.342711E-3	792.39160E-6
105.50000E-6	40.565126E-3	839.01139E-6	40.189285E-3	944.09054E-6	40.630363E-3	899.86122E-6	40.148437E-3	878.15861E-6
106.00000E-6	40.584695E-3	909.76898E-6	40.235866E-3	1.0988039E-3	40.641539E-3	838.52548E-6	40.144429E-3	949.57341E-6
106.50000E-6	40.527411E-3	1.0448550E-3	40.479131E-3	1.1682097E-3	40.683273E-3	769.95871E-6	40.311780E-3	892.87263E-6
107.00001E-6	40.637288E-3	922.85423E-6	40.608533E-3	963.51368E-6	40.636692E-3	817.46146E-6	40.524065E-3	814.86499E-6
107.50000E-6	40.671878E-3	814.87966E-6	40.344968E-3	982.39537E-6	40.685449E-3	896.72720E-6	40.593743E-3	848.66851E-6
108.00000E-6	40.507261E-3	843.75724E-6	40.437240E-3	1.2310613E-3	40.723540E-3	906.43577E-6	40.593505E-3	1.0170978E-3
108.50000E-6	40.545136E-3	952.74008E-6	40.823277E-3	1.2191299E-3	40.747538E-3	816.56664E-6	40.625837E-3	919.14990E-6
109.00001E-6	40.614787E-3	958.57197E-6	40.579494E-3	1.1405018E-3	40.790059E-3	777.79259E-6	40.676147E-3	817.91432E-6
109.50000E-6	40.608127E-3	943.54642E-6	40.075827E-3	908.84633E-6	40.805247E-3	845.70929E-6	40.644698E-3	876.12035E-6
110.00000E-6	40.588051E-3	880.84250E-6	40.273149E-3	1.1597781E-3	40.805470E-3	903.77557E-6	40.623523E-3	924.24097E-6
110.50000E-6	40.509816E-3	843.56958E-6	40.461943E-3	1.2897678E-3	40.723260E-3	905.73903E-6	40.728562E-3	941.19075E-6
111.00001E-6	40.524330E-3	902.58446E-6	40.656693E-3	1.2051457E-3	40.681448E-3	816.81792E-6	40.817276E-3	887.17317E-6
111.50000E-6	40.467914E-3	1.0058327E-3	40.509865E-3	986.54116E-6	40.733729E-3	773.54728E-6	41.095611E-3	832.55488E-6
112.00000E-6	40.490314E-3	1.0991625E-3	39.902601E-3	1.1524357E-3	40.722068E-3	832.72113E-6	41.032501E-3	932.18475E-6
112.50001E-6	40.524568E-3	839.48410E-6	40.093333E-3	1.3171305E-3	40.741615E-3	904.35299E-6	40.884882E-3	916.41163E-6
113.00001E-6	40.573716E-3	822.74224E-6	40.265754E-3	1.2793913E-3	40.773090E-3	871.43847E-6	40.618733E-3	862.73061E-6
113.50000E-6	40.504109E-3	894.15489E-6	40.215079E-3	1.0468591E-3	40.783498E-3	789.94804E-6	40.623765E-3	838.67571E-6
114.00000E-6	40.745582E-3	897.24478E-6	40.649436E-3	841.80041E-6	40.895052E-3	766.35618E-6	40.732231E-3	867.28757E-6
114.50001E-6	40.712986E-3	892.88666E-6	40.508054E-3	912.29100E-6	40.930264E-3	817.86682E-6	40.726870E-3	902.21537E-6
115.00000E-6	40.683229E-3	810.48487E-6	40.525693E-3	862.17606E-6	40.925168E-3	911.53971E-6	40.644176E-3	823.11791E-6
115.50000E-6	40.686466E-3	752.72116E-6	40.609293E-3	777.02419E-6	40.902670E-3	851.41178E-6	40.648665E-3	775.27418E-6
116.00000E-6	40.674344E-3	809.20197E-6	40.751528E-3	814.92151E-6	40.850047E-3	758.57789E-6	40.483549E-3	851.57837E-6
116.50001E-6	40.645976E-3	888.20443E-6	40.833652E-3	914.78421E-6	40.906526E-3	771.54010E-6	40.395133E-3	906.84876E-6
117.00000E-6	40.714160E-3	883.59287E-6	40.808894E-3	876.92682E-6	41.119527E-3	867.43041E-6	40.292580E-3	812.88762E-6
117.50000E-6	40.684957E-3	814.08955E-6	40.792432E-3	794.46292E-6	41.092902E-3	897.48570E-6	40.222798E-3	783.84147E-6
118.00000E-6	40.754501E-3	770.40883E-6	40.793907E-3	820.79240E-6	41.116580E-3	846.78561E-6	40.322062E-3	825.25890E-6
118.50001E-6	40.778656E-3	796.96364E-6	40.771231E-3	885.55377E-6	41.167017E-3	726.41304E-6	40.456712E-3	892.74195E-6
119.00000E-6	40.791925E-3	887.26816E-6	40.803257E-3	915.16366E-6	41.201606E-3	796.29710E-6	40.581923E-3	841.27265E-6
119.50000E-6	40.765982E-3	900.07135E-6	40.858906E-3	811.49943E-6	41.256808E-3	876.16843E-6	40.622979E-3	795.72253E-6
120.00000E-6	40.695641E-3	817.00494E-6	40.977195E-3	773.28144E-6	41.269980E-3	890.45265E-6	40.670022E-3	807.42623E-6
120.50001E-6	40.692136E-3	768.62104E-6	41.070696E-3	865.92871E-6	41.251309E-3	819.60292E-6	40.696405E-3	909.47608E-6
121.00000E-6	40.671714E-3	777.61943E-6	41.210160E-3	909.54924E-6	41.301474E-3	743.51171E-6	40.699236E-3	885.55063E-6
121.50000E-6	40.711723E-3	878.74272E-6	41.271016E-3	840.29202E-6	41.322917E-3	790.19944E-6	40.727030E-3	771.88667E-6
122.00000E-6	40.747359E-3	884.08985E-6	41.278917E-3	789.12172E-6	41.334823E-3	897.75573E-6	40.809646E-3	802.87748E-6
122.50000E-6	40.740319E-3	827.20764E-6	41.131176E-3	831.68666E-6	41.385744E-3	863.20186E-6	40.898636E-3	884.94411E-6
123.00001E-6	40.752850E-3	782.39181E-6	40.926103E-3	905.30736E-6	41.410793E-3	788.50094E-6	41.050214E-3	883.13356E-6
123.50001E-6	40.751033E-3	797.55968E-6	40.743984E-3	875.39427E-6	41.442312E-3	749.49453E-6	41.063983E-3	800.26413E-6
124.00001E-6	40.706508E-3	866.73384E-6	40.750377E-3	805.40573E-6	41.463092E-3	811.77277E-6	40.937968E-3	789.26445E-6
124.49999E-6	40.736690E-3	912.79537E-6	40.786326E-3	803.00926E-6	41.441720E-3	885.91047E-6	40.768340E-3	889.08966E-6
124.99999E-6	40.696595E-3	861.24975E-6	40.814199E-3	893.28719E-6	41.410036E-3	848.80198E-6	40.630497E-3	899.72583E-6
125.50000E-6	40.736903E-3	780.72847E-6	40.834837E-3	895.74937E-6	41.320801E-3	798.59671E-6	40.735878E-3	812.24309E-6
126.00000E-6	40.736970E-3	786.93300E-6	40.814988E-3	807.18333E-6	41.292395E-3	760.19618E-6	40.759575E-3	764.07712E-6
126.50000E-6	40.714368E-3	842.73977E-6	40.753011E-3	808.73613E-6	41.216597E-3	829.10311E-6	40.754393E-3	849.73860E-6
127.00001E-6	40.688556E-3	884.08793E-6	40.591698E-3	876.87961E-6	41.229952E-3	879.95874E-6	40.735681E-3	913.44747E-6
127.50001E-6	40.701181E-3	894.10495E-6	40.456876E-3	913.23769E-6	41.120779E-3	852.77314E-6	40.724542E-3	822.26587E-6
128.00001E-6	40.796556E-3	801.70343E-6	40.318321E-3	819.05816E-6	41.121144E-3	770.12356E-6	40.591944E-3	800.03799E-6
128.49999E-6	40.800106E-3	781.31718E-6	40.308744E-3	778.08608E-6	41.090138E-3	769.31296E-6	40.503897E-3	842.88162E-6
128.99999E-6	40.827867E-3	845.39148E-6	40.402647E-3	865.07690E-6	41.054141E-3	870.83422E-6	40.369231E-3	910.90047E-6
129.50000E-6	40.780798E-3	893.25948E-6	40.489305E-3	917.08463E-6	41.038688E-3	888.76474E-6	40.410180E-3	823.24288E-6
130.00000E-6	40.802713E-3	906.84020E-6	40.640436E-3	856.13411E-6	40.989332E-3	821.11580E-6	40.569350E-3	775.06498E-6
130.50000E-6	40.769577E-3	800.90284E-6	40.702749E-3	765.32457E-6	40.979851E-3	764.57072E-6	40.611010E-3	836.90579E-6
131.00001E-6	40.725436E-3	755.48264E-6	40.714428E-3	845.66575E-6	40.954560E-3	796.90322E-6	40.735193E-3	901.61414E-6
131.50001E-6	40.669110E-3	794.97724E-6	40.697522E-3	887.75012E-6	40.979691E-3	889.17796E-6	40.870134E-3	854.47851E-6
132.00002E-6	40.702347E-3	884.80988E-6	40.700905E-3	867.76994E-6	40.942363E-3	882.57215E-6	40.853947E-3	769.04066E-6
132.49999E-6	40.726900E-3	889.13064E-6	40.720470E-3	764.93953E-6	40.924914E-3	799.37303E-6	40.856250E-3	807.68345E-6
132.99999E-6	40.805154E-3	798.03861E-6	40.850267E-3	794.37043E-6	40.944349E-3	742.36724E-6	40.947884E-3	880.63220E-6
133.50000E-6	40.794332E-3	764.88190E-6	40.972553E-3	885.47391E-6	40.970124E-3	790.52063E-6	40.914372E-3	843.27691E-6
134.00000E-6	40.771436E-3	781.24576E-6	40.991373E-3	867.75771E-6	40.988952E-3	871.69639E-6	41.056287E-3	755.82089E-6
134.50001E-6	40.795732E-3	885.76972E-6	41.108355E-3	768.06190E-6	40.991876E-3	846.61273E-6	41.170519E-3	803.34494E-6
135.00001E-6	40.790763E-3	876.09625E-6	41.127924E-3	777.40190E-6	41.015867E-3	777.38031E-6	41.252486E-3	889.61964E-6
135.50001E-6	40.768981E-3	794.71542E-6	40.967774E-3	880.96253E-6	40.972013E-3	757.10868E-6	41.153699E-3	856.02520E-6
135.99999E-6	40.738236E-3	749.94675E-6	40.888578E-3	883.32867E-6	40.912863E-3	840.02991E-6	40.976718E-3	760.32133E-6
136.49999E-6	40.754475E-3	795.55897E-6	40.829353E-3	773.68901E-6	40.933613E-3	897.66883E-6	40.850639E-3	763.46140E-6
137.00000E-6	40.700667E-3	868.24456E-6	40.838290E-3	763.46297E-6	40.901445E-3	834.23231E-6	40.836666E-3	865.11666E-6
137.50000E-6	40.714383E-3	894.53522E-6	40.760890E-3	864.47847E-6	40.883634E-3	737.24089E-6	40.768854E-3	873.74001E-6
138.00000E-6	40.726930E-3	830.91576E-6	40.810440E-3	890.13641E-6	40.855110E-3	761.62320E-6	40.803779E-3	771.00907E-6
138.50001E-6	40.736496E-3	771.66129E-6	40.830836E-3	782.52360E-6	40.868796E-3	877.25336E-6	40.802434E-3	769.95156E-6
139.00001E-6	40.771008E-3	775.85189E-6	40.741004E-3	757.36904E-6	40.841445E-3	871.71496E-6	40.744584E-3	844.02156E-6
139.50001E-6	40.774524E-3	856.82684E-6	40.640041E-3	840.44656E-6	40.778596E-3	795.26624E-6	40.631246E-3	872.69890E-6
139.99999E-6	40.757746E-3	900.84644E-6	40.473267E-3	878.15808E-6	40.753871E-3	751.47371E-6	40.504325E-3	777.38491E-6
140.49999E-6	40.717606E-3	836.15270E-6	40.430930E-3	816.51565E-6	40.697388E-3	792.34561E-6	40.350892E-3	758.41066E-6
141.00000E-6	40.688213E-3	762.42542E-6	40.454224E-3	749.99291E-6	40.622279E-3	885.97235E-6	40.427424E-3	822.04898E-6
141.50000E-6	40.702086E-3	764.56455E-6	40.571392E-3	840.32532E-6	40.585358E-3	868.61372E-6	40.622164E-3	873.29681E-6
142.00000E-6	40.709175E-3	836.37965E-6	40.648878E-3	904.28168E-6	40.589098E-3	769.24131E-6	40.776290E-3	816.49417E-6
142.50001E-6	40.713228E-3	897.93210E-6	40.708780E-3	829.40579E-6	40.625617E-3	763.52747E-6	40.874798E-3	742.47154E-6
143.00001E-6	40.726244E-3	842.74245E-6	40.745419E-3	727.82097E-6	40.686049E-3	830.00341E-6	40.937617E-3	816.95366E-6
143.50002E-6	40.770050E-3	783.11149E-6	40.787615E-3	800.90534E-6	40.751997E-3	908.32729E-6	40.928300E-3	889.87488E-6
143.99999E-6	40.795363E-3	778.52624E-6	40.780906E-3	878.64778E-6	40.826783E-3	836.84013E-6	40.985402E-3	817.88882E-6
144.49999E-6	40.804163E-3	828.20532E-6	40.799022E-3	841.08114E-6	40.894985E-3	741.70530E-6	40.979411E-3	760.42890E-6
145.00000E-6	40.789805E-3	884.62164E-6	40.873438E-3	773.03662E-6	40.953886E-3	735.33761E-6	41.009732E-3	815.98863E-6
145.50000E-6	40.746674E-3	859.61662E-6	40.987544E-3	781.81637E-6	40.990818E-3	873.39262E-6	41.043758E-3	890.96447E-6
146.00001E-6	40.757079E-3	762.96419E-6	41.174363E-3	887.73965E-6	41.026834E-3	888.39873E-6	41.178841E-3	849.10943E-6
146.49998E-6	40.733423E-3	742.57568E-6	41.218124E-3	858.94554E-6	41.034382E-3	817.11874E-6	41.255482E-3	759.52330E-6
146.99998E-6	40.720813E-3	833.69744E-6	41.275095E-3	767.94706E-6	41.062232E-3	739.88509E-6	41.221146E-3	795.16205E-6
147.49999E-6	40.748239E-3	885.58247E-6	41.204050E-3	740.71862E-6	41.048862E-3	801.01710E-6	41.077551E-3	883.38618E-6
147.99999E-6	40.785737E-3	853.60050E-6	41.028142E-3	848.28294E-6	41.077334E-3	871.62078E-6	40.904962E-3	866.62156E-6
148.50000E-6	40.771995E-3	741.90804E-6	40.846437E-3	902.50425E-6	41.091196E-3	869.92083E-6	40.844124E-3	790.27313E-6
149.00000E-6	40.839523E-3	768.00678E-6	40.786956E-3	814.79555E-6	41.065674E-3	788.90874E-6	40.776547E-3	771.92293E-6
149.50000E-6	40.833008E-3	820.67249E-6	40.773328E-3	770.74318E-6	41.095927E-3	729.01370E-6	40.789049E-3	872.67515E-6
150.00001E-6	40.803887E-3	874.75165E-6	40.779483E-3	822.68892E-6	41.135170E-3	814.79969E-6	40.765539E-3	876.85854E-6
150.49998E-6	40.814742E-3	855.53166E-6	40.802840E-3	910.83971E-6	41.077528E-3	897.40986E-6	40.756308E-3	793.24085E-6
150.99999E-6	40.802550E-3	758.70752E-6	40.794030E-3	818.60088E-6	41.097786E-3	848.63941E-6	40.741630E-3	768.17832E-6
151.49999E-6	40.778622E-3	762.93008E-6	40.766053E-3	738.52326E-6	41.100767E-3	762.63567E-6	40.636137E-3	856.20518E-6
151.99999E-6	40.749129E-3	852.56022E-6	40.634844E-3	793.13491E-6	40.987760E-3	780.38278E-6	40.497370E-3	903.40641E-6
152.50000E-6	40.762372E-3	907.38531E-6	40.495936E-3	892.65109E-6	41.028202E-3	871.65076E-6	40.412769E-3	810.40978E-6
153.00000E-6	40.721983E-3	843.63570E-6	40.378459E-3	856.20128E-6	40.981982E-3	913.24683E-6	40.445499E-3	743.63733E-6
153.50000E-6	40.789817E-3	778.95942E-6	40.263060E-3	759.89502E-6	40.997200E-3	844.00392E-6	40.504687E-3	823.45062E-6
154.00001E-6	40.818911E-3	776.04223E-6	40.245190E-3	775.00299E-6	41.066281E-3	754.98316E-6	40.659785E-3	907.79527E-6
154.49998E-6	40.834561E-3	856.21403E-6	40.376928E-3	887.50100E-6	41.132778E-3	794.08445E-6	40.697385E-3	827.92068E-6
154.99999E-6	40.776569E-3	892.21058E-6	40.527232E-3	883.78595E-6	41.137535E-3	891.43269E-6	40.690631E-3	745.89963E-6
155.49999E-6	40.799990E-3	831.23625E-6	40.609315E-3	774.28354E-6	41.182343E-3	917.20925E-6	40.746894E-3	814.59357E-6
155.99999E-6	40.775940E-3	751.23814E-6	40.619023E-3	765.18115E-6	41.210599E-3	817.59138E-6	40.799808E-3	894.84296E-6
156.50000E-6	40.798001E-3	764.74977E-6	40.679429E-3	856.72049E-6	41.157559E-3	766.33133E-6	40.752713E-3	838.68118E-6
157.00000E-6	40.816691E-3	860.78368E-6	40.624432E-3	890.72058E-6	41.209161E-3	835.45491E-6	40.763471E-3	752.80544E-6
157.50001E-6	40.839963E-3	898.79404E-6	40.484589E-3	797.41690E-6	41.232072E-3	899.37291E-6	40.884100E-3	792.43525E-6
157.99998E-6	40.879559E-3	827.37708E-6	40.461671E-3	752.37651E-6	41.245643E-3	884.22600E-6	41.020717E-3	893.65477E-6
158.49998E-6	40.873911E-3	735.78238E-6	40.524542E-3	832.40855E-6	41.251823E-3	810.69971E-6	41.116465E-3	872.71637E-6
158.99999E-6	40.881243E-3	791.82792E-6	40.641107E-3	886.89424E-6	41.327242E-3	746.40976E-6	41.044474E-3	769.58578E-6
159.49999E-6	40.882029E-3	884.41098E-6	40.822849E-3	827.77900E-6	41.297708E-3	834.48092E-6	40.870182E-3	780.03173E-6
160.00000E-6	40.834811E-3	889.76510E-6	40.910944E-3	760.09717E-6	41.273654E-3	913.69607E-6	40.713362E-3	861.41587E-6
160.50000E-6	40.837821E-3	798.43187E-6	41.009188E-3	792.39742E-6	41.221019E-3	891.69334E-6	40.626835E-3	897.33215E-6
161.00000E-6	40.893693E-3	754.61209E-6	40.956784E-3	897.54810E-6	41.132215E-3	770.64655E-6	40.601801E-3	789.84926E-6
161.50001E-6	40.856045E-3	838.84539E-6	40.852420E-3	851.00468E-6	41.034829E-3	787.35617E-6	40.621869E-3	758.93325E-6
161.99998E-6	40.834572E-3	905.84689E-6	40.772934E-3	753.02128E-6	40.941607E-3	881.62522E-6	40.626150E-3	851.74781E-6
162.49999E-6	40.879987E-3	862.03101E-6	40.715430E-3	773.02411E-6	40.923975E-3	895.91864E-6	40.577892E-3	883.41127E-6
162.99999E-6	40.985670E-3	767.73268E-6	40.646277E-3	890.35265E-6	40.899985E-3	811.70804E-6	40.571894E-3	785.38526E-6
163.49999E-6	41.052870E-3	777.87385E-6	40.830098E-3	878.12223E-6	40.823586E-3	755.63241E-6	40.367771E-3	763.19033E-6
164.00000E-6	41.136213E-3	858.28512E-6	40.879782E-3	764.62422E-6	40.881954E-3	813.31149E-6	40.192008E-3	864.81567E-6
164.50000E-6	41.210216E-3	895.35274E-6	40.891413E-3	766.60980E-6	40.966067E-3	903.86270E-6	40.195853E-3	885.95937E-6
165.00000E-6	41.237038E-3	835.89822E-6	40.833648E-3	862.15371E-6	41.003957E-3	881.16666E-6	40.302869E-3	802.25134E-6
165.50001E-6	41.243330E-3	757.84739E-6	40.444821E-3	869.09335E-6	40.954757E-3	810.00052E-6	40.452287E-3	763.32042E-6
165.99998E-6	41.208003E-3	774.97680E-6	40.326357E-3	773.79972E-6	40.953498E-3	760.17692E-6	40.548664E-3	823.85971E-6
166.49999E-6	41.207451E-3	879.19593E-6	40.323161E-3	765.35332E-6	40.795583E-3	827.52737E-6	40.670335E-3	898.48723E-6
166.99999E-6	41.248515E-3	886.69983E-6	40.304545E-3	842.29687E-6	40.883146E-3	915.50697E-6	40.709291E-3	827.53180E-6
167.49999E-6	41.202236E-3	802.96572E-6	40.438462E-3	891.88223E-6	40.839750E-3	843.97040E-6	40.737789E-3	768.12488E-6
168.00000E-6	41.151758E-3	761.84975E-6	40.524323E-3	807.27600E-6	40.878251E-3	746.97391E-6	40.767826E-3	798.88501E-6
168.50000E-6	41.116193E-3	812.45444E-6	40.542893E-3	749.18644E-6	40.797334E-3	771.18626E-6	40.741656E-3	895.01438E-6
169.00001E-6	41.062679E-3	896.42388E-6	40.461827E-3	810.22037E-6	40.865019E-3	889.33570E-6	40.843304E-3	831.01535E-6
169.49998E-6	41.013647E-3	869.26960E-6	40.635571E-3	910.27690E-6	40.990133E-3	916.97089E-6	40.966958E-3	765.54838E-6
169.99998E-6	40.972412E-3	792.76285E-6	40.657278E-3	845.68001E-6	41.008484E-3	846.42187E-6	41.045800E-3	800.57402E-6
170.49999E-6	40.922109E-3	754.86145E-6	40.641535E-3	758.67242E-6	40.953618E-3	769.89300E-6	40.959630E-3	905.07243E-6
170.99999E-6	40.892851E-3	853.54346E-6	40.789329E-3	805.97389E-6	40.910158E-3	815.91407E-6	40.813360E-3	876.80947E-6
171.50000E-6	40.697996E-3	937.79882E-6	40.823072E-3	914.03991E-6	40.414184E-3	984.28247E-6	40.571205E-3	785.48014E-6
172.00000E-6	40.732630E-3	860.75667E-6	40.968068E-3	874.34589E-6	40.631268E-3	1.1014194E-3	40.518943E-3	795.54366E-6
172.50000E-6	40.723216E-3	775.05433E-6	41.041672E-3	779.39773E-6	40.557928E-3	912.21870E-6	40.403374E-3	899.41960E-6
173.00001E-6	40.631052E-3	882.82616E-6	40.973000E-3	804.22760E-6	40.575698E-3	802.97352E-6	40.396307E-3	893.44330E-6
173.49998E-6	40.820643E-3	888.72999E-6	40.873054E-3	899.04299E-6	40.584709E-3	829.91726E-6	40.488347E-3	801.60523E-6
173.99999E-6	40.795583E-3	931.68800E-6	40.704548E-3	891.85999E-6	40.549815E-3	1.0577255E-3	40.530667E-3	811.33691E-6
174.49999E-6	40.731370E-3	867.43484E-6	40.694296E-3	773.70199E-6	40.566683E-3	996.55997E-6	40.474147E-3	865.63500E-6
174.99999E-6	40.577382E-3	897.01283E-6	40.643580E-3	783.45294E-6	40.595327E-3	849.03819E-6	40.337414E-3	907.56174E-6
175.50000E-6	40.782340E-3	807.11435E-6	40.712766E-3	887.82713E-6	40.214065E-3	1.0058375E-3	40.189777E-3	809.68247E-6
176.00000E-6	40.912326E-3	931.69202E-6	40.692572E-3	900.84568E-6	40.668480E-3	895.82452E-6	40.106565E-3	771.97741E-6
176.50001E-6	40.916234E-3	927.60468E-6	40.693894E-3	810.50431E-6	40.527426E-3	1.0820591E-3	40.198103E-3	875.79136E-6
177.00001E-6	40.900894E-3	833.68504E-6	40.588684E-3	767.41481E-6	40.728446E-3	945.69550E-6	40.399268E-3	924.58405E-6
177.49998E-6	40.812396E-3	817.15919E-6	40.467490E-3	859.46213E-6	40.666413E-3	903.74355E-6	40.587444E-3	835.00589E-6
177.99999E-6	41.014016E-3	956.30164E-6	40.279657E-3	903.27783E-6	40.747136E-3	859.90503E-6	40.609587E-3	770.71827E-6
178.49999E-6	41.014545E-3	928.33239E-6	40.144403E-3	812.08680E-6	40.907618E-3	933.12009E-6	40.612452E-3	841.59750E-6
179.00000E-6	40.860493E-3	924.93067E-6	40.143799E-3	758.44850E-6	40.952414E-3	1.0124332E-3	40.643025E-3	893.40244E-6
179.50000E-6	40.758345E-3	840.16874E-6	40.325731E-3	852.22779E-6	40.791847E-3	921.26906E-6	40.621929E-3	832.81461E-6
180.00000E-6	40.633935E-3	897.62826E-6	40.423524E-3	901.43713E-6	40.641211E-3	920.59653E-6	40.607337E-3	770.93742E-6
180.50001E-6	40.758993E-3	856.70420E-6	40.472981E-3	831.15068E-6	40.683959E-3	874.41655E-6	40.603012E-3	830.91820E-6
180.99998E-6	40.749103E-3	987.47376E-6	40.471189E-3	785.48526E-6	40.686090E-3	932.50041E-6	40.689748E-3	921.70597E-6
181.49999E-6	40.719301E-3	924.59936E-6	40.497348E-3	823.48910E-6	40.850054E-3	1.0344889E-3	40.831625E-3	866.63122E-6
181.99999E-6	40.571988E-3	876.44806E-6	40.483043E-3	920.28111E-6	40.648602E-3	1.0749515E-3	40.952086E-3	744.65387E-6
182.49999E-6	40.670246E-3	853.16919E-6	40.521424E-3	863.13614E-6	40.659212E-3	848.89669E-6	40.970773E-3	794.30768E-6
183.00000E-6	40.675223E-3	997.45777E-6	40.621068E-3	773.53278E-6	40.604718E-3	898.43868E-6	41.001085E-3	899.81145E-6
183.50000E-6	40.632024E-3	939.93591E-6	40.698413E-3	806.68001E-6	40.746309E-3	1.0002543E-3	40.799007E-3	886.11769E-6
184.00000E-6	40.476974E-3	895.56823E-6	40.846299E-3	918.78360E-6	40.705174E-3	998.35207E-6	40.678188E-3	784.38362E-6
184.50001E-6	40.375501E-3	827.94414E-6	40.894676E-3	883.70009E-6	40.497281E-3	956.83936E-6	40.693574E-3	788.83144E-6
184.99998E-6	40.366188E-3	911.48930E-6	40.844232E-3	794.96257E-6	40.566240E-3	911.14378E-6	40.629774E-3	859.12755E-6
185.49999E-6	40.514749E-3	941.84314E-6	40.736604E-3	808.64772E-6	40.802982E-3	954.40034E-6	40.587470E-3	904.55345E-6
185.99999E-6	40.499799E-3	924.69738E-6	40.659167E-3	910.29436E-6	40.959999E-3	1.0402338E-3	40.595580E-3	810.75041E-6
186.49999E-6	40.409070E-3	883.31592E-6	40.641200E-3	891.62838E-6	40.956751E-3	849.41881E-6	40.558826E-3	762.95302E-6
187.00000E-6	40.320851E-3	847.46716E-6	40.625304E-3	805.04018E-6	40.638603E-3	1.0857395E-3	40.517218E-3	880.57428E-6
187.50000E-6	40.392775E-3	849.66765E-6	40.625565E-3	798.57849E-6	41.014548E-3	852.19223E-6	40.406987E-3	923.14440E-6
188.00001E-6	40.387385E-3	978.23760E-6	40.653020E-3	905.06434E-6	41.025124E-3	1.0054425E-3	40.357761E-3	829.40637E-6
188.49998E-6	40.358722E-3	974.29520E-6	40.658206E-3	925.28027E-6	41.169792E-3	957.49646E-6	40.396266E-3	771.74214E-6
188.99998E-6	40.339857E-3	938.69143E-6	40.602770E-3	824.30465E-6	41.088261E-3	891.29608E-6	40.526457E-3	865.83872E-6
189.49999E-6	40.219836E-3	827.27469E-6	40.539213E-3	773.35426E-6	41.122917E-3	848.55047E-6	40.664665E-3	922.30306E-6
189.99999E-6	40.155396E-3	945.59911E-6	40.355995E-3	859.76761E-6	41.063685E-3	949.41689E-6	40.724665E-3	848.44063E-6
190.50000E-6	38.776755E-3	2.0473870E-3	39.811902E-3	1.1917162E-3	38.845569E-3	2.7656353E-3	40.057071E-3	1.3090604E-3
191.00000E-6	38.893156E-3	2.2283683E-3	39.317630E-3	1.0841269E-3	39.490737E-3	2.3748220E-3	39.951488E-3	1.0723695E-3
191.50000E-6	38.883369E-3	2.0537633E-3	39.533328E-3	1.5169188E-3	39.121307E-3	1.5525830E-3	40.596072E-3	1.2739528E-3
192.00001E-6	39.101414E-3	1.3118655E-3	40.166769E-3	1.5240503E-3	39.420012E-3	2.0930092E-3	40.447857E-3	1.2989620E-3
192.49998E-6	38.599782E-3	1.7704464E-3	40.246151E-3	1.4621560E-3	39.055336E-3	2.3061405E-3	40.139753E-3	1.2221681E-3
192.99999E-6	38.883843E-3	1.8977838E-3	39.681315E-3	1.0782777E-3	38.925331E-3	2.3543073E-3	40.225066E-3	989.05852E-6
193.49999E-6	38.485810E-3	2.6901888E-3	39.747164E-3	1.1688810E-3	39.074179E-3	1.9669808E-3	40.459510E-3	1.2034897E-3
193.99999E-6	39.017107E-3	1.9204210E-3	39.938275E-3	1.5452964E-3	39.235264E-3	1.8725285E-3	40.837206E-3	1.4813563E-3
194.50000E-6	38.953707E-3	1.5456103E-3	40.245920E-3	1.3772645E-3	39.327234E-3	1.6152675E-3	40.537637E-3	1.2852888E-3
195.00000E-6	38.407784E-3	1.7384023E-3	40.112235E-3	1.0847398E-3	39.321326E-3	2.2980147E-3	40.140763E-3	1.0368860E-3
195.50000E-6	38.944989E-3	2.5781442E-3	40.236838E-3	1.1358627E-3	38.814276E-3	2.5426550E-3	40.247794E-3	1.2101765E-3
196.00001E-6	39.034314E-3	2.3275523E-3	40.479019E-3	1.4962626E-3	38.444407E-3	2.2953793E-3	40.232401E-3	1.1081124E-3
196.49998E-6	39.450988E-3	2.1734592E-3	40.717632E-3	1.4544990E-3	38.271289E-3	2.2646196E-3	40.039990E-3	1.2813698E-3
196.99999E-6	39.075933E-3	1.8888363E-3	40.518925E-3	1.0103716E-3	39.571643E-3	1.8518851E-3	40.049069E-3	1.0076492E-3
197.49999E-6	38.854394E-3	1.7922689E-3	39.899081E-3	1.1703771E-3	38.587563E-3	2.7753338E-3	39.861616E-3	1.0081313E-3
197.99999E-6	39.234314E-3	2.2112723E-3	40.159930E-3	1.4053350E-3	37.586123E-3	2.4738414E-3	40.500935E-3	1.3487814E-3
198.50000E-6	39.427046E-3	2.1528520E-3	40.415153E-3	1.3691152E-3	38.657092E-3	1.6994983E-3	40.140603E-3	1.2860426E-3
199.00000E-6	39.283127E-3	1.3177077E-3	40.401895E-3	1.1048184E-3	39.187759E-3	1.8045286E-3	39.724011E-3	1.0626036E-3
199.50001E-6	39.487634E-3	1.7641818E-3	39.788499E-3	1.1496153E-3	39.576426E-3	2.1854050E-3	39.655950E-3	1.0809294E-3
199.99998E-6	39.098233E-3	1.9471160E-3	40.184166E-3	1.2573822E-3	39.544016E-3	2.2130506E-3	39.979640E-3	1.1666773E-3
