Experiment	Sweeper	
Saved Date	30.06.2023 15:59:57	
User		
Date		
Start time	30.06.2023 15:54:46	
Sweep channel: Name	Output 2 (V)	
Sweep channel: Start (V)	0E+0	
Sweep channel: Stop (V)	100E-6	
Sweep channel: Points	501	
Sweep channel: Max slew rate (V/s)	Inf	
Sweep channel: Initial settling time (s)	20E+3	
Sweep channel: End settling time (s)	2E+0	
Sweep channel: Backward sweep	TRUE	
Sweep channel: Number of sweeps	2	
Sweep channel: Reset	FALSE	
Step channel 1: Name	Output 3 (V)	
Step channel 1: Start (V)	50E-3	
Step channel 1: Stop (V)	50E-3	
Step channel 1: Points	2	
Step channel 1: Max slew rate (V/s)	10E+0	
Step channel 1:  Initial settling time (s)	2E+0	
Step channel 1: End settling time (s)	2E+0	
Step channel 1: Backward sweep	FALSE	
Step channel 1: Reset	FALSE	
Sweep Type	2D-Both RT	
Acquire channels	Input 1 (V);LI Demod 3 X (V)	
Filter type	None	
Order		
Cutoff frq		

[DATA]
Output 2 Setp. (V)	Input 1 [00001] (V)	LI Demod 3 X [00001] (V)	Input 1 [00002] (V)	LI Demod 3 X [00002] (V)	Input 1 [00001] [bwd] (V)	LI Demod 3 X [00001] [bwd] (V)	Input 1 [00002] [bwd] (V)	LI Demod 3 X [00002] [bwd] (V)
0.0000000E+0	30.831819E-3	-49.796286E-6	31.058846E-3	22.968423E-6	30.880308E-3	-36.930789E-6	0.0000000E+0	NaN
199.99999E-9	30.790014E-3	15.081536E-6	31.140728E-3	75.735778E-6	30.840823E-3	-95.613417E-6	0.0000000E+0	NaN
399.99998E-9	30.791130E-3	52.842704E-6	31.205203E-3	35.103487E-6	30.833760E-3	-68.626010E-6	0.0000000E+0	NaN
599.99996E-9	30.731279E-3	40.589897E-6	31.238511E-3	-41.743395E-6	30.842800E-3	16.493233E-6	0.0000000E+0	NaN
799.99995E-9	30.707771E-3	-37.620674E-6	31.210909E-3	-60.091228E-6	30.805120E-3	68.722497E-6	0.0000000E+0	NaN
999.99988E-9	30.664442E-3	-56.739471E-6	31.080801E-3	-37.570182E-6	30.796140E-3	7.4697955E-6	0.0000000E+0	NaN
1.1999999E-6	30.651182E-3	-31.081250E-6	30.951571E-3	29.197392E-6	30.750740E-3	-46.380599E-6	0.0000000E+0	NaN
1.4000000E-6	30.615816E-3	71.015296E-6	30.895496E-3	60.937316E-6	30.716481E-3	-62.450934E-6	0.0000000E+0	NaN
1.5999999E-6	30.667439E-3	77.917357E-6	30.782366E-3	29.290199E-6	30.644977E-3	-38.191640E-6	0.0000000E+0	NaN
1.7999998E-6	30.648638E-3	-6.3641814E-6	30.692808E-3	-56.305329E-6	30.537378E-3	28.752425E-6	0.0000000E+0	NaN
1.9999998E-6	30.682433E-3	-75.611650E-6	30.624839E-3	-73.866177E-6	30.390060E-3	73.050724E-6	0.0000000E+0	NaN
2.1999999E-6	30.772107E-3	-74.626580E-6	30.647662E-3	-36.273384E-6	30.403672E-3	18.558803E-6	0.0000000E+0	NaN
2.3999999E-6	30.815845E-3	1.3494100E-6	30.611323E-3	28.222656E-6	30.372223E-3	-62.558196E-6	0.0000000E+0	NaN
2.5999998E-6	30.884553E-3	64.798660E-6	30.630887E-3	67.772293E-6	30.371295E-3	-95.572992E-6	0.0000000E+0	NaN
2.7999999E-6	30.915286E-3	34.952449E-6	30.512707E-3	9.8650426E-6	30.440841E-3	-6.4403753E-6	0.0000000E+0	NaN
2.9999999E-6	31.000663E-3	-45.835139E-6	30.504411E-3	-57.055488E-6	30.501567E-3	51.588035E-6	0.0000000E+0	NaN
3.1999998E-6	31.054737E-3	-74.532494E-6	30.459099E-3	-82.931896E-6	30.577691E-3	63.677544E-6	0.0000000E+0	NaN
3.3999997E-6	31.052612E-3	-34.500245E-6	30.496018E-3	-28.548691E-6	30.668607E-3	5.7539678E-6	0.0000000E+0	NaN
3.5999997E-6	31.062793E-3	52.488729E-6	30.434150E-3	57.625090E-6	30.680291E-3	-54.568220E-6	0.0000000E+0	NaN
3.7999998E-6	31.102503E-3	76.789278E-6	30.371469E-3	77.092220E-6	30.679706E-3	-71.695977E-6	0.0000000E+0	NaN
3.9999995E-6	31.106465E-3	-9.5619407E-6	0.0000000E+0	NaN	30.720253E-3	-7.2370922E-6	0.0000000E+0	NaN
4.1999997E-6	31.139540E-3	-71.502131E-6	0.0000000E+0	NaN	30.723957E-3	42.259893E-6	0.0000000E+0	NaN
4.3999999E-6	31.172268E-3	-71.232498E-6	0.0000000E+0	NaN	30.736655E-3	45.175701E-6	0.0000000E+0	NaN
4.5999996E-6	31.157725E-3	22.340950E-6	0.0000000E+0	NaN	30.722778E-3	-25.705493E-6	0.0000000E+0	NaN
4.7999997E-6	31.153582E-3	60.184790E-6	0.0000000E+0	NaN	30.763714E-3	-66.827735E-6	0.0000000E+0	NaN
4.9999999E-6	31.158842E-3	31.268810E-6	0.0000000E+0	NaN	30.776881E-3	-76.448137E-6	0.0000000E+0	NaN
5.1999996E-6	31.130206E-3	-69.229936E-6	0.0000000E+0	NaN	30.825535E-3	-15.032411E-6	0.0000000E+0	NaN
5.3999997E-6	31.136494E-3	-95.738091E-6	0.0000000E+0	NaN	30.862311E-3	54.257536E-6	0.0000000E+0	NaN
5.5999999E-6	31.189205E-3	-7.2332432E-6	0.0000000E+0	NaN	30.952692E-3	54.099208E-6	0.0000000E+0	NaN
5.7999996E-6	31.190028E-3	46.495872E-6	0.0000000E+0	NaN	31.022379E-3	-21.766835E-6	0.0000000E+0	NaN
5.9999998E-6	31.171381E-3	53.465901E-6	0.0000000E+0	NaN	31.128619E-3	-87.236011E-6	0.0000000E+0	NaN
6.1999995E-6	31.177530E-3	1.2121044E-6	0.0000000E+0	NaN	31.166386E-3	-73.282485E-6	0.0000000E+0	NaN
6.3999996E-6	31.176405E-3	-88.447654E-6	0.0000000E+0	NaN	31.161921E-3	17.818915E-6	0.0000000E+0	NaN
6.5999998E-6	31.225648E-3	-36.793121E-6	0.0000000E+0	NaN	31.162005E-3	79.428835E-6	0.0000000E+0	NaN
6.7999995E-6	31.257465E-3	30.855710E-6	0.0000000E+0	NaN	31.128300E-3	47.839232E-6	0.0000000E+0	NaN
6.9999996E-6	31.265236E-3	63.398860E-6	0.0000000E+0	NaN	31.058174E-3	-37.292979E-6	0.0000000E+0	NaN
7.1999993E-6	31.321786E-3	37.777234E-6	0.0000000E+0	NaN	30.937796E-3	-68.512425E-6	0.0000000E+0	NaN
7.3999995E-6	31.305324E-3	-74.111580E-6	0.0000000E+0	NaN	30.874731E-3	-47.689635E-6	0.0000000E+0	NaN
7.5999997E-6	31.377383E-3	-71.301038E-6	0.0000000E+0	NaN	30.849831E-3	36.767935E-6	0.0000000E+0	NaN
7.7999994E-6	31.424124E-3	-31.423395E-6	0.0000000E+0	NaN	30.863617E-3	68.104579E-6	0.0000000E+0	NaN
7.9999991E-6	31.479936E-3	58.140376E-6	0.0000000E+0	NaN	30.888299E-3	28.313952E-6	0.0000000E+0	NaN
8.1999997E-6	31.451162E-3	51.003706E-6	0.0000000E+0	NaN	30.903658E-3	-49.500668E-6	0.0000000E+0	NaN
8.3999994E-6	31.466369E-3	-36.644869E-6	0.0000000E+0	NaN	30.888505E-3	-71.765775E-6	0.0000000E+0	NaN
8.5999991E-6	31.502157E-3	-75.548167E-6	0.0000000E+0	NaN	30.875186E-3	-31.053190E-6	0.0000000E+0	NaN
8.7999997E-6	31.502198E-3	-32.404987E-6	0.0000000E+0	NaN	30.822266E-3	55.765202E-6	0.0000000E+0	NaN
8.9999994E-6	31.522579E-3	33.647899E-6	0.0000000E+0	NaN	30.837676E-3	68.700414E-6	0.0000000E+0	NaN
9.1999991E-6	31.485334E-3	67.606386E-6	0.0000000E+0	NaN	30.814238E-3	1.1500949E-6	0.0000000E+0	NaN
9.3999997E-6	31.406440E-3	564.84919E-9	0.0000000E+0	NaN	30.810753E-3	-66.027860E-6	0.0000000E+0	NaN
9.5999994E-6	31.415336E-3	-79.030877E-6	0.0000000E+0	NaN	30.671619E-3	-63.703810E-6	0.0000000E+0	NaN
9.7999991E-6	31.349104E-3	-68.822024E-6	0.0000000E+0	NaN	30.503005E-3	-13.124225E-6	0.0000000E+0	NaN
9.9999997E-6	31.242749E-3	9.7853463E-6	0.0000000E+0	NaN	30.433457E-3	85.885833E-6	0.0000000E+0	NaN
10.199999E-6	31.121582E-3	88.558758E-6	0.0000000E+0	NaN	30.327814E-3	73.335214E-6	0.0000000E+0	NaN
10.399999E-6	31.110907E-3	29.922849E-6	0.0000000E+0	NaN	30.308951E-3	-6.3436373E-6	0.0000000E+0	NaN
10.600000E-6	31.067107E-3	-33.258824E-6	0.0000000E+0	NaN	30.306654E-3	-54.352295E-6	0.0000000E+0	NaN
10.799999E-6	31.050073E-3	-59.858754E-6	0.0000000E+0	NaN	30.348936E-3	-71.738214E-6	0.0000000E+0	NaN
10.999999E-6	30.999506E-3	-39.112740E-6	0.0000000E+0	NaN	30.429356E-3	14.317377E-6	0.0000000E+0	NaN
11.200000E-6	30.983003E-3	68.207919E-6	0.0000000E+0	NaN	30.509841E-3	62.583924E-6	0.0000000E+0	NaN
11.399999E-6	30.990377E-3	37.490627E-6	0.0000000E+0	NaN	30.566571E-3	28.667177E-6	0.0000000E+0	NaN
11.599999E-6	30.926796E-3	-23.102772E-6	0.0000000E+0	NaN	30.641777E-3	-38.398070E-6	0.0000000E+0	NaN
11.799999E-6	30.946033E-3	-89.477748E-6	0.0000000E+0	NaN	30.673537E-3	-76.746212E-6	0.0000000E+0	NaN
12.000000E-6	30.934708E-3	-70.890055E-6	0.0000000E+0	NaN	30.679602E-3	-42.351621E-6	0.0000000E+0	NaN
12.199999E-6	30.958554E-3	10.318696E-6	0.0000000E+0	NaN	30.700779E-3	30.182695E-6	0.0000000E+0	NaN
12.399999E-6	30.875949E-3	56.098015E-6	0.0000000E+0	NaN	30.706940E-3	88.006673E-6	0.0000000E+0	NaN
12.600000E-6	30.873453E-3	16.146374E-6	0.0000000E+0	NaN	30.693604E-3	7.1412069E-6	0.0000000E+0	NaN
12.799999E-6	30.866586E-3	-57.698122E-6	0.0000000E+0	NaN	30.671692E-3	-62.732463E-6	0.0000000E+0	NaN
12.999999E-6	30.863635E-3	-74.749762E-6	0.0000000E+0	NaN	30.678038E-3	-65.549400E-6	0.0000000E+0	NaN
13.200000E-6	30.895112E-3	-8.0002283E-6	0.0000000E+0	NaN	30.684538E-3	-1.5335023E-6	0.0000000E+0	NaN
13.399999E-6	30.853728E-3	60.749746E-6	0.0000000E+0	NaN	30.922551E-3	71.525028E-6	0.0000000E+0	NaN
13.599999E-6	30.918641E-3	63.520252E-6	0.0000000E+0	NaN	30.994210E-3	57.103502E-6	0.0000000E+0	NaN
13.800000E-6	30.999482E-3	-25.606827E-6	0.0000000E+0	NaN	30.996405E-3	-24.784807E-6	0.0000000E+0	NaN
13.999999E-6	31.036096E-3	-86.116612E-6	0.0000000E+0	NaN	31.013483E-3	-66.653323E-6	0.0000000E+0	NaN
14.199999E-6	31.031914E-3	-47.030866E-6	0.0000000E+0	NaN	31.040289E-3	-46.397086E-6	0.0000000E+0	NaN
14.399999E-6	30.903313E-3	20.417046E-6	0.0000000E+0	NaN	30.976668E-3	45.643734E-6	0.0000000E+0	NaN
14.599999E-6	30.956263E-3	61.818144E-6	0.0000000E+0	NaN	30.778676E-3	74.999138E-6	0.0000000E+0	NaN
14.799999E-6	30.952008E-3	18.921741E-6	0.0000000E+0	NaN	30.852780E-3	14.551371E-6	0.0000000E+0	NaN
14.999999E-6	30.899929E-3	-50.337254E-6	0.0000000E+0	NaN	30.887524E-3	-51.164974E-6	0.0000000E+0	NaN
15.199999E-6	30.852696E-3	-85.717395E-6	0.0000000E+0	NaN	30.964509E-3	-67.311295E-6	0.0000000E+0	NaN
15.399999E-6	30.811846E-3	-17.790520E-6	0.0000000E+0	NaN	30.955905E-3	-6.3456419E-6	0.0000000E+0	NaN
15.599999E-6	30.778321E-3	53.428023E-6	0.0000000E+0	NaN	31.055776E-3	63.173138E-6	0.0000000E+0	NaN
15.799998E-6	30.743428E-3	43.879547E-6	0.0000000E+0	NaN	31.089980E-3	44.843506E-6	0.0000000E+0	NaN
15.999998E-6	30.713079E-3	-19.670346E-6	0.0000000E+0	NaN	31.129181E-3	-33.832854E-6	0.0000000E+0	NaN
16.200000E-6	30.698288E-3	-78.822224E-6	0.0000000E+0	NaN	31.135382E-3	-97.836521E-6	0.0000000E+0	NaN
16.399999E-6	30.698335E-3	-39.754155E-6	0.0000000E+0	NaN	31.151909E-3	-20.997937E-6	0.0000000E+0	NaN
16.599999E-6	30.664679E-3	17.910250E-6	0.0000000E+0	NaN	31.118281E-3	47.551552E-6	0.0000000E+0	NaN
16.799999E-6	30.724864E-3	45.051944E-6	0.0000000E+0	NaN	31.146292E-3	66.825800E-6	0.0000000E+0	NaN
16.999998E-6	30.776650E-3	-5.4160073E-6	0.0000000E+0	NaN	31.157739E-3	-11.081219E-6	0.0000000E+0	NaN
17.199998E-6	30.781327E-3	-55.264092E-6	0.0000000E+0	NaN	31.128928E-3	-72.563824E-6	0.0000000E+0	NaN
17.400000E-6	30.824339E-3	-67.663226E-6	0.0000000E+0	NaN	31.100450E-3	-37.325022E-6	0.0000000E+0	NaN
17.599999E-6	30.929819E-3	-853.79827E-9	0.0000000E+0	NaN	31.079704E-3	44.202581E-6	0.0000000E+0	NaN
17.799999E-6	30.982032E-3	88.213579E-6	0.0000000E+0	NaN	31.085916E-3	68.953785E-6	0.0000000E+0	NaN
17.999999E-6	31.028068E-3	51.853331E-6	0.0000000E+0	NaN	31.068929E-3	26.702222E-6	0.0000000E+0	NaN
18.199999E-6	31.079235E-3	-34.391793E-6	0.0000000E+0	NaN	30.972840E-3	-70.175207E-6	0.0000000E+0	NaN
18.399998E-6	31.115426E-3	-78.519442E-6	0.0000000E+0	NaN	30.949522E-3	-59.202845E-6	0.0000000E+0	NaN
18.600000E-6	31.148497E-3	-39.943989E-6	0.0000000E+0	NaN	30.957254E-3	7.3567294E-6	0.0000000E+0	NaN
18.799999E-6	31.161327E-3	54.640197E-6	0.0000000E+0	NaN	30.952614E-3	53.200249E-6	0.0000000E+0	NaN
18.999999E-6	31.168835E-3	63.516462E-6	0.0000000E+0	NaN	30.916549E-3	23.984898E-6	0.0000000E+0	NaN
19.199999E-6	31.235391E-3	11.578366E-6	0.0000000E+0	NaN	30.893274E-3	-54.038548E-6	0.0000000E+0	NaN
19.399999E-6	31.192046E-3	-56.714154E-6	0.0000000E+0	NaN	30.877324E-3	-77.749733E-6	0.0000000E+0	NaN
19.599998E-6	31.116260E-3	-63.556283E-6	0.0000000E+0	NaN	30.818228E-3	-19.308176E-6	0.0000000E+0	NaN
19.799998E-6	31.160532E-3	12.574886E-6	0.0000000E+0	NaN	30.791996E-3	46.639772E-6	0.0000000E+0	NaN
19.999999E-6	31.181447E-3	80.468039E-6	0.0000000E+0	NaN	30.750452E-3	57.956309E-6	0.0000000E+0	NaN
20.199999E-6	31.189131E-3	58.005920E-6	0.0000000E+0	NaN	30.734902E-3	-38.536302E-6	0.0000000E+0	NaN
20.399999E-6	31.225704E-3	-50.214901E-6	0.0000000E+0	NaN	30.779870E-3	-72.485862E-6	0.0000000E+0	NaN
20.599999E-6	31.197049E-3	-68.920061E-6	0.0000000E+0	NaN	30.794723E-3	-29.784393E-6	0.0000000E+0	NaN
20.799998E-6	31.193744E-3	-23.269884E-6	0.0000000E+0	NaN	30.776637E-3	32.625336E-6	0.0000000E+0	NaN
20.999998E-6	31.250373E-3	74.335090E-6	0.0000000E+0	NaN	30.794233E-3	73.244235E-6	0.0000000E+0	NaN
21.200000E-6	31.220147E-3	54.881311E-6	0.0000000E+0	NaN	30.768674E-3	7.8932444E-6	0.0000000E+0	NaN
21.399999E-6	31.251140E-3	-9.9342260E-6	0.0000000E+0	NaN	30.780204E-3	-99.646961E-6	0.0000000E+0	NaN
21.599999E-6	31.219313E-3	-83.140156E-6	0.0000000E+0	NaN	30.764744E-3	-67.705107E-6	0.0000000E+0	NaN
21.799999E-6	31.088341E-3	-76.786913E-6	0.0000000E+0	NaN	30.725650E-3	35.661316E-6	0.0000000E+0	NaN
21.999998E-6	31.056637E-3	14.881876E-6	0.0000000E+0	NaN	30.715378E-3	71.016897E-6	0.0000000E+0	NaN
22.199998E-6	31.126318E-3	62.382896E-6	0.0000000E+0	NaN	30.892773E-3	32.090888E-6	0.0000000E+0	NaN
22.400000E-6	31.221246E-3	27.325868E-6	0.0000000E+0	NaN	30.704882E-3	-39.064940E-6	0.0000000E+0	NaN
22.599999E-6	31.332221E-3	-59.946884E-6	0.0000000E+0	NaN	30.730383E-3	-75.163545E-6	0.0000000E+0	NaN
22.799999E-6	31.411134E-3	-61.821047E-6	0.0000000E+0	NaN	30.760763E-3	-1.5927836E-6	0.0000000E+0	NaN
22.999999E-6	31.445786E-3	-5.5787509E-6	0.0000000E+0	NaN	30.805163E-3	53.029231E-6	0.0000000E+0	NaN
23.199998E-6	31.459022E-3	62.864172E-6	0.0000000E+0	NaN	30.760767E-3	54.588199E-6	0.0000000E+0	NaN
23.399998E-6	31.525716E-3	49.675982E-6	0.0000000E+0	NaN	30.780364E-3	-4.6224159E-6	0.0000000E+0	NaN
23.599998E-6	31.517040E-3	-28.666660E-6	0.0000000E+0	NaN	30.826027E-3	-81.287741E-6	0.0000000E+0	NaN
23.799999E-6	31.535696E-3	-81.286613E-6	0.0000000E+0	NaN	30.770598E-3	-32.952456E-6	0.0000000E+0	NaN
23.999999E-6	31.529903E-3	-33.963199E-6	0.0000000E+0	NaN	30.771513E-3	45.879755E-6	0.0000000E+0	NaN
24.199999E-6	31.547189E-3	42.507032E-6	0.0000000E+0	NaN	30.765545E-3	62.338491E-6	0.0000000E+0	NaN
24.399998E-6	31.539030E-3	77.050041E-6	0.0000000E+0	NaN	30.770285E-3	-3.2979362E-6	0.0000000E+0	NaN
24.599998E-6	31.473152E-3	25.146606E-6	0.0000000E+0	NaN	30.706069E-3	-69.886613E-6	0.0000000E+0	NaN
24.799998E-6	31.377919E-3	-70.819304E-6	0.0000000E+0	NaN	30.678442E-3	-73.003772E-6	0.0000000E+0	NaN
24.999999E-6	31.321205E-3	-73.450530E-6	0.0000000E+0	NaN	30.665951E-3	-2.7642052E-6	0.0000000E+0	NaN
25.199999E-6	31.272717E-3	-1.1539177E-6	0.0000000E+0	NaN	30.642360E-3	69.774018E-6	0.0000000E+0	NaN
25.399999E-6	31.223327E-3	65.819688E-6	0.0000000E+0	NaN	30.609842E-3	32.744385E-6	0.0000000E+0	NaN
25.599998E-6	31.156780E-3	53.668486E-6	0.0000000E+0	NaN	30.553697E-3	-41.156400E-6	0.0000000E+0	NaN
25.799998E-6	31.135973E-3	-32.891388E-6	0.0000000E+0	NaN	30.534176E-3	-84.671788E-6	0.0000000E+0	NaN
25.999998E-6	31.127416E-3	-74.596093E-6	0.0000000E+0	NaN	30.478207E-3	-10.678013E-6	0.0000000E+0	NaN
26.199998E-6	31.119445E-3	-25.694791E-6	0.0000000E+0	NaN	30.447159E-3	62.363601E-6	0.0000000E+0	NaN
26.399999E-6	31.115569E-3	44.160417E-6	0.0000000E+0	NaN	30.450856E-3	65.136468E-6	0.0000000E+0	NaN
26.599999E-6	31.124402E-3	74.698786E-6	0.0000000E+0	NaN	30.438825E-3	-22.857039E-6	0.0000000E+0	NaN
26.799999E-6	31.505499E-3	5.9379331E-6	0.0000000E+0	NaN	30.406225E-3	-61.067600E-6	0.0000000E+0	NaN
26.999998E-6	31.490657E-3	-53.048956E-6	0.0000000E+0	NaN	30.383250E-3	-30.580162E-6	0.0000000E+0	NaN
27.199998E-6	31.515628E-3	-81.362210E-6	0.0000000E+0	NaN	30.405166E-3	26.665610E-6	0.0000000E+0	NaN
27.399998E-6	31.486791E-3	-25.588355E-6	0.0000000E+0	NaN	30.459749E-3	58.986527E-6	0.0000000E+0	NaN
27.599999E-6	31.529918E-3	75.769378E-6	0.0000000E+0	NaN	30.498920E-3	6.7118049E-6	0.0000000E+0	NaN
27.799999E-6	31.387653E-3	48.531208E-6	0.0000000E+0	NaN	30.492323E-3	-62.911422E-6	0.0000000E+0	NaN
27.999999E-6	31.347342E-3	-20.850292E-6	0.0000000E+0	NaN	30.504327E-3	-73.417359E-6	0.0000000E+0	NaN
28.199998E-6	31.220837E-3	-75.470365E-6	0.0000000E+0	NaN	30.503683E-3	30.634717E-6	0.0000000E+0	NaN
28.399998E-6	31.291634E-3	-70.878799E-6	0.0000000E+0	NaN	30.487614E-3	82.072052E-6	0.0000000E+0	NaN
28.599998E-6	31.254232E-3	12.174852E-6	0.0000000E+0	NaN	30.564804E-3	28.596492E-6	0.0000000E+0	NaN
28.799997E-6	31.202232E-3	97.960088E-6	0.0000000E+0	NaN	30.521650E-3	-39.841401E-6	0.0000000E+0	NaN
28.999999E-6	31.129258E-3	35.722478E-6	0.0000000E+0	NaN	30.625381E-3	-84.944870E-6	0.0000000E+0	NaN
29.199999E-6	31.072075E-3	-50.809213E-6	0.0000000E+0	NaN	30.659517E-3	-6.0115958E-6	0.0000000E+0	NaN
29.399998E-6	31.000184E-3	-78.169993E-6	0.0000000E+0	NaN	30.697541E-3	74.300966E-6	0.0000000E+0	NaN
29.599998E-6	30.837925E-3	-18.743149E-6	0.0000000E+0	NaN	30.700261E-3	58.377518E-6	0.0000000E+0	NaN
29.799998E-6	30.842038E-3	63.303218E-6	0.0000000E+0	NaN	30.724173E-3	-10.204187E-6	0.0000000E+0	NaN
29.999997E-6	30.570256E-3	74.313779E-6	0.0000000E+0	NaN	30.762207E-3	-63.414074E-6	0.0000000E+0	NaN
30.199999E-6	30.563241E-3	-8.5576949E-6	0.0000000E+0	NaN	30.785346E-3	-25.019812E-6	0.0000000E+0	NaN
30.399999E-6	30.627590E-3	-67.229746E-6	0.0000000E+0	NaN	30.933134E-3	49.440925E-6	0.0000000E+0	NaN
30.599997E-6	30.675014E-3	-46.121841E-6	0.0000000E+0	NaN	30.942360E-3	85.142019E-6	0.0000000E+0	NaN
30.799998E-6	30.753411E-3	39.236478E-6	0.0000000E+0	NaN	30.913830E-3	12.114184E-6	0.0000000E+0	NaN
31.000000E-6	30.811859E-3	58.858826E-6	0.0000000E+0	NaN	30.942157E-3	-59.710150E-6	0.0000000E+0	NaN
31.199997E-6	30.858893E-3	25.445381E-6	0.0000000E+0	NaN	30.925853E-3	-72.496849E-6	0.0000000E+0	NaN
31.399999E-6	30.951494E-3	-42.823518E-6	0.0000000E+0	NaN	30.942397E-3	22.102296E-6	0.0000000E+0	NaN
31.599997E-6	30.982386E-3	-81.341081E-6	0.0000000E+0	NaN	31.027405E-3	71.459253E-6	0.0000000E+0	NaN
31.799998E-6	30.957615E-3	-34.092045E-6	0.0000000E+0	NaN	30.886816E-3	37.020571E-6	0.0000000E+0	NaN
31.999996E-6	31.052545E-3	57.675603E-6	0.0000000E+0	NaN	30.863021E-3	-27.538168E-6	0.0000000E+0	NaN
32.199998E-6	31.046353E-3	79.634767E-6	0.0000000E+0	NaN	30.837132E-3	-108.33275E-6	0.0000000E+0	NaN
32.399999E-6	30.992106E-3	2.2502215E-6	0.0000000E+0	NaN	30.862659E-3	-46.192908E-6	0.0000000E+0	NaN
32.599997E-6	31.046040E-3	-71.338589E-6	0.0000000E+0	NaN	30.861342E-3	56.857818E-6	0.0000000E+0	NaN
32.799999E-6	31.062748E-3	-67.196117E-6	0.0000000E+0	NaN	30.836880E-3	63.294632E-6	0.0000000E+0	NaN
32.999997E-6	31.052908E-3	13.043878E-6	0.0000000E+0	NaN	30.841354E-3	15.398920E-6	0.0000000E+0	NaN
33.199998E-6	31.067220E-3	59.977861E-6	0.0000000E+0	NaN	30.855216E-3	-86.961154E-6	0.0000000E+0	NaN
33.400000E-6	31.073857E-3	32.027543E-6	0.0000000E+0	NaN	30.842014E-3	-69.520087E-6	0.0000000E+0	NaN
33.599998E-6	31.078150E-3	-38.350536E-6	0.0000000E+0	NaN	30.872125E-3	18.410869E-6	0.0000000E+0	NaN
33.799999E-6	31.083362E-3	-76.672957E-6	0.0000000E+0	NaN	30.929117E-3	74.295793E-6	0.0000000E+0	NaN
33.999997E-6	31.057796E-3	-38.788268E-6	0.0000000E+0	NaN	30.946042E-3	42.975313E-6	0.0000000E+0	NaN
34.199998E-6	31.115538E-3	68.865811E-6	0.0000000E+0	NaN	30.993145E-3	-34.189383E-6	0.0000000E+0	NaN
34.399996E-6	31.113414E-3	75.890101E-6	0.0000000E+0	NaN	31.040702E-3	-100.90849E-6	0.0000000E+0	NaN
34.599998E-6	31.112464E-3	-9.6255808E-6	0.0000000E+0	NaN	31.059757E-3	-26.913689E-6	0.0000000E+0	NaN
34.799999E-6	31.210940E-3	-52.357591E-6	0.0000000E+0	NaN	31.131228E-3	76.718599E-6	0.0000000E+0	NaN
34.999997E-6	31.406965E-3	-61.375365E-6	0.0000000E+0	NaN	31.211205E-3	47.028538E-6	0.0000000E+0	NaN
35.199999E-6	31.464893E-3	13.706849E-6	0.0000000E+0	NaN	31.264592E-3	-7.1834115E-6	0.0000000E+0	NaN
35.399997E-6	31.516761E-3	77.038116E-6	0.0000000E+0	NaN	31.287152E-3	-81.089427E-6	0.0000000E+0	NaN
35.599998E-6	31.543970E-3	53.650947E-6	0.0000000E+0	NaN	31.299625E-3	-49.348666E-6	0.0000000E+0	NaN
35.799996E-6	31.562541E-3	-36.183654E-6	0.0000000E+0	NaN	31.301495E-3	23.121902E-6	0.0000000E+0	NaN
35.999998E-6	31.611122E-3	-67.833935E-6	0.0000000E+0	NaN	31.270832E-3	60.312505E-6	0.0000000E+0	NaN
36.199999E-6	31.559456E-3	-28.580032E-6	0.0000000E+0	NaN	31.235885E-3	754.91164E-9	0.0000000E+0	NaN
36.399997E-6	31.557146E-3	55.524433E-6	0.0000000E+0	NaN	31.172566E-3	-63.101768E-6	0.0000000E+0	NaN
36.599999E-6	31.539522E-3	61.824328E-6	0.0000000E+0	NaN	31.117447E-3	-71.956369E-6	0.0000000E+0	NaN
36.799996E-6	31.484522E-3	-16.716032E-6	0.0000000E+0	NaN	31.105055E-3	-35.504825E-6	0.0000000E+0	NaN
36.999998E-6	31.411383E-3	-59.976977E-6	0.0000000E+0	NaN	31.070115E-3	60.879920E-6	0.0000000E+0	NaN
37.199999E-6	31.372949E-3	-62.404848E-6	0.0000000E+0	NaN	31.026863E-3	43.668937E-6	0.0000000E+0	NaN
37.399997E-6	31.364147E-3	41.922507E-6	0.0000000E+0	NaN	31.003132E-3	-8.9812302E-6	0.0000000E+0	NaN
37.599999E-6	31.338535E-3	91.264366E-6	0.0000000E+0	NaN	31.116044E-3	-66.889479E-6	0.0000000E+0	NaN
37.799997E-6	31.253066E-3	12.286942E-6	0.0000000E+0	NaN	30.960096E-3	-45.429791E-6	0.0000000E+0	NaN
37.999998E-6	31.186495E-3	-72.268449E-6	0.0000000E+0	NaN	30.980110E-3	33.028475E-6	0.0000000E+0	NaN
38.199996E-6	31.171421E-3	-89.124864E-6	0.0000000E+0	NaN	30.955302E-3	56.737168E-6	0.0000000E+0	NaN
38.399998E-6	31.152831E-3	-5.1903612E-6	0.0000000E+0	NaN	30.942256E-3	35.019330E-6	0.0000000E+0	NaN
38.599999E-6	31.111617E-3	74.468247E-6	0.0000000E+0	NaN	30.926513E-3	-48.685968E-6	0.0000000E+0	NaN
38.799997E-6	31.080222E-3	62.883853E-6	0.0000000E+0	NaN	30.914137E-3	-94.119678E-6	0.0000000E+0	NaN
38.999999E-6	31.022094E-3	-18.125120E-6	0.0000000E+0	NaN	30.951312E-3	-4.8220722E-6	0.0000000E+0	NaN
39.199997E-6	31.090137E-3	-65.050073E-6	0.0000000E+0	NaN	30.925157E-3	72.374605E-6	0.0000000E+0	NaN
39.399998E-6	31.064868E-3	-24.016226E-6	0.0000000E+0	NaN	30.961569E-3	66.783934E-6	0.0000000E+0	NaN
39.599996E-6	31.026058E-3	45.440021E-6	0.0000000E+0	NaN	30.930551E-3	-28.927921E-6	0.0000000E+0	NaN
39.799997E-6	31.047087E-3	74.793425E-6	0.0000000E+0	NaN	30.923836E-3	-52.653930E-6	0.0000000E+0	NaN
39.999999E-6	31.067492E-3	7.0878477E-6	0.0000000E+0	NaN	30.934615E-3	-58.901118E-6	0.0000000E+0	NaN
40.199997E-6	31.064332E-3	-67.669935E-6	0.0000000E+0	NaN	30.899150E-3	39.494022E-6	0.0000000E+0	NaN
40.399998E-6	31.053232E-3	-59.089831E-6	0.0000000E+0	NaN	30.864021E-3	83.276202E-6	0.0000000E+0	NaN
40.599996E-6	31.021073E-3	1.8253006E-6	0.0000000E+0	NaN	30.841649E-3	26.397845E-6	0.0000000E+0	NaN
40.799998E-6	30.999355E-3	55.708992E-6	0.0000000E+0	NaN	30.776903E-3	-57.209778E-6	0.0000000E+0	NaN
40.999999E-6	31.010402E-3	64.270273E-6	0.0000000E+0	NaN	30.753287E-3	-71.789669E-6	0.0000000E+0	NaN
41.199997E-6	30.967578E-3	-21.385957E-6	0.0000000E+0	NaN	30.629568E-3	-15.803011E-6	0.0000000E+0	NaN
41.399999E-6	30.752013E-3	-100.88360E-6	0.0000000E+0	NaN	30.591844E-3	60.903680E-6	0.0000000E+0	NaN
41.599997E-6	30.742478E-3	-75.159704E-6	0.0000000E+0	NaN	30.587958E-3	43.834505E-6	0.0000000E+0	NaN
41.799998E-6	30.697625E-3	51.594146E-6	0.0000000E+0	NaN	30.451180E-3	-4.9696014E-6	0.0000000E+0	NaN
41.999996E-6	30.644407E-3	66.531575E-6	0.0000000E+0	NaN	30.362733E-3	-77.121782E-6	0.0000000E+0	NaN
42.199998E-6	30.571334E-3	20.599682E-6	0.0000000E+0	NaN	30.306550E-3	-45.659370E-6	0.0000000E+0	NaN
42.399999E-6	30.518331E-3	-50.900904E-6	0.0000000E+0	NaN	30.415321E-3	27.884189E-6	0.0000000E+0	NaN
42.599997E-6	30.482233E-3	-68.756432E-6	0.0000000E+0	NaN	30.444259E-3	96.337797E-6	0.0000000E+0	NaN
42.799998E-6	30.475512E-3	-4.1404942E-6	0.0000000E+0	NaN	30.462503E-3	36.367623E-6	0.0000000E+0	NaN
42.999996E-6	30.405039E-3	53.785778E-6	0.0000000E+0	NaN	30.491093E-3	-32.032756E-6	0.0000000E+0	NaN
43.199998E-6	30.449586E-3	62.511033E-6	0.0000000E+0	NaN	30.661602E-3	-80.840357E-6	0.0000000E+0	NaN
43.399996E-6	30.490972E-3	-8.6183700E-6	0.0000000E+0	NaN	30.697810E-3	-20.859879E-6	0.0000000E+0	NaN
43.599997E-6	30.560179E-3	-87.793371E-6	0.0000000E+0	NaN	30.750396E-3	57.407378E-6	0.0000000E+0	NaN
43.799999E-6	30.621465E-3	-67.283909E-6	0.0000000E+0	NaN	30.795859E-3	63.177264E-6	0.0000000E+0	NaN
43.999997E-6	30.728355E-3	32.720694E-6	0.0000000E+0	NaN	30.813131E-3	5.9291910E-6	0.0000000E+0	NaN
44.199998E-6	30.793497E-3	69.428315E-6	0.0000000E+0	NaN	30.792037E-3	-63.471263E-6	0.0000000E+0	NaN
44.399996E-6	30.835861E-3	26.756306E-6	0.0000000E+0	NaN	30.810781E-3	-68.950947E-6	0.0000000E+0	NaN
44.599998E-6	30.876257E-3	-47.033005E-6	0.0000000E+0	NaN	30.814333E-3	4.3695363E-6	0.0000000E+0	NaN
44.799999E-6	30.840222E-3	-61.759580E-6	0.0000000E+0	NaN	30.817844E-3	74.795229E-6	0.0000000E+0	NaN
44.999997E-6	30.894728E-3	-6.1126111E-6	0.0000000E+0	NaN	30.822553E-3	55.827768E-6	0.0000000E+0	NaN
45.199999E-6	30.915402E-3	52.074236E-6	0.0000000E+0	NaN	30.853288E-3	-26.745238E-6	0.0000000E+0	NaN
45.399996E-6	30.936083E-3	73.338466E-6	0.0000000E+0	NaN	30.824706E-3	-79.211815E-6	0.0000000E+0	NaN
45.599998E-6	30.973338E-3	-15.344218E-6	0.0000000E+0	NaN	30.842854E-3	-16.694468E-6	0.0000000E+0	NaN
45.799996E-6	30.975949E-3	-41.229265E-6	0.0000000E+0	NaN	30.864215E-3	28.888231E-6	0.0000000E+0	NaN
45.999997E-6	30.956047E-3	-74.899828E-6	0.0000000E+0	NaN	30.852618E-3	75.861099E-6	0.0000000E+0	NaN
46.199999E-6	30.974528E-3	31.262454E-6	0.0000000E+0	NaN	30.964410E-3	4.4537701E-6	0.0000000E+0	NaN
46.399997E-6	30.972932E-3	71.302835E-6	0.0000000E+0	NaN	31.001775E-3	-74.439216E-6	0.0000000E+0	NaN
46.599998E-6	30.962219E-3	39.004055E-6	0.0000000E+0	NaN	31.047983E-3	-80.961028E-6	0.0000000E+0	NaN
46.799996E-6	30.978639E-3	-38.683767E-6	0.0000000E+0	NaN	31.114493E-3	-10.179893E-6	0.0000000E+0	NaN
46.999998E-6	31.007009E-3	-92.228918E-6	0.0000000E+0	NaN	31.213282E-3	58.184822E-6	0.0000000E+0	NaN
47.199996E-6	31.007947E-3	-13.275867E-6	0.0000000E+0	NaN	31.256232E-3	61.741259E-6	0.0000000E+0	NaN
47.399997E-6	31.034781E-3	55.815603E-6	0.0000000E+0	NaN	31.325433E-3	-12.772222E-6	0.0000000E+0	NaN
47.599999E-6	31.089125E-3	51.614163E-6	0.0000000E+0	NaN	31.331118E-3	-97.752134E-6	0.0000000E+0	NaN
47.799997E-6	31.182559E-3	-5.6713211E-6	0.0000000E+0	NaN	31.371433E-3	-61.533094E-6	0.0000000E+0	NaN
47.999998E-6	31.165715E-3	-61.755243E-6	0.0000000E+0	NaN	31.342126E-3	48.201680E-6	0.0000000E+0	NaN
48.199996E-6	31.279035E-3	-77.705030E-6	0.0000000E+0	NaN	31.338684E-3	88.244124E-6	0.0000000E+0	NaN
48.399997E-6	31.337183E-3	12.724980E-6	0.0000000E+0	NaN	31.275563E-3	20.319827E-6	0.0000000E+0	NaN
48.599995E-6	31.336345E-3	75.284552E-6	0.0000000E+0	NaN	31.270120E-3	-74.308249E-6	0.0000000E+0	NaN
48.799997E-6	31.361181E-3	55.209377E-6	0.0000000E+0	NaN	31.226810E-3	-73.566531E-6	0.0000000E+0	NaN
48.999998E-6	31.382866E-3	-28.836330E-6	0.0000000E+0	NaN	31.175092E-3	-11.228323E-6	0.0000000E+0	NaN
49.199996E-6	31.315979E-3	-95.779920E-6	0.0000000E+0	NaN	31.107681E-3	65.109467E-6	0.0000000E+0	NaN
49.399998E-6	31.296242E-3	-37.810340E-6	0.0000000E+0	NaN	31.113457E-3	64.873442E-6	0.0000000E+0	NaN
49.599996E-6	31.193923E-3	55.660941E-6	0.0000000E+0	NaN	31.068765E-3	-30.764168E-6	0.0000000E+0	NaN
49.799997E-6	31.030387E-3	75.902040E-6	0.0000000E+0	NaN	31.054216E-3	-60.349343E-6	0.0000000E+0	NaN
49.999999E-6	30.966109E-3	9.7130869E-6	0.0000000E+0	NaN	31.004179E-3	-35.632125E-6	0.0000000E+0	NaN
50.199997E-6	30.880174E-3	-73.871488E-6	0.0000000E+0	NaN	31.027069E-3	44.653898E-6	0.0000000E+0	NaN
50.399998E-6	30.858345E-3	-68.738816E-6	0.0000000E+0	NaN	31.042274E-3	80.841346E-6	0.0000000E+0	NaN
50.599996E-6	30.830260E-3	-6.3044108E-6	0.0000000E+0	NaN	31.036217E-3	23.322460E-6	0.0000000E+0	NaN
50.799998E-6	30.790299E-3	56.303237E-6	0.0000000E+0	NaN	30.911472E-3	-61.100189E-6	0.0000000E+0	NaN
50.999995E-6	30.811939E-3	48.518214E-6	0.0000000E+0	NaN	30.868512E-3	-69.923291E-6	0.0000000E+0	NaN
51.199997E-6	30.772118E-3	-22.373662E-6	0.0000000E+0	NaN	30.852446E-3	25.863079E-6	0.0000000E+0	NaN
51.399998E-6	30.770689E-3	-65.769891E-6	0.0000000E+0	NaN	30.805450E-3	70.454444E-6	0.0000000E+0	NaN
51.599996E-6	30.747911E-3	-52.932490E-6	0.0000000E+0	NaN	30.831143E-3	33.507768E-6	0.0000000E+0	NaN
51.799998E-6	30.717311E-3	28.819231E-6	0.0000000E+0	NaN	30.836890E-3	-38.677121E-6	0.0000000E+0	NaN
51.999996E-6	30.702585E-3	83.060244E-6	0.0000000E+0	NaN	30.865429E-3	-87.858563E-6	0.0000000E+0	NaN
52.199997E-6	30.724265E-3	39.804461E-6	0.0000000E+0	NaN	30.875169E-3	-23.532430E-6	0.0000000E+0	NaN
52.399995E-6	30.791502E-3	-56.990139E-6	0.0000000E+0	NaN	30.857690E-3	49.568520E-6	0.0000000E+0	NaN
52.599997E-6	30.800080E-3	-91.565271E-6	0.0000000E+0	NaN	30.826509E-3	60.890266E-6	0.0000000E+0	NaN
52.799998E-6	30.763060E-3	-19.474835E-6	0.0000000E+0	NaN	30.804373E-3	-13.433057E-6	0.0000000E+0	NaN
52.999996E-6	30.688737E-3	40.231753E-6	0.0000000E+0	NaN	30.775018E-3	-82.169383E-6	0.0000000E+0	NaN
53.199998E-6	30.648908E-3	60.644012E-6	0.0000000E+0	NaN	30.768281E-3	-78.834593E-6	0.0000000E+0	NaN
53.399996E-6	30.558493E-3	-10.847227E-6	0.0000000E+0	NaN	30.769432E-3	40.112678E-6	0.0000000E+0	NaN
53.599997E-6	30.498669E-3	-80.390659E-6	0.0000000E+0	NaN	30.731782E-3	65.778433E-6	0.0000000E+0	NaN
53.799999E-6	30.409465E-3	-71.958675E-6	0.0000000E+0	NaN	30.674446E-3	6.7551928E-6	0.0000000E+0	NaN
53.999996E-6	30.480372E-3	1.8535338E-6	0.0000000E+0	NaN	30.638032E-3	-48.938960E-6	0.0000000E+0	NaN
54.199998E-6	30.508243E-3	82.178005E-6	0.0000000E+0	NaN	30.498911E-3	-86.223728E-6	0.0000000E+0	NaN
54.399996E-6	30.577581E-3	56.401586E-6	0.0000000E+0	NaN	30.468823E-3	7.0742985E-6	0.0000000E+0	NaN
54.599997E-6	30.623699E-3	-31.880307E-6	0.0000000E+0	NaN	30.428397E-3	80.313039E-6	0.0000000E+0	NaN
54.799995E-6	30.704308E-3	-73.462223E-6	0.0000000E+0	NaN	30.370677E-3	46.854821E-6	0.0000000E+0	NaN
54.999997E-6	30.759174E-3	-47.666741E-6	0.0000000E+0	NaN	30.300058E-3	-27.385577E-6	0.0000000E+0	NaN
55.199998E-6	30.876305E-3	45.124030E-6	0.0000000E+0	NaN	30.250376E-3	-72.039533E-6	0.0000000E+0	NaN
55.399996E-6	30.858630E-3	56.586319E-6	0.0000000E+0	NaN	30.234341E-3	-18.956900E-6	0.0000000E+0	NaN
55.599998E-6	30.929662E-3	13.637325E-6	0.0000000E+0	NaN	30.270018E-3	50.636223E-6	0.0000000E+0	NaN
55.799996E-6	30.977732E-3	-52.746509E-6	0.0000000E+0	NaN	30.256625E-3	64.932618E-6	0.0000000E+0	NaN
55.999997E-6	30.976279E-3	-75.510106E-6	0.0000000E+0	NaN	30.245710E-3	7.3723872E-6	0.0000000E+0	NaN
56.199995E-6	30.960320E-3	-5.4380916E-6	0.0000000E+0	NaN	30.394780E-3	-82.868872E-6	0.0000000E+0	NaN
56.399997E-6	30.971905E-3	58.172402E-6	0.0000000E+0	NaN	30.425584E-3	-69.325644E-6	0.0000000E+0	NaN
56.599998E-6	30.851509E-3	66.022491E-6	0.0000000E+0	NaN	30.467922E-3	27.086426E-6	0.0000000E+0	NaN
56.799996E-6	30.874021E-3	-13.403697E-6	0.0000000E+0	NaN	30.487560E-3	83.284023E-6	0.0000000E+0	NaN
56.999997E-6	30.819463E-3	-70.257083E-6	0.0000000E+0	NaN	30.512983E-3	48.877529E-6	0.0000000E+0	NaN
57.199995E-6	30.837514E-3	-79.592384E-6	0.0000000E+0	NaN	30.575754E-3	-51.212079E-6	0.0000000E+0	NaN
57.399997E-6	30.827891E-3	27.106755E-6	0.0000000E+0	NaN	30.590184E-3	-87.669243E-6	0.0000000E+0	NaN
57.599995E-6	30.891992E-3	72.012321E-6	0.0000000E+0	NaN	30.623255E-3	-23.246093E-6	0.0000000E+0	NaN
57.799996E-6	30.846646E-3	22.069675E-6	0.0000000E+0	NaN	30.656371E-3	45.533256E-6	0.0000000E+0	NaN
57.999998E-6	30.827126E-3	-50.459494E-6	0.0000000E+0	NaN	30.684995E-3	59.934700E-6	0.0000000E+0	NaN
58.199996E-6	30.864358E-3	-110.70490E-6	0.0000000E+0	NaN	30.699747E-3	-16.923002E-6	0.0000000E+0	NaN
58.399997E-6	30.881738E-3	-26.516873E-6	0.0000000E+0	NaN	30.700119E-3	-80.015037E-6	0.0000000E+0	NaN
58.599995E-6	30.927727E-3	57.509067E-6	0.0000000E+0	NaN	30.707698E-3	-44.659326E-6	0.0000000E+0	NaN
58.799997E-6	30.999294E-3	50.225750E-6	0.0000000E+0	NaN	30.737460E-3	32.405758E-6	0.0000000E+0	NaN
58.999998E-6	31.010091E-3	-10.095201E-6	0.0000000E+0	NaN	30.722236E-3	71.452720E-6	0.0000000E+0	NaN
59.199996E-6	31.080902E-3	-57.108256E-6	0.0000000E+0	NaN	30.708179E-3	14.030884E-6	0.0000000E+0	NaN
59.399998E-6	31.141156E-3	-47.156595E-6	0.0000000E+0	NaN	30.759541E-3	-57.114878E-6	0.0000000E+0	NaN
59.599995E-6	31.174263E-3	21.423881E-6	0.0000000E+0	NaN	30.784996E-3	-66.808549E-6	0.0000000E+0	NaN
59.799997E-6	31.184297E-3	62.254046E-6	0.0000000E+0	NaN	30.815935E-3	-6.9017492E-6	0.0000000E+0	NaN
59.999995E-6	31.199140E-3	20.517708E-6	0.0000000E+0	NaN	30.812545E-3	53.525007E-6	0.0000000E+0	NaN
60.199996E-6	31.168057E-3	-44.896737E-6	0.0000000E+0	NaN	30.753752E-3	65.529035E-6	0.0000000E+0	NaN
60.399998E-6	31.180678E-3	-72.222778E-6	0.0000000E+0	NaN	30.755058E-3	-35.627007E-6	0.0000000E+0	NaN
60.599996E-6	31.070365E-3	-14.953875E-6	0.0000000E+0	NaN	30.746168E-3	-82.988947E-6	0.0000000E+0	NaN
60.799997E-6	31.043369E-3	47.028418E-6	0.0000000E+0	NaN	30.762222E-3	-43.588392E-6	0.0000000E+0	NaN
60.999995E-6	30.991757E-3	49.131155E-6	0.0000000E+0	NaN	30.781548E-3	21.130960E-6	0.0000000E+0	NaN
61.199993E-6	30.912843E-3	-8.9070372E-6	0.0000000E+0	NaN	30.792503E-3	87.273271E-6	0.0000000E+0	NaN
61.399995E-6	30.834533E-3	-86.329521E-6	0.0000000E+0	NaN	30.819999E-3	22.146334E-6	0.0000000E+0	NaN
61.599996E-6	30.795824E-3	-36.459682E-6	0.0000000E+0	NaN	30.885618E-3	-69.114460E-6	0.0000000E+0	NaN
61.799998E-6	30.792639E-3	34.983557E-6	0.0000000E+0	NaN	30.890446E-3	-52.412299E-6	0.0000000E+0	NaN
61.999999E-6	30.735338E-3	62.466686E-6	0.0000000E+0	NaN	30.941594E-3	-5.0702438E-6	0.0000000E+0	NaN
62.199993E-6	30.723916E-3	11.609346E-6	0.0000000E+0	NaN	30.935660E-3	78.906480E-6	0.0000000E+0	NaN
62.399995E-6	30.701000E-3	-76.815231E-6	0.0000000E+0	NaN	31.032469E-3	55.289154E-6	0.0000000E+0	NaN
62.599996E-6	30.754043E-3	-72.919633E-6	0.0000000E+0	NaN	31.064235E-3	-53.533397E-6	0.0000000E+0	NaN
62.799998E-6	30.886291E-3	-29.989822E-6	0.0000000E+0	NaN	31.163421E-3	-75.873839E-6	0.0000000E+0	NaN
62.999999E-6	30.897127E-3	48.846068E-6	0.0000000E+0	NaN	31.128790E-3	-21.521952E-6	0.0000000E+0	NaN
63.199994E-6	30.900374E-3	47.213161E-6	0.0000000E+0	NaN	31.203572E-3	42.494044E-6	0.0000000E+0	NaN
63.399995E-6	30.919986E-3	-19.040133E-6	0.0000000E+0	NaN	31.220645E-3	77.780511E-6	0.0000000E+0	NaN
63.599997E-6	30.857028E-3	-72.556657E-6	0.0000000E+0	NaN	31.196130E-3	18.796844E-6	0.0000000E+0	NaN
63.799998E-6	30.996140E-3	-56.384502E-6	0.0000000E+0	NaN	31.202829E-3	-69.777125E-6	0.0000000E+0	NaN
63.999993E-6	31.014100E-3	33.405609E-6	0.0000000E+0	NaN	31.085731E-3	-85.074862E-6	0.0000000E+0	NaN
64.199994E-6	30.973446E-3	77.387624E-6	0.0000000E+0	NaN	31.027421E-3	-1.7325706E-6	0.0000000E+0	NaN
64.399996E-6	30.979453E-3	38.184375E-6	0.0000000E+0	NaN	31.011209E-3	70.133043E-6	0.0000000E+0	NaN
64.599997E-6	30.922657E-3	-32.840398E-6	0.0000000E+0	NaN	30.942764E-3	45.176901E-6	0.0000000E+0	NaN
64.799999E-6	30.928716E-3	-63.375002E-6	0.0000000E+0	NaN	30.909397E-3	-22.438700E-6	0.0000000E+0	NaN
64.999993E-6	30.855061E-3	-19.330319E-6	0.0000000E+0	NaN	30.919606E-3	-56.390760E-6	0.0000000E+0	NaN
65.199994E-6	30.766645E-3	50.875260E-6	0.0000000E+0	NaN	30.872099E-3	-25.200830E-6	0.0000000E+0	NaN
65.399996E-6	30.707113E-3	53.261356E-6	0.0000000E+0	NaN	30.830771E-3	42.414587E-6	0.0000000E+0	NaN
65.599997E-6	30.674014E-3	-3.6294750E-6	0.0000000E+0	NaN	30.792564E-3	70.193186E-6	0.0000000E+0	NaN
65.799999E-6	30.662276E-3	-54.616725E-6	0.0000000E+0	NaN	30.770564E-3	21.243770E-6	0.0000000E+0	NaN
65.999993E-6	30.637203E-3	-67.863381E-6	0.0000000E+0	NaN	30.802783E-3	-58.988229E-6	0.0000000E+0	NaN
66.199995E-6	30.823121E-3	1.0453188E-6	0.0000000E+0	NaN	30.799443E-3	-89.355206E-6	0.0000000E+0	NaN
66.399996E-6	30.715454E-3	72.176401E-6	0.0000000E+0	NaN	30.769153E-3	-4.8830884E-6	0.0000000E+0	NaN
66.599998E-6	30.723808E-3	53.297856E-6	0.0000000E+0	NaN	30.765884E-3	68.775131E-6	0.0000000E+0	NaN
66.799999E-6	30.704884E-3	-40.333620E-6	0.0000000E+0	NaN	30.784961E-3	70.141003E-6	0.0000000E+0	NaN
66.999994E-6	30.773761E-3	-71.184368E-6	0.0000000E+0	NaN	30.740008E-3	-16.194197E-6	0.0000000E+0	NaN
67.199995E-6	30.780803E-3	-37.587510E-6	0.0000000E+0	NaN	30.699437E-3	-46.372159E-6	0.0000000E+0	NaN
67.399997E-6	30.835491E-3	44.622066E-6	0.0000000E+0	NaN	30.669902E-3	-60.418108E-6	0.0000000E+0	NaN
67.599998E-6	30.833254E-3	63.463427E-6	0.0000000E+0	NaN	30.576445E-3	22.175302E-6	0.0000000E+0	NaN
67.799992E-6	30.859962E-3	8.3317782E-6	0.0000000E+0	NaN	30.497083E-3	66.562345E-6	0.0000000E+0	NaN
67.999994E-6	30.905064E-3	-66.588727E-6	0.0000000E+0	NaN	30.435182E-3	42.232568E-6	0.0000000E+0	NaN
68.199995E-6	30.893760E-3	-68.667177E-6	0.0000000E+0	NaN	30.395584E-3	-27.801769E-6	0.0000000E+0	NaN
68.399997E-6	30.950548E-3	-35.048139E-6	0.0000000E+0	NaN	30.362628E-3	-92.158778E-6	0.0000000E+0	NaN
68.599998E-6	30.924711E-3	59.125494E-6	0.0000000E+0	NaN	30.305328E-3	-26.377540E-6	0.0000000E+0	NaN
68.799993E-6	30.901626E-3	65.304012E-6	0.0000000E+0	NaN	30.331431E-3	40.282863E-6	0.0000000E+0	NaN
68.999994E-6	30.936416E-3	-30.468786E-6	0.0000000E+0	NaN	30.324897E-3	71.223767E-6	0.0000000E+0	NaN
69.199996E-6	30.954681E-3	-75.988886E-6	0.0000000E+0	NaN	30.405594E-3	-3.4865268E-6	0.0000000E+0	NaN
69.399997E-6	31.003444E-3	-54.007534E-6	0.0000000E+0	NaN	30.437259E-3	-61.887840E-6	0.0000000E+0	NaN
69.599999E-6	30.962037E-3	30.650717E-6	0.0000000E+0	NaN	30.462079E-3	-66.591936E-6	0.0000000E+0	NaN
69.799993E-6	30.943820E-3	66.243068E-6	0.0000000E+0	NaN	30.564750E-3	-11.468413E-6	0.0000000E+0	NaN
69.999995E-6	30.929890E-3	15.551064E-6	0.0000000E+0	NaN	30.602710E-3	74.757016E-6	0.0000000E+0	NaN
70.199996E-6	30.915312E-3	-63.903644E-6	0.0000000E+0	NaN	30.636655E-3	42.493077E-6	0.0000000E+0	NaN
70.399998E-6	30.966375E-3	-68.966183E-6	0.0000000E+0	NaN	30.669263E-3	-32.826723E-6	0.0000000E+0	NaN
70.599999E-6	30.933170E-3	-10.276267E-6	0.0000000E+0	NaN	30.657711E-3	-81.161546E-6	0.0000000E+0	NaN
70.799993E-6	30.979628E-3	70.885624E-6	0.0000000E+0	NaN	30.695627E-3	-30.718336E-6	0.0000000E+0	NaN
70.999995E-6	31.076560E-3	39.919771E-6	0.0000000E+0	NaN	30.699831E-3	61.392857E-6	0.0000000E+0	NaN
71.199996E-6	31.094175E-3	-19.381730E-6	0.0000000E+0	NaN	30.687919E-3	81.366939E-6	0.0000000E+0	NaN
71.399998E-6	31.091962E-3	-68.192501E-6	0.0000000E+0	NaN	30.678062E-3	-3.6418314E-6	0.0000000E+0	NaN
71.599992E-6	31.129500E-3	-34.394980E-6	0.0000000E+0	NaN	30.669831E-3	-57.622776E-6	0.0000000E+0	NaN
71.799994E-6	31.139964E-3	55.996021E-6	0.0000000E+0	NaN	30.697437E-3	-58.719761E-6	0.0000000E+0	NaN
71.999995E-6	31.134887E-3	48.519159E-6	0.0000000E+0	NaN	30.678779E-3	-3.4391253E-6	0.0000000E+0	NaN
72.199997E-6	31.155497E-3	-8.9657060E-6	0.0000000E+0	NaN	30.725149E-3	75.253542E-6	0.0000000E+0	NaN
72.399998E-6	31.209741E-3	-85.433414E-6	0.0000000E+0	NaN	30.712478E-3	48.703307E-6	0.0000000E+0	NaN
72.599993E-6	31.215666E-3	-47.179143E-6	0.0000000E+0	NaN	30.687016E-3	-47.626076E-6	0.0000000E+0	NaN
72.799994E-6	31.216487E-3	30.636442E-6	0.0000000E+0	NaN	30.705387E-3	-102.59315E-6	0.0000000E+0	NaN
72.999996E-6	31.244367E-3	76.528871E-6	0.0000000E+0	NaN	30.726897E-3	-36.371835E-6	0.0000000E+0	NaN
73.199997E-6	31.166276E-3	7.9785887E-6	0.0000000E+0	NaN	30.771198E-3	36.843667E-6	0.0000000E+0	NaN
73.399999E-6	31.162078E-3	-67.254798E-6	0.0000000E+0	NaN	30.789122E-3	59.412763E-6	0.0000000E+0	NaN
73.599993E-6	31.135613E-3	-60.356931E-6	0.0000000E+0	NaN	30.699160E-3	-10.127690E-6	0.0000000E+0	NaN
73.799994E-6	31.144913E-3	-10.571383E-6	0.0000000E+0	NaN	30.797107E-3	-57.426991E-6	0.0000000E+0	NaN
73.999996E-6	31.090155E-3	74.996387E-6	0.0000000E+0	NaN	30.960821E-3	-70.270049E-6	0.0000000E+0	NaN
74.199997E-6	31.034233E-3	44.796052E-6	0.0000000E+0	NaN	31.007733E-3	9.1777383E-6	0.0000000E+0	NaN
74.399999E-6	30.978143E-3	-33.918714E-6	0.0000000E+0	NaN	31.123931E-3	47.259095E-6	0.0000000E+0	NaN
74.599993E-6	30.930754E-3	-65.200278E-6	0.0000000E+0	NaN	31.112647E-3	63.676183E-6	0.0000000E+0	NaN
74.799995E-6	30.920366E-3	-35.463079E-6	0.0000000E+0	NaN	31.124588E-3	-15.035856E-6	0.0000000E+0	NaN
74.999996E-6	30.870611E-3	37.649123E-6	0.0000000E+0	NaN	31.235501E-3	-99.514975E-6	0.0000000E+0	NaN
75.199998E-6	30.794477E-3	49.307706E-6	0.0000000E+0	NaN	31.215105E-3	-68.908063E-6	0.0000000E+0	NaN
75.399992E-6	30.772386E-3	-601.89865E-9	0.0000000E+0	NaN	31.175530E-3	35.394052E-6	0.0000000E+0	NaN
75.599994E-6	30.798890E-3	-39.911487E-6	0.0000000E+0	NaN	31.120367E-3	76.963377E-6	0.0000000E+0	NaN
75.799995E-6	30.754900E-3	-78.295612E-6	0.0000000E+0	NaN	31.036742E-3	24.678553E-6	0.0000000E+0	NaN
75.999997E-6	30.734815E-3	6.8256131E-6	0.0000000E+0	NaN	31.004699E-3	-49.296665E-6	0.0000000E+0	NaN
76.199998E-6	30.747142E-3	61.848237E-6	0.0000000E+0	NaN	30.937361E-3	-78.400335E-6	0.0000000E+0	NaN
76.399992E-6	30.736737E-3	32.170046E-6	0.0000000E+0	NaN	30.924581E-3	-12.249180E-6	0.0000000E+0	NaN
76.599994E-6	30.718772E-3	-37.129808E-6	0.0000000E+0	NaN	30.945096E-3	74.282470E-6	0.0000000E+0	NaN
76.799995E-6	30.736491E-3	-83.369683E-6	0.0000000E+0	NaN	30.935675E-3	71.721130E-6	0.0000000E+0	NaN
76.999997E-6	30.746402E-3	-35.543493E-6	0.0000000E+0	NaN	30.894319E-3	-21.611691E-6	0.0000000E+0	NaN
77.199998E-6	30.738711E-3	37.417620E-6	0.0000000E+0	NaN	30.793812E-3	-91.845432E-6	0.0000000E+0	NaN
77.399993E-6	30.695716E-3	67.130619E-6	0.0000000E+0	NaN	30.802526E-3	-63.154213E-6	0.0000000E+0	NaN
77.599994E-6	30.730376E-3	-7.6228039E-6	0.0000000E+0	NaN	30.822910E-3	29.564688E-6	0.0000000E+0	NaN
77.799996E-6	30.722972E-3	-73.512376E-6	0.0000000E+0	NaN	30.792590E-3	51.642015E-6	0.0000000E+0	NaN
77.999997E-6	30.741192E-3	-70.344577E-6	0.0000000E+0	NaN	30.765830E-3	25.826062E-6	0.0000000E+0	NaN
78.199999E-6	30.702924E-3	2.4703122E-6	0.0000000E+0	NaN	30.761370E-3	-44.687229E-6	0.0000000E+0	NaN
78.399993E-6	30.631248E-3	75.120726E-6	0.0000000E+0	NaN	30.759679E-3	-77.069977E-6	0.0000000E+0	NaN
78.599995E-6	30.547295E-3	52.794505E-6	0.0000000E+0	NaN	30.769233E-3	-24.202518E-6	0.0000000E+0	NaN
78.799996E-6	30.412210E-3	-28.703320E-6	0.0000000E+0	NaN	30.740954E-3	36.678583E-6	0.0000000E+0	NaN
78.999998E-6	30.200547E-3	-78.242294E-6	0.0000000E+0	NaN	30.668996E-3	61.859377E-6	0.0000000E+0	NaN
79.199992E-6	30.168811E-3	-55.495522E-6	0.0000000E+0	NaN	30.621858E-3	10.058343E-6	0.0000000E+0	NaN
79.399993E-6	30.139681E-3	27.269662E-6	0.0000000E+0	NaN	30.537903E-3	-79.130979E-6	0.0000000E+0	NaN
79.599995E-6	30.123131E-3	65.480890E-6	0.0000000E+0	NaN	30.446460E-3	-66.222485E-6	0.0000000E+0	NaN
79.799996E-6	30.126963E-3	3.3299937E-6	0.0000000E+0	NaN	30.392462E-3	-2.7064750E-6	0.0000000E+0	NaN
79.999998E-6	30.131679E-3	-51.901348E-6	0.0000000E+0	NaN	30.350374E-3	74.520831E-6	0.0000000E+0	NaN
80.199992E-6	30.204063E-3	-78.375408E-6	0.0000000E+0	NaN	30.359603E-3	63.885389E-6	0.0000000E+0	NaN
80.399994E-6	30.243933E-3	8.9600262E-6	0.0000000E+0	NaN	30.343005E-3	-35.055597E-6	0.0000000E+0	NaN
80.599995E-6	30.366886E-3	56.998859E-6	0.0000000E+0	NaN	30.361714E-3	-66.728709E-6	0.0000000E+0	NaN
80.799997E-6	30.516969E-3	51.797677E-6	0.0000000E+0	NaN	30.427497E-3	-32.763590E-6	0.0000000E+0	NaN
80.999998E-6	30.590545E-3	-12.205419E-6	0.0000000E+0	NaN	30.494608E-3	30.794403E-6	0.0000000E+0	NaN
81.199993E-6	30.652113E-3	-99.026969E-6	0.0000000E+0	NaN	30.521818E-3	81.718921E-6	0.0000000E+0	NaN
81.399994E-6	30.720863E-3	-55.875120E-6	0.0000000E+0	NaN	30.596444E-3	37.645481E-6	0.0000000E+0	NaN
81.599996E-6	30.731287E-3	39.557654E-6	0.0000000E+0	NaN	30.598840E-3	-63.392195E-6	0.0000000E+0	NaN
81.799997E-6	30.733809E-3	65.066626E-6	0.0000000E+0	NaN	30.646469E-3	-49.388036E-6	0.0000000E+0	NaN
81.999999E-6	30.721616E-3	24.846258E-6	0.0000000E+0	NaN	30.642848E-3	1.0557608E-6	0.0000000E+0	NaN
82.199993E-6	30.749688E-3	-46.900430E-6	0.0000000E+0	NaN	30.553428E-3	50.306004E-6	0.0000000E+0	NaN
82.399994E-6	30.781670E-3	-67.418667E-6	0.0000000E+0	NaN	30.597784E-3	60.309460E-6	0.0000000E+0	NaN
82.599996E-6	30.755518E-3	-4.5449538E-6	0.0000000E+0	NaN	30.689750E-3	-17.395640E-6	0.0000000E+0	NaN
82.799997E-6	30.746020E-3	50.743067E-6	0.0000000E+0	NaN	30.687843E-3	-80.902886E-6	0.0000000E+0	NaN
82.999992E-6	30.776110E-3	72.557428E-6	0.0000000E+0	NaN	30.692628E-3	-43.394117E-6	0.0000000E+0	NaN
83.199993E-6	30.769501E-3	-10.342320E-6	0.0000000E+0	NaN	30.725880E-3	33.523691E-6	0.0000000E+0	NaN
83.399995E-6	30.759988E-3	-69.600537E-6	0.0000000E+0	NaN	30.732797E-3	50.699327E-6	0.0000000E+0	NaN
83.599996E-6	30.736547E-3	-51.256429E-6	0.0000000E+0	NaN	30.688263E-3	17.610762E-6	0.0000000E+0	NaN
83.799998E-6	30.811975E-3	43.286163E-6	0.0000000E+0	NaN	30.667238E-3	-51.188817E-6	0.0000000E+0	NaN
83.999992E-6	30.871689E-3	85.774329E-6	0.0000000E+0	NaN	30.725567E-3	-51.825304E-6	0.0000000E+0	NaN
84.199994E-6	30.904718E-3	24.995094E-6	0.0000000E+0	NaN	30.699966E-3	6.5621707E-6	0.0000000E+0	NaN
84.399995E-6	30.949105E-3	-52.753439E-6	0.0000000E+0	NaN	30.733004E-3	75.848446E-6	0.0000000E+0	NaN
84.599997E-6	31.012582E-3	-78.252036E-6	0.0000000E+0	NaN	30.713430E-3	30.723189E-6	0.0000000E+0	NaN
84.799998E-6	31.055234E-3	-3.5433843E-6	0.0000000E+0	NaN	30.730184E-3	-29.998395E-6	0.0000000E+0	NaN
84.999992E-6	31.110018E-3	59.820297E-6	0.0000000E+0	NaN	30.736208E-3	-82.231425E-6	0.0000000E+0	NaN
85.199994E-6	31.130923E-3	60.777456E-6	0.0000000E+0	NaN	30.771399E-3	-36.539634E-6	0.0000000E+0	NaN
85.399995E-6	31.205652E-3	-11.014405E-6	0.0000000E+0	NaN	30.826069E-3	55.894387E-6	0.0000000E+0	NaN
85.599997E-6	31.174084E-3	-79.139230E-6	0.0000000E+0	NaN	30.846372E-3	66.276349E-6	0.0000000E+0	NaN
85.799998E-6	31.211790E-3	-51.404964E-6	0.0000000E+0	NaN	30.896572E-3	-8.8534116E-6	0.0000000E+0	NaN
85.999993E-6	31.139923E-3	10.460797E-6	0.0000000E+0	NaN	30.954115E-3	-57.534446E-6	0.0000000E+0	NaN
86.199994E-6	31.089069E-3	78.725403E-6	0.0000000E+0	NaN	31.023305E-3	-73.291958E-6	0.0000000E+0	NaN
86.399996E-6	31.025955E-3	36.435467E-6	0.0000000E+0	NaN	31.000145E-3	14.201776E-6	0.0000000E+0	NaN
86.599997E-6	30.902250E-3	-62.180916E-6	0.0000000E+0	NaN	31.077512E-3	67.777110E-6	0.0000000E+0	NaN
86.799992E-6	30.876359E-3	-93.652015E-6	0.0000000E+0	NaN	31.082073E-3	40.153038E-6	0.0000000E+0	NaN
86.999993E-6	30.785792E-3	-25.104055E-6	0.0000000E+0	NaN	31.083189E-3	-24.794388E-6	0.0000000E+0	NaN
87.199995E-6	30.731371E-3	26.849839E-6	0.0000000E+0	NaN	31.112470E-3	-95.225943E-6	0.0000000E+0	NaN
87.399996E-6	30.677572E-3	72.799376E-6	0.0000000E+0	NaN	31.168116E-3	-14.674871E-6	0.0000000E+0	NaN
87.599998E-6	30.664183E-3	11.803473E-6	0.0000000E+0	NaN	31.161087E-3	63.914347E-6	0.0000000E+0	NaN
87.799992E-6	30.677887E-3	-70.372094E-6	0.0000000E+0	NaN	31.182609E-3	67.936802E-6	0.0000000E+0	NaN
87.999993E-6	30.676311E-3	-53.739233E-6	0.0000000E+0	NaN	31.160662E-3	-21.565820E-6	0.0000000E+0	NaN
88.199995E-6	30.635986E-3	-464.17222E-9	0.0000000E+0	NaN	31.134915E-3	-71.713992E-6	0.0000000E+0	NaN
88.399996E-6	30.639375E-3	82.409613E-6	0.0000000E+0	NaN	31.145105E-3	-34.095730E-6	0.0000000E+0	NaN
88.599998E-6	30.618344E-3	51.760351E-6	0.0000000E+0	NaN	31.119604E-3	25.363805E-6	0.0000000E+0	NaN
88.799992E-6	30.655876E-3	-28.288667E-6	0.0000000E+0	NaN	31.074906E-3	73.361145E-6	0.0000000E+0	NaN
88.999994E-6	30.661909E-3	-88.381770E-6	0.0000000E+0	NaN	31.024640E-3	13.225128E-6	0.0000000E+0	NaN
89.199995E-6	30.590273E-3	-44.157347E-6	0.0000000E+0	NaN	30.957418E-3	-67.165842E-6	0.0000000E+0	NaN
89.399997E-6	30.476883E-3	20.873238E-6	0.0000000E+0	NaN	30.908721E-3	-57.839785E-6	0.0000000E+0	NaN
89.599998E-6	30.485472E-3	65.574823E-6	0.0000000E+0	NaN	30.929502E-3	-3.1722852E-6	0.0000000E+0	NaN
89.799993E-6	30.419307E-3	20.782447E-6	0.0000000E+0	NaN	30.870613E-3	69.857699E-6	0.0000000E+0	NaN
89.999994E-6	30.394435E-3	-59.561065E-6	0.0000000E+0	NaN	30.874353E-3	55.120174E-6	0.0000000E+0	NaN
90.199996E-6	30.361574E-3	-95.301912E-6	0.0000000E+0	NaN	30.904874E-3	-39.558170E-6	0.0000000E+0	NaN
90.399997E-6	30.415203E-3	-33.912573E-6	0.0000000E+0	NaN	30.892743E-3	-65.907763E-6	0.0000000E+0	NaN
90.599991E-6	30.375434E-3	49.366208E-6	0.0000000E+0	NaN	30.893169E-3	-33.661396E-6	0.0000000E+0	NaN
90.799993E-6	30.170672E-3	68.003879E-6	0.0000000E+0	NaN	30.892281E-3	43.425363E-6	0.0000000E+0	NaN
90.999994E-6	30.171160E-3	-5.9326180E-6	0.0000000E+0	NaN	30.902693E-3	78.394587E-6	0.0000000E+0	NaN
91.199996E-6	30.210454E-3	-82.818449E-6	0.0000000E+0	NaN	30.908324E-3	17.033730E-6	0.0000000E+0	NaN
91.399997E-6	30.253464E-3	-55.571330E-6	0.0000000E+0	NaN	30.874681E-3	-76.635297E-6	0.0000000E+0	NaN
91.599992E-6	30.251279E-3	13.275871E-6	0.0000000E+0	NaN	30.897556E-3	-71.632370E-6	0.0000000E+0	NaN
91.799993E-6	30.312087E-3	55.209373E-6	0.0000000E+0	NaN	30.894060E-3	22.841577E-6	0.0000000E+0	NaN
91.999995E-6	30.400036E-3	27.017608E-6	0.0000000E+0	NaN	30.915841E-3	80.442289E-6	0.0000000E+0	NaN
92.199996E-6	30.468240E-3	-49.601978E-6	0.0000000E+0	NaN	30.869618E-3	27.601203E-6	0.0000000E+0	NaN
92.399998E-6	30.517058E-3	-76.886150E-6	0.0000000E+0	NaN	30.852528E-3	-45.317829E-6	0.0000000E+0	NaN
92.599992E-6	30.551761E-3	-26.433936E-6	0.0000000E+0	NaN	30.829415E-3	-60.334318E-6	0.0000000E+0	NaN
92.799994E-6	30.584335E-3	55.371391E-6	0.0000000E+0	NaN	30.859081E-3	-27.219770E-6	0.0000000E+0	NaN
92.999995E-6	30.593915E-3	71.063754E-6	0.0000000E+0	NaN	30.766010E-3	64.571883E-6	0.0000000E+0	NaN
93.199997E-6	30.649550E-3	-7.3158044E-6	0.0000000E+0	NaN	30.729193E-3	61.502004E-6	0.0000000E+0	NaN
93.399991E-6	30.676369E-3	-106.18698E-6	0.0000000E+0	NaN	30.654693E-3	-3.9319330E-6	0.0000000E+0	NaN
93.599992E-6	30.675195E-3	-41.140269E-6	0.0000000E+0	NaN	30.620759E-3	-79.611760E-6	0.0000000E+0	NaN
93.799994E-6	30.692721E-3	31.261199E-6	0.0000000E+0	NaN	30.557850E-3	-67.659879E-6	0.0000000E+0	NaN
93.999995E-6	30.731728E-3	72.185554E-6	0.0000000E+0	NaN	30.534355E-3	12.293148E-6	0.0000000E+0	NaN
94.199997E-6	30.675812E-3	-5.4544403E-6	0.0000000E+0	NaN	30.505866E-3	64.044230E-6	0.0000000E+0	NaN
94.399991E-6	30.561330E-3	-56.410154E-6	0.0000000E+0	NaN	30.415317E-3	29.159715E-6	0.0000000E+0	NaN
94.599993E-6	30.597104E-3	-80.216661E-6	0.0000000E+0	NaN	30.423574E-3	-37.554873E-6	0.0000000E+0	NaN
94.799994E-6	31.672627E-3	1.5818294E-3	0.0000000E+0	NaN	32.911051E-3	709.01640E-6	0.0000000E+0	NaN
94.999996E-6	31.354625E-3	1.2701884E-3	0.0000000E+0	NaN	31.856287E-3	599.13314E-6	0.0000000E+0	NaN
95.199997E-6	31.671278E-3	905.32238E-6	0.0000000E+0	NaN	30.411059E-3	1.0050862E-3	0.0000000E+0	NaN
95.399992E-6	31.528343E-3	-35.525863E-6	0.0000000E+0	NaN	30.445691E-3	335.37389E-6	0.0000000E+0	NaN
95.599993E-6	31.587977E-3	152.16689E-6	0.0000000E+0	NaN	32.034956E-3	966.37412E-6	0.0000000E+0	NaN
95.799995E-6	31.588543E-3	786.25436E-6	0.0000000E+0	NaN	33.042371E-3	1.0879034E-3	0.0000000E+0	NaN
95.999996E-6	31.389061E-3	1.3155440E-3	0.0000000E+0	NaN	30.572973E-3	-50.426006E-6	0.0000000E+0	NaN
96.199998E-6	30.665983E-3	1.2487685E-3	0.0000000E+0	NaN	31.560536E-3	23.271263E-6	0.0000000E+0	0.0000000E+0
96.399992E-6	30.897550E-3	92.634604E-6	0.0000000E+0	NaN	30.600637E-3	1.3690718E-3	0.0000000E+0	0.0000000E+0
96.599993E-6	32.613829E-3	456.99411E-6	0.0000000E+0	NaN	31.527940E-3	1.5867440E-3	0.0000000E+0	0.0000000E+0
96.799995E-6	32.405894E-3	1.1838791E-3	0.0000000E+0	NaN	32.355756E-3	1.3780749E-3	0.0000000E+0	0.0000000E+0
96.999996E-6	32.190952E-3	1.8105401E-3	0.0000000E+0	NaN	31.613447E-3	629.09874E-6	0.0000000E+0	0.0000000E+0
97.199991E-6	30.844003E-3	1.0231639E-3	0.0000000E+0	NaN	32.414924E-3	521.75013E-6	0.0000000E+0	0.0000000E+0
97.399992E-6	31.825300E-3	270.84633E-6	0.0000000E+0	NaN	31.180615E-3	1.6298329E-3	0.0000000E+0	0.0000000E+0
97.599994E-6	30.883627E-3	-38.214483E-6	0.0000000E+0	NaN	31.977527E-3	2.4599354E-3	0.0000000E+0	0.0000000E+0
97.799995E-6	30.901028E-3	-83.205865E-6	0.0000000E+0	NaN	32.295708E-3	1.5125524E-3	0.0000000E+0	0.0000000E+0
97.999997E-6	31.875774E-3	823.66378E-6	0.0000000E+0	NaN	33.085626E-3	1.1242299E-3	0.0000000E+0	0.0000000E+0
98.199991E-6	31.312592E-3	885.96833E-6	0.0000000E+0	NaN	31.455871E-3	102.30437E-6	0.0000000E+0	0.0000000E+0
98.399993E-6	31.043407E-3	482.32902E-6	0.0000000E+0	NaN	30.623710E-3	711.98022E-6	0.0000000E+0	0.0000000E+0
98.599994E-6	33.741668E-3	541.24952E-6	0.0000000E+0	NaN	30.599553E-3	1.3929439E-3	0.0000000E+0	0.0000000E+0
98.799996E-6	32.904807E-3	510.38439E-6	0.0000000E+0	NaN	30.641373E-3	867.59991E-6	0.0000000E+0	0.0000000E+0
98.999997E-6	33.583447E-3	1.3167873E-3	0.0000000E+0	NaN	32.506656E-3	2.0742444E-3	0.0000000E+0	0.0000000E+0
99.199991E-6	31.851001E-3	2.3393764E-3	0.0000000E+0	NaN	33.162098E-3	595.60128E-6	0.0000000E+0	0.0000000E+0
99.399993E-6	31.527415E-3	1.9875646E-3	0.0000000E+0	NaN	34.055643E-3	1.5349836E-3	0.0000000E+0	0.0000000E+0
99.599994E-6	31.932097E-3	748.39301E-6	0.0000000E+0	NaN	31.341363E-3	1.2161044E-3	0.0000000E+0	0.0000000E+0
99.799996E-6	34.139447E-3	1.3388303E-3	0.0000000E+0	NaN	31.527296E-3	1.9946781E-3	0.0000000E+0	0.0000000E+0
99.999997E-6	33.260189E-3	928.92488E-6	0.0000000E+0	NaN	33.175055E-3	2.4264690E-3	0.0000000E+0	0.0000000E+0
